TRANSACTION 1587190005.979359 340d784a17e994858c96389f9d8cbb17 2 1 137 207108.278021
TRANSACTION 1587190006.493417 00b8195bd9146dfce78d2ea984923f09 5 7 453 207108.287974
TRANSACTION 1587190006.525465 34fb0bb602700d3b9aa4a116ba713a31 3 8 17 207108.349654
TRANSACTION 1587190006.845755 05284cfe5bc4a9995ca13c3c72d26eb3 7 3 433 207108.349664
TRANSACTION 1587190007.001086 16a994a3dbda0a5ed6953f52d769ada9 3 9 51 207108.363083
TRANSACTION 1587190007.074403 7f669f162b94f0573a44631c3078de16 9 2 45 207108.427093
TRANSACTION 1587190007.127938 f78cede42a8f7cb7d54df01f20d20a3b 3 8 143 207108.481163
TRANSACTION 1587190007.188504 9a660a43c79fb93fec107b121c968e02 4 9 85 207108.542780
TRANSACTION 1587190007.242953 73531223ff2b1dba59accf55beb15a93 1 3 429 207108.596178
TRANSACTION 1587190007.265365 4dc8b8d82742695f2f77d12a53004441 2 8 1318 207108.617691
TRANSACTION 1587190007.273664 f2c4297f7959ea4b5fe51088806c7557 8 5 2507 207108.623667
TRANSACTION 1587190007.312984 d97d864b82099eada4ef17f0050ca013 7 6 16 207108.662722
TRANSACTION 1587190007.323417 4e8a44206c224c869d3d255ad9a7fe28 4 8 43 207108.677465
TRANSACTION 1587190007.353857 035da1977b2c5f49e4d4111fc6c552e3 9 10 11 207108.707430
TRANSACTION 1587190007.422320 eb5c2c662e9fd5f27912a42a5e508629 5 4 1065 207108.776709
TRANSACTION 1587190007.423774 a8613ad8a73ee8cb4a6b66dafe15efa1 8 3 114 207108.777085
TRANSACTION 1587190007.443091 49bc78ac0afd7bfe4142dd72e25ee419 2 9 316 207108.793749
TRANSACTION 1587190007.466430 974b07bb085aea82ddb5b3468902a86b 5 6 246 207108.819810
TRANSACTION 1587190007.472202 dba5a2226721ec6982feef54e9b5f6be 3 2 75 207108.829861
TRANSACTION 1587190007.482514 9eddabdf42a0a68003df4677e7bc2c02 8 7 1 207108.836578
TRANSACTION 1587190007.496830 362b86b9436f5485422dfc5e322d636b 5 2 620 207108.848879
TRANSACTION 1587190007.542199 aaa796a5e7d4497e425f75bb9fb27dfc 3 10 99 207108.896314
TRANSACTION 1587190007.650780 b76b188f281deb016e7932c486ee25df 9 5 114 207109.004054
TRANSACTION 1587190007.678200 c66a870663fa288a4cb55e8b23143800 3 7 455 207109.030910
TRANSACTION 1587190007.699520 91740dee9b2e66e14f8374292e4d7c56 0 6 753 207109.052223
TRANSACTION 1587190007.740889 b19c09ea3bbb1a92621d2fcb8afbc9ba 9 5 197 207109.094289
TRANSACTION 1587190007.796356 1d12066f20aa2e32bcd26c268fc9b359 10 5 106 207109.149600
TRANSACTION 1587190007.965948 0d19a24490f62110995fbd7e27ebdd5d 5 7 313 207109.319486
TRANSACTION 1587190007.973421 88a609df5893b1d7104fd6489dbecec9 6 7 473 207109.326349
TRANSACTION 1587190008.023864 366ebf1758e5ee64ce967710c51d5886 9 4 38 207109.377536
TRANSACTION 1587190008.044289 2ff1e5c3d08b428b20685e2a55d97214 2 3 372 207109.397699
TRANSACTION 1587190008.092738 12ef01f1e49ea6d8bf7b1955052675fd 9 11 15 207109.447399
TRANSACTION 1587190008.101129 788d8f182cf149fc0766803587166a5e 2 3 23 207109.453865
TRANSACTION 1587190008.252629 b1a556a1c942eddb6c92f202db7f963a 9 5 29 207109.606365
TRANSACTION 1587190008.272049 b723986204e88322b1df33ac3901eaed 9 6 3 207109.625417
TRANSACTION 1587190008.291373 26621f3c68986c122c03b7296303d694 8 6 4 207109.644125
TRANSACTION 1587190008.385816 ffea4bc28366e3990ac0d4774012aa78 10 5 4 207109.739958
TRANSACTION 1587190008.681578 db1faf32fbd3bd0da9f8de433415cfe7 11 12 11 207110.035846
TRANSACTION 1587190008.697013 eb637c37440e98bc203e016a13f4806d 11 7 3 207110.050111
TRANSACTION 1587190008.713386 ece1fce8495e0a0fa9cc190f57e540ce 10 9 7 207110.066584
TRANSACTION 1587190008.771802 9ff75fb9534e45b31775e4a2dd685821 11 5 1 207110.125545
TRANSACTION 1587190008.864313 fe6734177efd789c58543647780d8b77 3 13 238 207110.218518
TRANSACTION 1587190008.990905 9582c8aa9db86180dba30219dd69e1a0 13 14 177 207110.345405
TRANSACTION 1587190009.044404 b0415855326b5ec6cbf6673019329a50 1 9 466 207110.398256
TRANSACTION 1587190009.075822 8ff1d752808b4bb49b973c7759a5ba1d 7 11 631 207110.429070
TRANSACTION 1587190009.144252 879b1c944bb424a3dd0c7d769eae9108 11 2 209 207110.498270
TRANSACTION 1587190009.288825 1dcf17edd49f09aa065337bdf9171398 2 6 224 207110.642211
TRANSACTION 1587190009.366313 ca897c6482bf92898787223d0d484a50 2 6 134 207110.718591
TRANSACTION 1587190009.373779 8194294fdd8ca96d56e9fa1c1f48061a 1 2 46 207110.725950
TRANSACTION 1587190009.462239 03c4de758f6d6f70f3c4bbaa3b675f6d 3 13 124 207110.816297
TRANSACTION 1587190009.502724 80f26ada1ec2871c2baaea681890215f 6 9 778 207110.852057
TRANSACTION 1587190009.571203 ee8e8a9a241e87f5e384da9d569db64c 9 13 227 207110.921240
TRANSACTION 1587190009.641711 39a38e99c3277dc646cad4b7b7bc9b4b 1 3 183 207110.992843
TRANSACTION 1587190009.679143 b630dbf81206d77dbe8cddec825b7996 4 7 302 207111.029933
TRANSACTION 1587190009.724550 58bb037cd30b9e6c49c3da913e6abb18 12 15 1 207111.074158
TRANSACTION 1587190009.852087 5a813674c0e94c0a7d466a5be6cae509 8 14 1 207111.205597
TRANSACTION 1587190009.862521 5333fac3a33deb4bd602e1c8d2a34637 12 10 5 207111.219974
TRANSACTION 1587190009.881821 dc3b4f3b26d900123f48d6ef16e46c7c 5 1 280 207111.234420
TRANSACTION 1587190009.885121 9ac844c4c5307244e53ef2a02b1931e2 1 7 215 207111.247221
TRANSACTION 1587190009.967541 2206593f7edc8d601ecd147ca70b42a0 15 6 1 207111.320675
TRANSACTION 1587190009.979982 6be18ee82c31519f73269a9f9cb9c393 4 13 223 207111.332980
TRANSACTION 1587190010.007350 b369760a07d3c40c959b1751f7aab853 0 3 96 207111.359232
TRANSACTION 1587190010.052709 e85454b8bf52fd53b80d5dc710db96fc 5 8 242 207111.405605
TRANSACTION 1587190010.058053 275306193402d92d48c8ad4ce5a26f98 0 13 674 207111.411130
TRANSACTION 1587190010.195535 d4ceec5dec25d91c7a174445ef0806c6 13 2 1253 207111.548348
TRANSACTION 1587190010.269053 cc6aaa2d66172c119953fc32113104b3 11 7 145 207111.618952
TRANSACTION 1587190010.326525 c780ff449cb899ff3cb4cd3f5ba1994c 11 8 15 207111.679495
TRANSACTION 1587190010.396012 222194d2a63f2c178086f5e4af12149a 7 15 323 207111.748727
TRANSACTION 1587190010.406410 27217e366c17a0f50a5c25e8f79de66e 11 1 107 207111.758503
TRANSACTION 1587190010.449770 68bf6d38d93803d690c912d75cfe17ac 3 14 294 207111.802684
TRANSACTION 1587190010.494227 b93081aa362a7c08c859c53082a5e421 8 10 61 207111.846807
TRANSACTION 1587190010.509611 f4bc2f35a76f67e6b971018b875a5d7c 11 14 38 207111.862191
TRANSACTION 1587190010.514935 4e2493ed5b824652cfaf61fb2ab220b7 15 14 279 207111.864566
TRANSACTION 1587190010.515141 03b85fcb9ca549c2aa9d0bf5b6e34000 9 11 852 207111.874121
TRANSACTION 1587190010.535421 b1299a2cb016ac714618115067e19e2d 8 4 173 207111.889819
TRANSACTION 1587190010.542743 cb8cbfc536a0af07c4a04dd0258df4bd 5 3 178 207111.896159
TRANSACTION 1587190010.699290 bc0842161e6547509200d71ca0b3a5a0 14 1 29 207112.054183
TRANSACTION 1587190010.715740 1919db850bbc53557b68ab5621e865b8 1 12 78 207112.069147
TRANSACTION 1587190010.762090 b70e36b05728f147650734e767e2461d 1 11 10 207112.116308
TRANSACTION 1587190010.772435 400851c4215fbf9fee4fc379f46b1299 5 3 28 207112.124917
TRANSACTION 1587190010.817798 f08a1ac25a9e1ebaf33f04314924f710 15 9 16 207112.171588
TRANSACTION 1587190010.867247 6934053aee470f972514e21ea59c2dce 0 3 578 207112.217536
TRANSACTION 1587190010.872710 034aacb3cfd6755afd78df707306e8ae 15 7 11 207112.224178
TRANSACTION 1587190010.905103 3d7659324baf075bff9c222d3f35b3ff 0 8 573 207112.255223
TRANSACTION 1587190011.004690 deb5198fbe4430fba5f91aacf6195b8c 8 2 343 207112.356217
TRANSACTION 1587190011.060292 593e24838971a1d1166e482e7431abfe 8 4 15 207112.414555
TRANSACTION 1587190011.272980 a78407d0b4ed2641f18cfa4fbb7206bf 4 13 178 207112.627244
TRANSACTION 1587190011.316638 9634b6763bbfc60460b60069c2ef4df1 7 15 554 207112.670607
TRANSACTION 1587190011.383264 39444d9515aec0439cc05e2b7f2a23ad 8 11 19 207112.737840
TRANSACTION 1587190011.443868 07d8abde015c8202f53469763d14b6c6 0 14 739 207112.799697
TRANSACTION 1587190011.447345 40f8ccfd6d1cab2374bb101844321a11 15 13 116 207112.799707
TRANSACTION 1587190011.509712 5ba1b98184ffc0f1f554b73af0c298dc 3 1 260 207112.863116
TRANSACTION 1587190011.527212 080ba8f8b9668c57a2f070366254ff2d 3 16 354 207112.879735
TRANSACTION 1587190011.816857 c34a5ec25b94c5683ac507332f79e31c 5 3 4 207113.170139
TRANSACTION 1587190011.829284 c0b9b716ee1348b7afcf7e80387ee2a1 11 17 251 207113.181879
TRANSACTION 1587190011.901720 b53b6b99b062d876c06da4764caf23d0 5 16 58 207113.255526
TRANSACTION 1587190012.022287 54c122b81bcaecf48a0ef344f64ac0a5 4 3 454 207113.375736
TRANSACTION 1587190012.064774 0d3b6c57524e2e275d43195750184343 5 4 8 207113.418372
TRANSACTION 1587190012.133249 e9fa3c24a08cbcffea40ee3452c77c25 0 16 439 207113.487543
TRANSACTION 1587190012.205786 6bf80274b379b99f51cb3b809b7a29b1 15 7 304 207113.556228
TRANSACTION 1587190012.227239 70282db9ae7d170483a1bc8eca7911fd 1 5 379 207113.578956
TRANSACTION 1587190012.230604 8151efd884ccac187f2adce73fc4cfa3 15 14 134 207113.580132
TRANSACTION 1587190012.385111 bf717e358da3131783477fef5de2a933 2 15 1084 207113.735170
TRANSACTION 1587190012.466671 46e02d354017b371dccd68ee4f250eaa 9 15 168 207113.819446
TRANSACTION 1587190012.793489 71ad3e627f502e6118b581463f5acc5e 8 17 116 207114.147206
TRANSACTION 1587190012.890059 6e02ab1d6bba9386e61c9de4c5db7d06 15 6 831 207114.240455
TRANSACTION 1587190012.927525 311b435f6d7b89bfdcd0472421d31f6f 14 15 1330 207114.280998
TRANSACTION 1587190013.044078 6f00cb497854b2bbcca4fb74d26b999e 10 7 21 207114.397970
TRANSACTION 1587190013.167852 77bd6a2c9ecf50a699ae19694ff1f5ba 8 11 56 207114.522088
TRANSACTION 1587190013.180264 6a10d03f26a4ba3636007c3c8c05ae97 11 7 496 207114.533470
TRANSACTION 1587190013.183615 abb456d3e1a3c8e66b9fb65c2d27ed77 4 9 138 207114.538211
TRANSACTION 1587190013.335376 b658e52a6a759fb7200d15866ee398d8 8 15 16 207114.685748
TRANSACTION 1587190013.463962 c8f8ad95626eec70868a75420a05f0bc 1 13 115 207114.817785
TRANSACTION 1587190013.467373 d088c5684e4c7d5194a3d9ab06f530ec 10 15 25 207114.829675
TRANSACTION 1587190013.505760 ff3b5d2b801d8bdc23f2bc291cbd47d7 13 9 281 207114.858974
TRANSACTION 1587190013.522163 6285e680c85270d9d0a28d1ebf7473fa 16 5 419 207114.872098
TRANSACTION 1587190013.556551 94e50c5615ae7728d038cfecb7a5dd64 3 12 452 207114.907168
TRANSACTION 1587190013.581993 11c55ca89cbbece3144c2cfe10ef417f 14 18 208 207114.934044
TRANSACTION 1587190013.655627 1039fc89ac1b769eb86c6cbd0d827784 14 19 21 207115.009071
TRANSACTION 1587190013.716145 018f962e26775557f6dd3ad1dc2058cc 17 9 73 207115.068504
TRANSACTION 1587190013.743618 6219e451f7b96063001a8b5b5d804c69 18 19 85 207115.092483
TRANSACTION 1587190013.877139 043d4a6759b023be0d9b60f961286d0e 15 7 1219 207115.229670
TRANSACTION 1587190014.005814 2222dbd9de66caba6b0973597229f6c8 14 19 9 207115.357651
TRANSACTION 1587190014.061321 73626fcfb5b0c44c6fefa98a1e550592 9 10 95 207115.415035
TRANSACTION 1587190014.183879 745297b573cf77a6dc7fd1267f73b10d 16 15 245 207115.534607
TRANSACTION 1587190014.200287 ddc08c947578ce8d7b7ef5917deb51a1 3 7 85 207115.551035
TRANSACTION 1587190014.223663 eef7003eabaf5dcb6133a2fa73aaa711 15 4 607 207115.577140
TRANSACTION 1587190014.236038 e6e3b92b866c0740e351ffa511c334f3 13 10 46 207115.588731
TRANSACTION 1587190014.263384 8d628ff341ec7da2d984e0c226aea4c7 14 6 10 207115.613464
TRANSACTION 1587190014.288762 a898dfb72b5265f25197e3e58d0b5f43 16 19 149 207115.638770
TRANSACTION 1587190014.488355 613e6ffafcc41babf58a9170eacca454 7 15 1380 207115.841920
TRANSACTION 1587190014.522814 68718858bac8b5b8e78596cfd0663624 2 17 510 207115.874529
TRANSACTION 1587190014.571248 9e47805ca3d6756d1ae19e962f537549 5 17 471 207115.922390
TRANSACTION 1587190014.644759 5898717b6b2964031a5cb7ac4cd5744b 6 15 775 207115.997675
TRANSACTION 1587190014.649167 4273cae0c0f4b9d6c0925b1d706c9aa8 8 3 14 207116.004497
TRANSACTION 1587190014.674516 18b3e75c71ff1a5da00289b906479769 19 3 194 207116.024513
TRANSACTION 1587190014.719916 b7afe65e236c83f71b5c77181cd3bd42 4 15 483 207116.070297
TRANSACTION 1587190014.869493 dac6b175b57db62e0206e5c25379dc3f 10 17 126 207116.220396
TRANSACTION 1587190015.100228 9ed622b66709666277cb1db7abc3918b 5 15 172 207116.454624
TRANSACTION 1587190015.106699 4a406708ed07290d2e35f70f510bc2a5 7 5 520 207116.456872
TRANSACTION 1587190015.164085 7dd9d64162c194e3dd171be8c45b1ed8 12 9 261 207116.516578
TRANSACTION 1587190015.232009 aed40e872839ee0da6c4d7224e07d4f1 17 18 1265 207116.585402
TRANSACTION 1587190015.357474 403be3e3dae471fca06f530b600ccf30 6 18 113 207116.709980
TRANSACTION 1587190015.396958 f7ad68c3c819ee5917e2092cb6b68621 1 20 28 207116.747883
TRANSACTION 1587190015.422369 42ea99b060b06bb35f7a351439135ac0 15 2 2636 207116.777078
TRANSACTION 1587190015.467740 8c37c68691c567c82d29671daa4405b7 14 2 39 207116.821984
TRANSACTION 1587190015.550209 51050d5e22249c93ad7991bf9b33ecbe 19 8 20 207116.904389
TRANSACTION 1587190015.557685 59b9779b146d128ec1056eac02d77096 20 15 1 207116.909543
TRANSACTION 1587190015.615177 6c9dd88e7a6f77d4f9f95200c8db2c59 12 1 191 207116.970088
TRANSACTION 1587190015.654661 4393f61f1af355e8f414fd2088f798a6 12 6 47 207117.005187
TRANSACTION 1587190015.741221 f69f9f099715c03a3d16bf8f446834b9 19 17 1 207117.091516
TRANSACTION 1587190015.782705 873629446c67883bc926bc926c3a5907 0 7 51 207117.133623
TRANSACTION 1587190015.786077 ac6751241ea1f24f66488da21c192173 9 20 57 207117.142945
TRANSACTION 1587190015.864490 8cd79217f8197ecf7e604c01804b3a65 7 10 351 207117.215492
TRANSACTION 1587190015.917963 d600329b3f72135dc35b854accfa945b 16 19 15 207117.268389
TRANSACTION 1587190015.953427 c16715f4fd05da69b35e2ea45b8c10df 8 15 18 207117.307750
TRANSACTION 1587190016.004997 fddf7d17ff2bba9f0ff16ffe8d983f63 5 4 217 207117.359884
TRANSACTION 1587190016.033781 edeb603ddd26b97eaad1d6af80ccb4f3 5 6 308 207117.385231
TRANSACTION 1587190016.030453 904a94efcc6989f59b68a21a9e5bda81 19 14 16 207117.385240
TRANSACTION 1587190016.049064 a7aa94c5c5038aabdc482779056d8c72 18 8 1453 207117.400973
TRANSACTION 1587190016.076378 91a1fce0570f1c2b383713d3bb27acac 6 21 261 207117.430115
TRANSACTION 1587190016.122718 b647eb5a88130fba06e832e934fe3c9d 14 15 3 207117.473259
TRANSACTION 1587190016.208171 4724cb55babbed39dda46e98771c5a8f 15 8 11 207117.563402
TRANSACTION 1587190016.233871 754d11f4eabff985ebf4290da334580b 9 20 255 207117.584381
TRANSACTION 1587190016.233631 c0f3b8e6c5443a208ac9e40cf39ea7ec 17 2 99 207117.593194
TRANSACTION 1587190016.278198 94cd322fc71c5013293ddd29b32a7311 10 9 261 207117.630699
TRANSACTION 1587190016.346637 da84b428f46d3392fe998993b3ce2051 5 20 86 207117.698773
TRANSACTION 1587190016.398098 27cf14b59655889577d13cdf7b89d2be 21 13 146 207117.750270
TRANSACTION 1587190016.418491 c9e0d4ae02dcb2f45ab10a9a778eaa99 17 8 36 207117.769726
TRANSACTION 1587190016.425854 ed62f4fe60c4db9321c29d3611238210 3 8 279 207117.779559
TRANSACTION 1587190016.521566 58e7317be2f7222542604c1e7018c974 7 1 178 207117.872309
TRANSACTION 1587190016.538965 9a6c6039c0ad3d55f7be0f7a46b6fb26 16 3 15 207117.893111
TRANSACTION 1587190016.649866 947208651160affb53d9fdaacd68a2f4 2 11 1857 207118.004572
TRANSACTION 1587190016.722254 da241b0e7d41e6e713f2dc1f5c68b226 21 13 27 207118.073280
TRANSACTION 1587190016.732659 356392293863f5eab4d23b71e2b55b42 3 6 3 207118.082020
TRANSACTION 1587190016.806068 8fc7d0a21bfbb237143e23a26e9259f5 5 4 38 207118.160284
TRANSACTION 1587190016.830507 a3681bcd0fe7ddb48def4083e84bf05b 13 21 281 207118.183816
TRANSACTION 1587190016.904977 8e40eb5368295a5ccbb5578029a38ad5 7 10 121 207118.259798
TRANSACTION 1587190016.940533 427f0b36f3afeb1e629f1b61e44f11f5 14 2 2 207118.295597
TRANSACTION 1587190017.110117 298c8dee0ca7ece5e418d3fb099625e7 14 8 1 207118.464857
TRANSACTION 1587190017.147515 2e6c16c94a1e45fb95c8bed3f48189a8 19 20 3 207118.502827
TRANSACTION 1587190017.167917 50e057274fa285ab1c82ab33407cd17a 17 22 1 207118.521277
TRANSACTION 1587190017.200528 a2fab480f5f6ff1f76713e5d9e28e72c 5 19 7 207118.557068
TRANSACTION 1587190017.200303 56a0f6c923f06ce1cbe60da7c6b03180 15 6 196 207118.557078
TRANSACTION 1587190017.232846 aacaa3cdf917adbd21aa037bdfdce0ff 1 21 453 207118.586271
TRANSACTION 1587190017.445431 ba69de686d6447710b31fb2925cdb3eb 5 21 1 207118.799751
TRANSACTION 1587190017.449834 72ca889648495da54fa3022db31794c1 13 3 14 207118.806486
TRANSACTION 1587190017.579278 8f8bd08c8e55fa4d61f5671165981448 8 15 1581 207118.934730
TRANSACTION 1587190017.594782 d1b7a58760133c5de4e2af23b7ff17ec 11 19 941 207118.945916
TRANSACTION 1587190017.675642 9525ba44d86bec1050856fedf39a6f94 8 7 56 207119.026879
TRANSACTION 1587190017.672215 564c99ec5f2af0a42029c546e8622b14 6 19 95 207119.031584
TRANSACTION 1587190017.689931 f672640abc3d34ee2c9d288970b00cf9 1 6 61 207119.043364
TRANSACTION 1587190017.794386 a3bb495a1b83f3a51a9090a1991e8a56 11 3 506 207119.148616
TRANSACTION 1587190017.816816 8978fe97af4b37f5fcc5d7b1e8bbf33b 1 2 38 207119.166484
TRANSACTION 1587190017.870237 52e7c6fd508a49d73ccdbd65af206ca2 5 22 10 207119.225331
TRANSACTION 1587190017.940756 04375d8ced82bd0c2a1229e94cb506b2 10 2 180 207119.289820
TRANSACTION 1587190017.963266 f23e3b502fb2fe370d01b3759a124947 12 14 28 207119.322217
TRANSACTION 1587190017.983681 484b6e4e53ffb3ed34f4b345ff75c755 22 23 10 207119.381341
TRANSACTION 1587190018.000021 3a19ca97997d5f1698438821a8e2bbe3 17 9 1 207119.381437
TRANSACTION 1587190018.078476 0bfca005b6d0a595fb1d9f22b53580d4 21 16 495 207119.444453
TRANSACTION 1587190018.156000 1d6a75c87ae69a8723fcb8ce13e8547e 12 10 3 207119.530515
TRANSACTION 1587190018.164413 b1974a8800a7d50c83f4d7f5f3f160e2 16 23 248 207119.530526
TRANSACTION 1587190018.187735 620ce39b91f93c2ebcd5ff20a289cc80 15 11 6 207119.550087
TRANSACTION 1587190018.204094 9f1001d49fa8c939694eb2b5e063cc77 12 10 4 207119.566086
TRANSACTION 1587190018.248468 0d130ba50f16760e4d55e1e07c615a2e 18 13 391 207119.611653
TRANSACTION 1587190018.384021 68dd51d3cd57636f427e7e4b00c10c98 13 14 252 207119.746674
TRANSACTION 1587190018.406576 ad9beee86df0328520c22f31a6db36a3 19 23 389 207119.765531
TRANSACTION 1587190018.463044 02e35d1bb4f27136de4bd0d0bcba1ec4 6 4 102 207119.823374
TRANSACTION 1587190018.503509 8b554a2d12174250116a66dc60b610ef 21 2 238 207119.862074
TRANSACTION 1587190018.530956 7808514e7941208f734ac3aa03243d9b 10 1 17 207119.896258
TRANSACTION 1587190018.539372 2850b507d1c7fb2fe1f7da48a1e85702 3 13 92 207119.896268
TRANSACTION 1587190018.566709 08acc5c4cd2e61ed192d4b13bfaf007f 0 13 103 207119.924205
TRANSACTION 1587190018.606156 d2e0328326be0f8d20eb6954f1f2fc09 16 1 82 207119.962277
TRANSACTION 1587190018.698684 f46c5bba4eecba8f13e4fafcb46e5dd8 15 4 1425 207120.054748
TRANSACTION 1587190018.783240 34b386737a02419cf84f0c79b7b39244 19 9 447 207120.139779
TRANSACTION 1587190018.847231 316d1b817e5f1a3e4cc7a21b37fde431 3 21 545 207120.204610
TRANSACTION 1587190018.966811 7b018dd1638639210c0ced439f0c93c8 14 9 229 207120.324340
TRANSACTION 1587190018.979923 2584a7dd8d02d9782f83a9b9c68ba0eb 21 13 357 207120.338969
TRANSACTION 1587190018.978413 7313b1bed5162448c744283bcf6c9874 20 12 151 207120.338979
TRANSACTION 1587190019.014387 df3f69e80fd5a596115c3797e40a4025 20 7 2 207120.370108
TRANSACTION 1587190019.014696 3f8e909897b0dfe8d18260a3fb811bdd 22 7 1 207120.378466
TRANSACTION 1587190023.665910 f09198e4b4bc59f153d6116879ccd087 6 24 126 207125.014948
TRANSACTION 1587190025.565387 67ca40a884bdde97ca7356d1cf646cf5 14 2 53 207126.914460
TRANSACTION 1587190026.988749 d30258652705e4c217fd50a261e2b18f 8 9 20 207128.337915
TRANSACTION 1587190034.016246 a1fe3a36337319e63a8fedf969f899ee 9 24 467 207135.365431
TRANSACTION 1587190040.445125 ba40026d00ea3b0629b9f75edd4dcbf7 13 27 79 207141.794278
TRANSACTION 1587190041.812164 6aad123c618c067abd57790fc745ba74 24 28 47 207143.161216
TRANSACTION 1587190042.094253 30bafd491ad5936f33736453219e14f5 29 18 17 207143.443315
TRANSACTION 1587190046.915286 ef6341235a7536ad8f72530b109958a1 18 33 4 207148.264348
TRANSACTION 1587190053.735383 03e48fde390ee9e280b20c417d1b588b 23 27 233 207155.084420
TRANSACTION 1587190057.395764 abf5ffcc86f456d805b1f1bfa0dd9128 13 1 701 207158.744824
TRANSACTION 1587190061.373254 d9e972c0c27e4a6f43f830aa176a6d73 45 5 1557 207162.722284
TRANSACTION 1587190063.044773 2d18d7f11b6dd9e9629cde6ccc031738 35 33 289 207164.393891
TRANSACTION 1587190081.886220 7486266063fc72d1af00fc7d9a0fd568 11 13 110 207183.235263
TRANSACTION 1587190093.891274 95dffa7eeb9b64a471e40f97897cbd42 30 23 18 207195.240413
TRANSACTION 1587190097.445908 3786c79b526afef2c48410d258117519 21 40 179 207198.795040
TRANSACTION 1587190100.735289 37fbb7cbf283d9411afb199c981f23b0 18 16 2 207202.084401
TRANSACTION 1587190102.946341 f99cea04c420fd85f3f0698b115d1b08 62 14 6 207204.295479
TRANSACTION 1587190117.582394 5bab2931416fd8a5566f909879670e6a 54 32 1111 207218.931476
TRANSACTION 1587190121.742207 00cdf89059936fbaf51d16e046106ec4 2 16 1150 207223.091550
TRANSACTION 1587190129.311660 fce95739268927a1faddd1e7ad9cbaf3 76 50 17 207230.660810
TRANSACTION 1587190129.328089 c56184b7e8091c45e06e8ef491beb79b 7 72 1202 207230.677105
TRANSACTION 1587190135.555207 03f45cb890afe7b6a46d5bc8d6362a35 54 35 15 207236.904302
TRANSACTION 1587190137.569817 c99a796fbdb79cdca7e3ca120981f9b2 5 33 34 207238.918823
TRANSACTION 1587190137.730711 c6a2324d3edc00af16b3ad6ab21ca503 59 66 1062 207239.079877
TRANSACTION 1587190140.143061 245e79e2dfb59fab6bd12d2e7cc59457 40 10 183 207241.492386
TRANSACTION 1587190147.161268 273412f03bde7dc37d64893a0a07b534 35 18 34 207248.510239
TRANSACTION 1587190158.658545 79bae2acfc39b210de25770122f5cc5d 48 42 616 207260.007553
TRANSACTION 1587190159.788259 fba476f1442c4c0946b38fb298919648 46 16 25 207261.137328
TRANSACTION 1587190161.794272 9e22d5817c88442ce633bdc011da5752 21 9 9 207263.143307
TRANSACTION 1587190162.785419 f72ffb3b61ba6b12188245541588a8be 73 21 10 207264.134412
TRANSACTION 1587190165.961820 7131d70d850d079dc16c7a5b8bb674ed 75 42 159 207267.310889
TRANSACTION 1587190166.277498 d36227af0684728ab7c3810b49023a27 74 64 1 207267.626655
TRANSACTION 1587190169.850833 828a212e1997ec1d446ac645df654d24 6 7 11 207271.199957
TRANSACTION 1587190171.504163 ce9c33520f6fb9a0864a76fd7a16b6c7 4 2 116 207272.853322
TRANSACTION 1587190172.140806 13c6ad19e8a92b84f5786f93e52d00a5 84 36 731 207273.489986
TRANSACTION 1587190174.222094 d107d3c19327b277aea2363af6cca92e 12 74 1236 207275.571080
TRANSACTION 1587190176.486640 25b6ae688ff508ea727a9c642091197a 29 1 1 207277.835732
TRANSACTION 1587190176.507061 2bb319630dc2fa4d3647b81b01eb9526 27 3 71 207277.856085
TRANSACTION 1587190192.580102 515bbdfe3f657898ba4222569c03eb23 92 27 12 207293.929294
TRANSACTION 1587190206.340346 8eb7cf2e71fe4f3ae729160da45865f9 95 35 16 207307.689474
