TRANSACTION 1587190005.967458 b46a0a713d96b511429d61512c72e134 0 2 743 207108.237519
TRANSACTION 1587190006.000538 9474fddf8bcb6238b77a7b6019e49264 4 1 71 207108.239107
TRANSACTION 1587190006.060255 517ed4a5657089e7c1b944b3f9efefb7 1 5 89 207108.247341
TRANSACTION 1587190006.088533 a065478c1ba2893c549fda3bbb7dbed8 5 6 291 207108.250037
TRANSACTION 1587190006.518889 f9522a5d39d0751189d7fd8e0f1ffb82 6 5 30 207108.250046
TRANSACTION 1587190006.387441 ce131dd01744df63c79fe07d14a2bdb7 1 5 198 207108.265561
TRANSACTION 1587190006.239843 3695d3560eb128a520c9c1b75948e931 2 5 131 207108.275185
TRANSACTION 1587190005.979359 340d784a17e994858c96389f9d8cbb17 2 1 137 207108.283452
TRANSACTION 1587190006.493417 00b8195bd9146dfce78d2ea984923f09 5 7 453 207108.291850
TRANSACTION 1587190006.525465 34fb0bb602700d3b9aa4a116ba713a31 3 8 17 207108.356710
TRANSACTION 1587190006.845755 05284cfe5bc4a9995ca13c3c72d26eb3 7 3 433 207108.356721
TRANSACTION 1587190007.001086 16a994a3dbda0a5ed6953f52d769ada9 3 9 51 207108.372914
TRANSACTION 1587190007.074403 7f669f162b94f0573a44631c3078de16 9 2 45 207108.436958
TRANSACTION 1587190007.127938 f78cede42a8f7cb7d54df01f20d20a3b 3 8 143 207108.489542
TRANSACTION 1587190007.188504 9a660a43c79fb93fec107b121c968e02 4 9 85 207108.550949
TRANSACTION 1587190007.242953 73531223ff2b1dba59accf55beb15a93 1 3 429 207108.604763
TRANSACTION 1587190007.265365 4dc8b8d82742695f2f77d12a53004441 2 8 1318 207108.635768
TRANSACTION 1587190007.273664 f2c4297f7959ea4b5fe51088806c7557 8 5 2507 207108.635779
TRANSACTION 1587190007.312984 d97d864b82099eada4ef17f0050ca013 7 6 16 207108.685696
TRANSACTION 1587190007.323417 4e8a44206c224c869d3d255ad9a7fe28 4 8 43 207108.685706
TRANSACTION 1587190007.353857 035da1977b2c5f49e4d4111fc6c552e3 9 10 11 207108.716050
TRANSACTION 1587190007.423774 a8613ad8a73ee8cb4a6b66dafe15efa1 8 3 114 207108.791475
TRANSACTION 1587190007.422320 eb5c2c662e9fd5f27912a42a5e508629 5 4 1065 207108.791485
TRANSACTION 1587190007.443091 49bc78ac0afd7bfe4142dd72e25ee419 2 9 316 207108.807298
TRANSACTION 1587190007.466430 974b07bb085aea82ddb5b3468902a86b 5 6 246 207108.858154
TRANSACTION 1587190007.472202 dba5a2226721ec6982feef54e9b5f6be 3 2 75 207108.858165
TRANSACTION 1587190007.482514 9eddabdf42a0a68003df4677e7bc2c02 8 7 1 207108.858168
TRANSACTION 1587190007.496830 362b86b9436f5485422dfc5e322d636b 5 2 620 207108.858170
TRANSACTION 1587190007.542199 aaa796a5e7d4497e425f75bb9fb27dfc 3 10 99 207108.905381
TRANSACTION 1587190007.650780 b76b188f281deb016e7932c486ee25df 9 5 114 207109.013476
TRANSACTION 1587190007.678200 c66a870663fa288a4cb55e8b23143800 3 7 455 207109.039473
TRANSACTION 1587190007.699520 91740dee9b2e66e14f8374292e4d7c56 0 6 753 207109.061764
TRANSACTION 1587190007.740889 b19c09ea3bbb1a92621d2fcb8afbc9ba 9 5 197 207109.104223
TRANSACTION 1587190007.796356 1d12066f20aa2e32bcd26c268fc9b359 10 5 106 207109.160559
TRANSACTION 1587190007.965948 0d19a24490f62110995fbd7e27ebdd5d 5 7 313 207109.337321
TRANSACTION 1587190007.973421 88a609df5893b1d7104fd6489dbecec9 6 7 473 207109.337332
TRANSACTION 1587190008.023864 366ebf1758e5ee64ce967710c51d5886 9 4 38 207109.388000
TRANSACTION 1587190008.044289 2ff1e5c3d08b428b20685e2a55d97214 2 3 372 207109.405100
TRANSACTION 1587190008.092738 12ef01f1e49ea6d8bf7b1955052675fd 9 11 15 207109.464372
TRANSACTION 1587190008.101129 788d8f182cf149fc0766803587166a5e 2 3 23 207109.464382
TRANSACTION 1587190008.252629 b1a556a1c942eddb6c92f202db7f963a 9 5 29 207109.615627
TRANSACTION 1587190008.272049 b723986204e88322b1df33ac3901eaed 9 6 3 207109.632747
TRANSACTION 1587190008.291373 26621f3c68986c122c03b7296303d694 8 6 4 207109.651947
TRANSACTION 1587190008.385816 ffea4bc28366e3990ac0d4774012aa78 10 5 4 207109.749633
TRANSACTION 1587190008.681578 db1faf32fbd3bd0da9f8de433415cfe7 11 12 11 207110.044271
TRANSACTION 1587190008.697013 eb637c37440e98bc203e016a13f4806d 11 7 3 207110.057238
TRANSACTION 1587190008.713386 ece1fce8495e0a0fa9cc190f57e540ce 10 9 7 207110.073904
TRANSACTION 1587190008.771802 9ff75fb9534e45b31775e4a2dd685821 11 5 1 207110.133997
TRANSACTION 1587190008.864313 fe6734177efd789c58543647780d8b77 3 13 238 207110.226333
TRANSACTION 1587190008.990905 9582c8aa9db86180dba30219dd69e1a0 13 14 177 207110.353369
TRANSACTION 1587190009.044404 b0415855326b5ec6cbf6673019329a50 1 9 466 207110.406641
TRANSACTION 1587190009.075822 8ff1d752808b4bb49b973c7759a5ba1d 7 11 631 207110.436683
TRANSACTION 1587190009.144252 879b1c944bb424a3dd0c7d769eae9108 11 2 209 207110.506498
TRANSACTION 1587190009.288825 1dcf17edd49f09aa065337bdf9171398 2 6 224 207110.651738
TRANSACTION 1587190009.366313 ca897c6482bf92898787223d0d484a50 2 6 134 207110.737086
TRANSACTION 1587190009.373779 8194294fdd8ca96d56e9fa1c1f48061a 1 2 46 207110.737097
TRANSACTION 1587190009.462239 03c4de758f6d6f70f3c4bbaa3b675f6d 3 13 124 207110.825167
TRANSACTION 1587190009.502724 80f26ada1ec2871c2baaea681890215f 6 9 778 207110.864030
TRANSACTION 1587190009.571203 ee8e8a9a241e87f5e384da9d569db64c 9 13 227 207110.934997
TRANSACTION 1587190009.641711 39a38e99c3277dc646cad4b7b7bc9b4b 1 3 183 207111.004418
TRANSACTION 1587190009.679143 b630dbf81206d77dbe8cddec825b7996 4 7 302 207111.040726
TRANSACTION 1587190009.724550 58bb037cd30b9e6c49c3da913e6abb18 12 15 1 207111.086965
TRANSACTION 1587190009.852087 5a813674c0e94c0a7d466a5be6cae509 8 14 1 207111.215010
TRANSACTION 1587190009.862521 5333fac3a33deb4bd602e1c8d2a34637 12 10 5 207111.227089
TRANSACTION 1587190009.881821 dc3b4f3b26d900123f48d6ef16e46c7c 5 1 280 207111.242364
TRANSACTION 1587190009.885121 9ac844c4c5307244e53ef2a02b1931e2 1 7 215 207111.255972
TRANSACTION 1587190009.967541 2206593f7edc8d601ecd147ca70b42a0 15 6 1 207111.341594
TRANSACTION 1587190009.979982 6be18ee82c31519f73269a9f9cb9c393 4 13 223 207111.341604
TRANSACTION 1587190010.007350 b369760a07d3c40c959b1751f7aab853 0 3 96 207111.369291
TRANSACTION 1587190010.052709 e85454b8bf52fd53b80d5dc710db96fc 5 8 242 207111.424677
TRANSACTION 1587190010.058053 275306193402d92d48c8ad4ce5a26f98 0 13 674 207111.424689
TRANSACTION 1587190010.195535 d4ceec5dec25d91c7a174445ef0806c6 13 2 1253 207111.560232
TRANSACTION 1587190010.269053 cc6aaa2d66172c119953fc32113104b3 11 7 145 207111.632845
TRANSACTION 1587190010.326525 c780ff449cb899ff3cb4cd3f5ba1994c 11 8 15 207111.690983
TRANSACTION 1587190010.396012 222194d2a63f2c178086f5e4af12149a 7 15 323 207111.769894
TRANSACTION 1587190010.406410 27217e366c17a0f50a5c25e8f79de66e 11 1 107 207111.769905
TRANSACTION 1587190010.449770 68bf6d38d93803d690c912d75cfe17ac 3 14 294 207111.812952
TRANSACTION 1587190010.494227 b93081aa362a7c08c859c53082a5e421 8 10 61 207111.858035
TRANSACTION 1587190010.509611 f4bc2f35a76f67e6b971018b875a5d7c 11 14 38 207111.906682
TRANSACTION 1587190010.514935 4e2493ed5b824652cfaf61fb2ab220b7 15 14 279 207111.906694
TRANSACTION 1587190010.515141 03b85fcb9ca549c2aa9d0bf5b6e34000 9 11 852 207111.906698
TRANSACTION 1587190010.535421 b1299a2cb016ac714618115067e19e2d 8 4 173 207111.906700
TRANSACTION 1587190010.542743 cb8cbfc536a0af07c4a04dd0258df4bd 5 3 178 207111.906703
TRANSACTION 1587190010.699290 bc0842161e6547509200d71ca0b3a5a0 14 1 29 207112.062207
TRANSACTION 1587190010.715740 1919db850bbc53557b68ab5621e865b8 1 12 78 207112.076631
TRANSACTION 1587190010.762090 b70e36b05728f147650734e767e2461d 1 11 10 207112.135215
TRANSACTION 1587190010.772435 400851c4215fbf9fee4fc379f46b1299 5 3 28 207112.135226
TRANSACTION 1587190010.817798 f08a1ac25a9e1ebaf33f04314924f710 15 9 16 207112.180506
TRANSACTION 1587190010.867247 6934053aee470f972514e21ea59c2dce 0 3 578 207112.236791
TRANSACTION 1587190010.872710 034aacb3cfd6755afd78df707306e8ae 15 7 11 207112.236801
TRANSACTION 1587190010.905103 3d7659324baf075bff9c222d3f35b3ff 0 8 573 207112.266619
TRANSACTION 1587190011.004690 deb5198fbe4430fba5f91aacf6195b8c 8 2 343 207112.368465
TRANSACTION 1587190011.060292 593e24838971a1d1166e482e7431abfe 8 4 15 207112.423983
TRANSACTION 1587190011.272980 a78407d0b4ed2641f18cfa4fbb7206bf 4 13 178 207112.635519
TRANSACTION 1587190011.316638 9634b6763bbfc60460b60069c2ef4df1 7 15 554 207112.678497
TRANSACTION 1587190011.383264 39444d9515aec0439cc05e2b7f2a23ad 8 11 19 207112.745683
TRANSACTION 1587190011.443868 07d8abde015c8202f53469763d14b6c6 0 14 739 207112.812684
TRANSACTION 1587190011.447345 40f8ccfd6d1cab2374bb101844321a11 15 13 116 207112.812699
TRANSACTION 1587190011.509712 5ba1b98184ffc0f1f554b73af0c298dc 3 1 260 207112.872048
TRANSACTION 1587190011.527212 080ba8f8b9668c57a2f070366254ff2d 3 16 354 207112.887750
TRANSACTION 1587190011.816857 c34a5ec25b94c5683ac507332f79e31c 5 3 4 207113.190734
TRANSACTION 1587190011.829284 c0b9b716ee1348b7afcf7e80387ee2a1 11 17 251 207113.190746
TRANSACTION 1587190011.901720 b53b6b99b062d876c06da4764caf23d0 5 16 58 207113.263991
TRANSACTION 1587190012.022287 54c122b81bcaecf48a0ef344f64ac0a5 4 3 454 207113.384701
TRANSACTION 1587190012.064774 0d3b6c57524e2e275d43195750184343 5 4 8 207113.427409
TRANSACTION 1587190012.133249 e9fa3c24a08cbcffea40ee3452c77c25 0 16 439 207113.495526
TRANSACTION 1587190012.205786 6bf80274b379b99f51cb3b809b7a29b1 15 7 304 207113.567796
TRANSACTION 1587190012.227239 70282db9ae7d170483a1bc8eca7911fd 1 5 379 207113.594800
TRANSACTION 1587190012.230604 8151efd884ccac187f2adce73fc4cfa3 15 14 134 207113.594811
TRANSACTION 1587190012.385111 bf717e358da3131783477fef5de2a933 2 15 1084 207113.746940
TRANSACTION 1587190012.466671 46e02d354017b371dccd68ee4f250eaa 9 15 168 207113.828810
TRANSACTION 1587190012.793489 71ad3e627f502e6118b581463f5acc5e 8 17 116 207114.156695
TRANSACTION 1587190012.890059 6e02ab1d6bba9386e61c9de4c5db7d06 15 6 831 207114.252291
TRANSACTION 1587190012.927525 311b435f6d7b89bfdcd0472421d31f6f 14 15 1330 207114.289326
TRANSACTION 1587190013.044078 6f00cb497854b2bbcca4fb74d26b999e 10 7 21 207114.406931
TRANSACTION 1587190013.167852 77bd6a2c9ecf50a699ae19694ff1f5ba 8 11 56 207114.548861
TRANSACTION 1587190013.180264 6a10d03f26a4ba3636007c3c8c05ae97 11 7 496 207114.548872
TRANSACTION 1587190013.183615 abb456d3e1a3c8e66b9fb65c2d27ed77 4 9 138 207114.548875
TRANSACTION 1587190013.335376 b658e52a6a759fb7200d15866ee398d8 8 15 16 207114.696789
TRANSACTION 1587190013.463962 c8f8ad95626eec70868a75420a05f0bc 1 13 115 207114.837773
TRANSACTION 1587190013.467373 d088c5684e4c7d5194a3d9ab06f530ec 10 15 25 207114.837785
TRANSACTION 1587190013.505760 ff3b5d2b801d8bdc23f2bc291cbd47d7 13 9 281 207114.867062
TRANSACTION 1587190013.522163 6285e680c85270d9d0a28d1ebf7473fa 16 5 419 207114.882171
TRANSACTION 1587190013.556551 94e50c5615ae7728d038cfecb7a5dd64 3 12 452 207114.917388
TRANSACTION 1587190013.581993 11c55ca89cbbece3144c2cfe10ef417f 14 18 208 207114.942277
TRANSACTION 1587190013.655627 1039fc89ac1b769eb86c6cbd0d827784 14 19 21 207115.017421
TRANSACTION 1587190019.121119 35dd8759b9f2b835d3747605af101c9d 15 19 272 207120.470170
TRANSACTION 1587190026.401231 88e1ac836047bde05b8a51e18515a700 16 22 3 207127.750385
TRANSACTION 1587190028.979145 e3a03c6613ac01df47009a72551571a9 4 5 678 207130.328232
TRANSACTION 1587190030.402421 fc400fa2facfb07cb9530aa399e7822f 14 15 85 207131.751474
TRANSACTION 1587190039.049956 30fae701aaf4abacb4769ac5055e8ef8 0 7 685 207140.399019
TRANSACTION 1587190042.300352 4a7646609d4f7495a8b38128abdacc28 8 4 486 207143.649440
TRANSACTION 1587190042.374808 702f50fc42efa8276dfebd5545c04371 35 33 296 207143.723942
TRANSACTION 1587190046.967519 c1a9c005f572d93f08a4c537ebbcb69e 34 5 26 207148.316561
TRANSACTION 1587190051.059184 46b1c17d459bd4c8da4f340bb4b22a00 36 10 5 207152.408189
TRANSACTION 1587190060.028491 9f01687b12c049b12ae514df8ddba4b9 23 20 9 207161.377476
TRANSACTION 1587190077.087550 e4d274179c52d48e6358269f46e91585 38 43 282 207178.436686
TRANSACTION 1587190079.896677 83ee5e301aa205249f1a967c8e164e77 22 41 200 207181.245845
TRANSACTION 1587190086.833029 30525a7ee4a5f52243aaddc98e739536 1 14 6 207188.182160
TRANSACTION 1587190097.164048 1d4dc8dd650a6d5dd6346bd8b7871431 54 41 1628 207198.513209
TRANSACTION 1587190101.291283 a2248eaaaa09f5456bd94b6ac2b2dfb8 30 19 43 207202.640408
TRANSACTION 1587190104.770056 e978a8e74a31e1d4e6307c8688e4f179 53 7 2064 207206.119204
TRANSACTION 1587190105.313966 782c5a94b4dc2a16cddd35a5f57e319c 47 51 1225 207206.662972
TRANSACTION 1587190106.119298 9d945bc5aa2fe86ace3ac84b4918aedc 43 48 61 207207.468300
TRANSACTION 1587190108.408480 06370f838e7485e30afaa04dd49b2976 57 25 881 207209.757795
TRANSACTION 1587190116.816823 210047032fb52a4a8121f73e36bc6cd1 65 26 2831 207218.165884
TRANSACTION 1587190117.417898 0614d3a27d38955fad176d4f7c01d524 38 33 102 207218.767026
TRANSACTION 1587190119.868086 f07f6f42323ca6194418cf33150ecff0 41 44 862 207221.217189
TRANSACTION 1587190127.375947 55db7d72a3d0f335876cf90031fb2225 71 44 109 207228.725233
TRANSACTION 1587190127.634364 f9e941a53594c366b64da6517b5d0ce5 13 74 70 207228.983585
TRANSACTION 1587190128.414974 9e6923eb6f4e039c33dd05eaadcee154 42 37 120 207229.764140
TRANSACTION 1587190129.957283 9646650ea0a8e31586cfbd0428a61773 65 18 172 207231.306416
TRANSACTION 1587190130.153220 2ec4f66c44cafa04056100ac133df2dc 63 54 56 207231.502302
TRANSACTION 1587190131.322402 b3d45ced8006c9d31d18383edfba8a8e 47 18 7 207232.671626
TRANSACTION 1587190131.503215 885667387524cbfaa43a8bf38fd653ce 42 10 7 207232.852249
TRANSACTION 1587190133.793318 709066294d8a45ed6d9b6dbe0fe2025f 18 75 24 207235.142416
TRANSACTION 1587190138.299690 1fe0b08e4c603ea417ed319765a440cb 74 75 431 207239.648693
TRANSACTION 1587190145.260050 7e8383cee51aabd22c012512fccf8ef6 40 41 70 207246.609217
TRANSACTION 1587190150.138880 829bf6dd2bba4bf98b9dae19cedb8b5f 23 27 841 207251.488013
TRANSACTION 1587190155.320765 5a887c8db8aa101c46bf865b4e165211 44 29 418 207256.669785
TRANSACTION 1587190161.108004 c7ae37dc8316aa8d8ea6e794dd08d2c8 52 13 177 207262.457047
TRANSACTION 1587190163.793147 3eb3ed4957c6d7cd0b68d7726b63d635 11 5 85 207265.142310
TRANSACTION 1587190165.041650 73a04b492131287df1784822bfb0f131 60 24 21 207266.390683
TRANSACTION 1587190170.141959 7511950870dcb823fe367be75fc04a3d 66 86 10 207271.491324
TRANSACTION 1587190183.489748 421d168186573cec83b5bd30037f3987 67 82 230 207284.838788
TRANSACTION 1587190186.008821 fb62d9638ada01ada445403b2efbd8db 14 8 128 207287.358088
TRANSACTION 1587190191.963474 db15003aaf65a8845851c2e2738cb39a 18 24 13 207293.312562
TRANSACTION 1587190206.668089 6ece1f32e7e872195d2a953a198a2f53 23 30 1116 207308.017107
