TRANSACTION 1587190006.525465 34fb0bb602700d3b9aa4a116ba713a31 3 8 17 207108.348604
TRANSACTION 1587190006.845755 05284cfe5bc4a9995ca13c3c72d26eb3 7 3 433 207108.348640
TRANSACTION 1587190007.001086 16a994a3dbda0a5ed6953f52d769ada9 3 9 51 207108.363416
TRANSACTION 1587190007.074403 7f669f162b94f0573a44631c3078de16 9 2 45 207108.429663
TRANSACTION 1587190007.127938 f78cede42a8f7cb7d54df01f20d20a3b 3 8 143 207108.483316
TRANSACTION 1587190007.188504 9a660a43c79fb93fec107b121c968e02 4 9 85 207108.544319
TRANSACTION 1587190007.242953 73531223ff2b1dba59accf55beb15a93 1 3 429 207108.597727
TRANSACTION 1587190007.265365 4dc8b8d82742695f2f77d12a53004441 2 8 1318 207108.620679
TRANSACTION 1587190007.273664 f2c4297f7959ea4b5fe51088806c7557 8 5 2507 207108.628475
TRANSACTION 1587190007.312984 d97d864b82099eada4ef17f0050ca013 7 6 16 207108.668548
TRANSACTION 1587190007.323417 4e8a44206c224c869d3d255ad9a7fe28 4 8 43 207108.679724
TRANSACTION 1587190007.353857 035da1977b2c5f49e4d4111fc6c552e3 9 10 11 207108.709820
TRANSACTION 1587190007.423774 a8613ad8a73ee8cb4a6b66dafe15efa1 8 3 114 207108.782270
TRANSACTION 1587190007.422320 eb5c2c662e9fd5f27912a42a5e508629 5 4 1065 207108.782279
TRANSACTION 1587190007.443091 49bc78ac0afd7bfe4142dd72e25ee419 2 9 316 207108.799664
TRANSACTION 1587190007.466430 974b07bb085aea82ddb5b3468902a86b 5 6 246 207108.822642
TRANSACTION 1587190007.482514 9eddabdf42a0a68003df4677e7bc2c02 8 7 1 207108.831440
TRANSACTION 1587190007.472202 dba5a2226721ec6982feef54e9b5f6be 3 2 75 207108.833777
TRANSACTION 1587190007.496830 362b86b9436f5485422dfc5e322d636b 5 2 620 207108.855499
TRANSACTION 1587190007.542199 aaa796a5e7d4497e425f75bb9fb27dfc 3 10 99 207108.898554
TRANSACTION 1587190007.650780 b76b188f281deb016e7932c486ee25df 9 5 114 207109.006648
TRANSACTION 1587190007.678200 c66a870663fa288a4cb55e8b23143800 3 7 455 207109.033427
TRANSACTION 1587190007.699520 91740dee9b2e66e14f8374292e4d7c56 0 6 753 207109.054963
TRANSACTION 1587190007.740889 b19c09ea3bbb1a92621d2fcb8afbc9ba 9 5 197 207109.097336
TRANSACTION 1587190007.796356 1d12066f20aa2e32bcd26c268fc9b359 10 5 106 207109.152877
TRANSACTION 1587190007.965948 0d19a24490f62110995fbd7e27ebdd5d 5 7 313 207109.327716
TRANSACTION 1587190007.973421 88a609df5893b1d7104fd6489dbecec9 6 7 473 207109.327731
TRANSACTION 1587190008.023864 366ebf1758e5ee64ce967710c51d5886 9 4 38 207109.379847
TRANSACTION 1587190008.044289 2ff1e5c3d08b428b20685e2a55d97214 2 3 372 207109.393184
TRANSACTION 1587190008.092738 12ef01f1e49ea6d8bf7b1955052675fd 9 11 15 207109.449568
TRANSACTION 1587190008.101129 788d8f182cf149fc0766803587166a5e 2 3 23 207109.456990
TRANSACTION 1587190008.252629 b1a556a1c942eddb6c92f202db7f963a 9 5 29 207109.609699
TRANSACTION 1587190008.272049 b723986204e88322b1df33ac3901eaed 9 6 3 207109.627503
TRANSACTION 1587190008.291373 26621f3c68986c122c03b7296303d694 8 6 4 207109.646783
TRANSACTION 1587190008.385816 ffea4bc28366e3990ac0d4774012aa78 10 5 4 207109.743213
TRANSACTION 1587190008.681578 db1faf32fbd3bd0da9f8de433415cfe7 11 12 11 207110.038382
TRANSACTION 1587190008.697013 eb637c37440e98bc203e016a13f4806d 11 7 3 207110.052383
TRANSACTION 1587190008.713386 ece1fce8495e0a0fa9cc190f57e540ce 10 9 7 207110.069000
TRANSACTION 1587190008.771802 9ff75fb9534e45b31775e4a2dd685821 11 5 1 207110.128366
TRANSACTION 1587190008.864313 fe6734177efd789c58543647780d8b77 3 13 238 207110.221414
TRANSACTION 1587190008.990905 9582c8aa9db86180dba30219dd69e1a0 13 14 177 207110.348058
TRANSACTION 1587190009.044404 b0415855326b5ec6cbf6673019329a50 1 9 466 207110.401151
TRANSACTION 1587190009.075822 8ff1d752808b4bb49b973c7759a5ba1d 7 11 631 207110.431794
TRANSACTION 1587190009.144252 879b1c944bb424a3dd0c7d769eae9108 11 2 209 207110.501719
TRANSACTION 1587190009.288825 1dcf17edd49f09aa065337bdf9171398 2 6 224 207110.646113
TRANSACTION 1587190009.366313 ca897c6482bf92898787223d0d484a50 2 6 134 207110.729128
TRANSACTION 1587190009.373779 8194294fdd8ca96d56e9fa1c1f48061a 1 2 46 207110.729144
TRANSACTION 1587190009.462239 03c4de758f6d6f70f3c4bbaa3b675f6d 3 13 124 207110.820020
TRANSACTION 1587190009.502724 80f26ada1ec2871c2baaea681890215f 6 9 778 207110.858812
TRANSACTION 1587190009.571203 ee8e8a9a241e87f5e384da9d569db64c 9 13 227 207110.928536
TRANSACTION 1587190009.641711 39a38e99c3277dc646cad4b7b7bc9b4b 1 3 183 207110.997816
TRANSACTION 1587190009.679143 b630dbf81206d77dbe8cddec825b7996 4 7 302 207111.034369
TRANSACTION 1587190009.724550 58bb037cd30b9e6c49c3da913e6abb18 12 15 1 207111.080131
TRANSACTION 1587190009.852087 5a813674c0e94c0a7d466a5be6cae509 8 14 1 207111.204590
TRANSACTION 1587190009.862521 5333fac3a33deb4bd602e1c8d2a34637 12 10 5 207111.220880
TRANSACTION 1587190009.881821 dc3b4f3b26d900123f48d6ef16e46c7c 5 1 280 207111.236041
TRANSACTION 1587190009.885121 9ac844c4c5307244e53ef2a02b1931e2 1 7 215 207111.249796
TRANSACTION 1587190009.967541 2206593f7edc8d601ecd147ca70b42a0 15 6 1 207111.324112
TRANSACTION 1587190009.979982 6be18ee82c31519f73269a9f9cb9c393 4 13 223 207111.335242
TRANSACTION 1587190010.007350 b369760a07d3c40c959b1751f7aab853 0 3 96 207111.362216
TRANSACTION 1587190010.052709 e85454b8bf52fd53b80d5dc710db96fc 5 8 242 207111.403374
TRANSACTION 1587190010.058053 275306193402d92d48c8ad4ce5a26f98 0 13 674 207111.414933
TRANSACTION 1587190010.195535 d4ceec5dec25d91c7a174445ef0806c6 13 2 1253 207111.551821
TRANSACTION 1587190010.269053 cc6aaa2d66172c119953fc32113104b3 11 7 145 207111.624881
TRANSACTION 1587190010.326525 c780ff449cb899ff3cb4cd3f5ba1994c 11 8 15 207111.682662
TRANSACTION 1587190010.396012 222194d2a63f2c178086f5e4af12149a 7 15 323 207111.751941
TRANSACTION 1587190010.406410 27217e366c17a0f50a5c25e8f79de66e 11 1 107 207111.761719
TRANSACTION 1587190010.449770 68bf6d38d93803d690c912d75cfe17ac 3 14 294 207111.798627
TRANSACTION 1587190010.494227 b93081aa362a7c08c859c53082a5e421 8 10 61 207111.850652
TRANSACTION 1587190010.509611 f4bc2f35a76f67e6b971018b875a5d7c 11 14 38 207111.858482
TRANSACTION 1587190010.514935 4e2493ed5b824652cfaf61fb2ab220b7 15 14 279 207111.876204
TRANSACTION 1587190010.515141 03b85fcb9ca549c2aa9d0bf5b6e34000 9 11 852 207111.876219
TRANSACTION 1587190010.535421 b1299a2cb016ac714618115067e19e2d 8 4 173 207111.898387
TRANSACTION 1587190010.542743 cb8cbfc536a0af07c4a04dd0258df4bd 5 3 178 207111.898396
TRANSACTION 1587190010.699290 bc0842161e6547509200d71ca0b3a5a0 14 1 29 207112.056547
TRANSACTION 1587190010.715740 1919db850bbc53557b68ab5621e865b8 1 12 78 207112.071577
TRANSACTION 1587190010.762090 b70e36b05728f147650734e767e2461d 1 11 10 207112.119253
TRANSACTION 1587190010.772435 400851c4215fbf9fee4fc379f46b1299 5 3 28 207112.128716
TRANSACTION 1587190010.817798 f08a1ac25a9e1ebaf33f04314924f710 15 9 16 207112.175150
TRANSACTION 1587190010.867247 6934053aee470f972514e21ea59c2dce 0 3 578 207112.229498
TRANSACTION 1587190010.872710 034aacb3cfd6755afd78df707306e8ae 15 7 11 207112.229508
TRANSACTION 1587190010.905103 3d7659324baf075bff9c222d3f35b3ff 0 8 573 207112.261649
TRANSACTION 1587190011.004690 deb5198fbe4430fba5f91aacf6195b8c 8 2 343 207112.362442
TRANSACTION 1587190011.060292 593e24838971a1d1166e482e7431abfe 8 4 15 207112.418068
TRANSACTION 1587190011.272980 a78407d0b4ed2641f18cfa4fbb7206bf 4 13 178 207112.630068
TRANSACTION 1587190011.316638 9634b6763bbfc60460b60069c2ef4df1 7 15 554 207112.673484
TRANSACTION 1587190011.383264 39444d9515aec0439cc05e2b7f2a23ad 8 11 19 207112.740618
TRANSACTION 1587190011.443868 07d8abde015c8202f53469763d14b6c6 0 14 739 207112.806607
TRANSACTION 1587190011.447345 40f8ccfd6d1cab2374bb101844321a11 15 13 116 207112.806623
TRANSACTION 1587190011.509712 5ba1b98184ffc0f1f554b73af0c298dc 3 1 260 207112.866824
TRANSACTION 1587190011.527212 080ba8f8b9668c57a2f070366254ff2d 3 16 354 207112.883172
TRANSACTION 1587190011.816857 c34a5ec25b94c5683ac507332f79e31c 5 3 4 207113.174029
TRANSACTION 1587190011.829284 c0b9b716ee1348b7afcf7e80387ee2a1 11 17 251 207113.185522
TRANSACTION 1587190011.901720 b53b6b99b062d876c06da4764caf23d0 5 16 58 207113.259051
TRANSACTION 1587190012.022287 54c122b81bcaecf48a0ef344f64ac0a5 4 3 454 207113.379793
TRANSACTION 1587190012.064774 0d3b6c57524e2e275d43195750184343 5 4 8 207113.413719
TRANSACTION 1587190012.133249 e9fa3c24a08cbcffea40ee3452c77c25 0 16 439 207113.482594
TRANSACTION 1587190012.205786 6bf80274b379b99f51cb3b809b7a29b1 15 7 304 207113.563318
TRANSACTION 1587190012.227239 70282db9ae7d170483a1bc8eca7911fd 1 5 379 207113.588974
TRANSACTION 1587190012.230604 8151efd884ccac187f2adce73fc4cfa3 15 14 134 207113.588990
TRANSACTION 1587190012.385111 bf717e358da3131783477fef5de2a933 2 15 1084 207113.742569
TRANSACTION 1587190012.466671 46e02d354017b371dccd68ee4f250eaa 9 15 168 207113.824091
TRANSACTION 1587190012.793489 71ad3e627f502e6118b581463f5acc5e 8 17 116 207114.151901
TRANSACTION 1587190012.890059 6e02ab1d6bba9386e61c9de4c5db7d06 15 6 831 207114.247917
TRANSACTION 1587190012.927525 311b435f6d7b89bfdcd0472421d31f6f 14 15 1330 207114.285157
TRANSACTION 1587190013.044078 6f00cb497854b2bbcca4fb74d26b999e 10 7 21 207114.402559
TRANSACTION 1587190013.167852 77bd6a2c9ecf50a699ae19694ff1f5ba 8 11 56 207114.526898
TRANSACTION 1587190013.180264 6a10d03f26a4ba3636007c3c8c05ae97 11 7 496 207114.543424
TRANSACTION 1587190013.183615 abb456d3e1a3c8e66b9fb65c2d27ed77 4 9 138 207114.543433
TRANSACTION 1587190013.335376 b658e52a6a759fb7200d15866ee398d8 8 15 16 207114.693461
TRANSACTION 1587190013.463962 c8f8ad95626eec70868a75420a05f0bc 1 13 115 207114.822976
TRANSACTION 1587190013.467373 d088c5684e4c7d5194a3d9ab06f530ec 10 15 25 207114.834386
TRANSACTION 1587190013.505760 ff3b5d2b801d8bdc23f2bc291cbd47d7 13 9 281 207114.863949
TRANSACTION 1587190013.522163 6285e680c85270d9d0a28d1ebf7473fa 16 5 419 207114.879342
TRANSACTION 1587190013.556551 94e50c5615ae7728d038cfecb7a5dd64 3 12 452 207114.914430
TRANSACTION 1587190013.581993 11c55ca89cbbece3144c2cfe10ef417f 14 18 208 207114.939430
TRANSACTION 1587190013.655627 1039fc89ac1b769eb86c6cbd0d827784 14 19 21 207115.014200
TRANSACTION 1587190013.716145 018f962e26775557f6dd3ad1dc2058cc 17 9 73 207115.074954
TRANSACTION 1587190013.743618 6219e451f7b96063001a8b5b5d804c69 18 19 85 207115.100795
TRANSACTION 1587190013.877139 043d4a6759b023be0d9b60f961286d0e 15 7 1219 207115.235714
TRANSACTION 1587190014.005814 2222dbd9de66caba6b0973597229f6c8 14 19 9 207115.364685
TRANSACTION 1587190014.061321 73626fcfb5b0c44c6fefa98a1e550592 9 10 95 207115.420691
TRANSACTION 1587190014.183879 745297b573cf77a6dc7fd1267f73b10d 16 15 245 207115.542890
TRANSACTION 1587190014.200287 ddc08c947578ce8d7b7ef5917deb51a1 3 7 85 207115.557738
TRANSACTION 1587190014.223663 eef7003eabaf5dcb6133a2fa73aaa711 15 4 607 207115.581878
TRANSACTION 1587190014.236038 e6e3b92b866c0740e351ffa511c334f3 13 10 46 207115.593326
TRANSACTION 1587190014.263384 8d628ff341ec7da2d984e0c226aea4c7 14 6 10 207115.621160
TRANSACTION 1587190014.288762 a898dfb72b5265f25197e3e58d0b5f43 16 19 149 207115.646277
TRANSACTION 1587190015.741221 f69f9f099715c03a3d16bf8f446834b9 19 17 1 207117.090387
TRANSACTION 1587190016.436171 3d922fbc1889205afde59d4f07e1fc6e 21 10 10 207117.785011
TRANSACTION 1587190020.696095 9aef17e9c6ff56db989f01b54b1c7060 0 22 681 207122.045801
TRANSACTION 1587190021.843759 3b403ee0879e3144d8783d1cb17fb88f 16 8 269 207123.192725
TRANSACTION 1587190023.638461 beb06d558c3c5a8d0a1000408164a24a 15 22 315 207124.988058
TRANSACTION 1587190025.407277 4b57411323f3c2ffca5b046676ecd615 1 15 1496 207126.756462
TRANSACTION 1587190027.259691 04e9065eab9de31b8c536fbb6fb9eb17 11 2 16 207128.608979
TRANSACTION 1587190031.051767 b7121dc2d3b79cccfe7f385160961277 0 20 548 207132.400678
TRANSACTION 1587190031.870615 28631d0eedf7d34ce99ddaedfe971ecb 22 23 32 207133.219440
TRANSACTION 1587190032.441888 946543741b03f81071bced60754a0ec6 25 30 897 207133.790814
TRANSACTION 1587190033.070287 403f583a68a10d1ea316214c49abd270 23 29 87 207134.419667
TRANSACTION 1587190033.437153 34d1248e87d1d03f8d10686b00ff23ff 12 2 1 207134.786077
TRANSACTION 1587190033.745497 bb731d042d6283a85aaf0abfbfd4549a 3 11 24 207135.094432
TRANSACTION 1587190034.921508 ac997a5adfe37488121eeaa791147198 13 29 108 207136.270972
TRANSACTION 1587190036.389711 42f074d7c29a4a2055a8ebac4260b485 3 33 2332 207137.739705
TRANSACTION 1587190037.722347 adb08922508b87d430bd3c1a16f489c9 16 24 3 207139.071295
TRANSACTION 1587190038.559614 179ec9cdbe495c4a06a04e3c9a1e8753 13 24 158 207139.908953
TRANSACTION 1587190038.701582 bff6b2c773c0509cfaa7c8cffb79253b 25 19 39 207140.050784
TRANSACTION 1587190039.936209 daa6a2c27ac32867abd714ae5881c23e 19 27 112 207141.285983
TRANSACTION 1587190040.744817 018f917052f41a5763f3e94c4ef62824 2 33 90 207142.094005
TRANSACTION 1587190040.833289 1666fcffb8acf9d88aafb8e67de8c9ce 31 2 365 207142.182628
TRANSACTION 1587190041.587938 62e4662cf9db733c08d6dfce2ee9d5a0 1 29 21 207142.937148
TRANSACTION 1587190042.569921 e5fda1c66f9ae74656b5d71d54c369e2 30 11 260 207143.918743
TRANSACTION 1587190044.140348 f8e284ca34f12a38cc86eef7e05a439e 17 8 662 207145.489909
TRANSACTION 1587190047.728654 6cb3f1321cec601314f2535ed74db5ae 13 32 96 207149.077828
TRANSACTION 1587190047.745012 0bbf8ede2be2deecf2a162d82aa6c044 0 26 858 207149.094115
TRANSACTION 1587190054.375278 3208ef5bac22577edef4e0cc889e02f3 4 32 7 207155.724808
TRANSACTION 1587190056.912088 341bcc1632ae5b0c1218a44e2aa03e02 12 33 59 207158.261056
TRANSACTION 1587190057.879343 1c3f89ce429ae8c7c02600384ade8808 27 5 5 207159.228592
TRANSACTION 1587190058.210010 7a7a4866e29edc8b1a8a343813572bc3 39 23 12 207159.559651
TRANSACTION 1587190062.422659 66650a22be3c34a93c0df0cf0488d2bb 10 22 100 207163.771739
TRANSACTION 1587190063.660960 088cdbd41d470e3a8e31b64d9ef7334f 11 36 21 207165.010261
TRANSACTION 1587190065.601620 94db9c71df55ddc54581540bed330378 32 17 3 207166.950885
TRANSACTION 1587190065.867206 32628add188ec32cf7e58b61a5cd9220 20 46 33 207167.216570
TRANSACTION 1587190068.330956 7f63c5aac4e935cebd2d3b44ec158a2d 13 31 54 207169.679799
TRANSACTION 1587190068.806578 9e13036ef9da794a937aa8b58be9c7b3 37 10 259 207170.155693
TRANSACTION 1587190069.065945 b3d5a040392b1d814dd2db3b69bf5bf0 21 11 121 207170.415153
TRANSACTION 1587190071.891984 17be6569aa60a149936d9ee7de082a95 7 42 438 207173.240862
TRANSACTION 1587190072.347676 9bc96471228e6f200862ae3249012678 35 4 6 207173.696584
TRANSACTION 1587190074.864379 d9d694e32bd003a5f348be386da78bff 33 12 66 207176.213912
TRANSACTION 1587190075.039558 74ae26aadd975f80dd67d3028f6f86c3 40 4 1035 207176.388909
TRANSACTION 1587190075.812647 0142a3f9c970262476fd26c59cc394db 47 33 108 207177.161930
TRANSACTION 1587190077.238851 a78d36a757c76419448f9607662e76ac 6 50 456 207178.587768
TRANSACTION 1587190079.636580 cf058494c661159a18a09a08871d199b 43 36 194 207180.985736
TRANSACTION 1587190080.778961 8bcbc83577ab042c7d16bbb65c38c42f 20 50 113 207182.128111
TRANSACTION 1587190081.086542 804495b78a8d1f96020011e44c83b424 39 3 70 207182.435800
TRANSACTION 1587190081.887566 d5b82bf13529b966f3f0a0ddfbbaa13f 2 15 1006 207183.236393
TRANSACTION 1587190082.122504 14bb00465e8f5b533c42d369a9ba5f78 4 7 32 207183.471397
TRANSACTION 1587190086.171648 ac065adee851048190f9af26ba6ade1c 16 24 11 207187.520572
TRANSACTION 1587190086.263088 71f2cb285bacda24c1eb45582639f870 28 12 216 207187.612518
TRANSACTION 1587190086.440765 39197a6afccb21edb0a849d8e992f2fb 42 50 424 207187.790106
TRANSACTION 1587190088.397639 bb8814ab23158320b05d7a6a1ea05772 24 33 90 207189.746726
TRANSACTION 1587190089.939140 d2ff6a07b0c45cd22effd53470c9bd23 52 22 853 207191.288424
TRANSACTION 1587190092.442840 dd78700c8f094e0b65e1a125d81fc406 8 29 29 207193.791804
TRANSACTION 1587190094.639065 d949d39f70b479dba1e9378b1d5a8dfc 58 59 21 207195.988047
TRANSACTION 1587190094.674867 baf5bc579c9eb69c21764d070c37db45 29 14 268 207196.023805
TRANSACTION 1587190094.753378 3f2f73f791a10b14ddda67b297b65ece 0 25 294 207196.102685
TRANSACTION 1587190097.638490 2209711c72a532032b1995f3ba21e38a 18 2 9 207198.987456
TRANSACTION 1587190097.875966 a86238494e8e967532126b1ae73e9f7a 6 50 7 207199.225264
TRANSACTION 1587190098.631233 604e2d2ae4f450fd06ad029a09ba7c6c 13 21 587 207199.980290
TRANSACTION 1587190099.610516 ed54c28f14a74d728fe384c21bb7b401 24 2 234 207200.959947
TRANSACTION 1587190099.954957 822819a66f53aedbd49d1b6403a4c88a 22 21 2 207201.304418
TRANSACTION 1587190101.334944 c6d0bb4532dd246ae501bc5ca5f8df3d 58 59 526 207202.684228
TRANSACTION 1587190103.024846 b58c3a651d85a7395053d756f48501fa 32 19 292 207204.374154
TRANSACTION 1587190105.493498 6ece81c51529cde5ff0a45f95410516c 64 13 1 207206.842381
TRANSACTION 1587190106.518410 272ae878cbc8d230964349ac14901d25 60 66 91 207207.867606
TRANSACTION 1587190108.587692 ad564de3d8f78f2d35497435af4b9100 56 34 376 207209.936956
TRANSACTION 1587190110.296707 bebacf74f4982e57e989d7ce981cd13f 58 32 270 207211.645995
TRANSACTION 1587190112.423158 cf53c90b50f33018559d691c48259591 66 53 134 207213.772142
TRANSACTION 1587190113.566624 bdd0b24e27821c24159335a8a08bf783 41 20 1113 207214.915549
TRANSACTION 1587190115.486072 f91c9a1882c22ad1a606075ea5323e55 10 18 3 207216.835235
TRANSACTION 1587190116.461899 5bd4663a19ba91735b60cb9300861483 67 22 24 207217.811158
TRANSACTION 1587190119.443307 62e9c137adfb176a9a44ccc139a8ba36 53 57 163 207220.792282
TRANSACTION 1587190119.952846 e478c03c0482de2d0abb7cb16b22ee5e 58 38 3 207221.301867
TRANSACTION 1587190120.494772 290a38067080d342e7eca6a2f884b387 16 61 280 207221.843995
TRANSACTION 1587190121.344726 94f536e2189f794e777202f9280465bf 16 29 45 207222.693609
TRANSACTION 1587190124.459474 c750c87d0e79d8e27135769ea969f4f8 67 32 4 207225.808704
TRANSACTION 1587190124.877682 a29724381173f454ccf6eb1d6c3abfa5 62 25 54 207226.226983
TRANSACTION 1587190128.029964 2053cc93ebd4797616826821631393f1 26 23 73 207229.379239
TRANSACTION 1587190131.799323 ee866f0643dc8343dc71bc0b17673aca 64 13 11 207233.148581
TRANSACTION 1587190132.317784 a4db4965b4d29e3c9d99a815ef811f33 64 41 2 207233.667117
TRANSACTION 1587190136.418831 cde7c2f428c0587b197e0197a1d75b03 70 1 11 207237.768141
TRANSACTION 1587190139.481263 e43c5f455beb30d07b4c43a11e3a32d3 15 65 6 207240.830625
TRANSACTION 1587190139.700819 941f8b87ffc45944ade47e3760c5e29d 14 53 378 207241.050264
TRANSACTION 1587190141.544106 48b1970727dd7ff4066af46d98fd246d 52 15 29 207242.893225
TRANSACTION 1587190141.595453 965aa163806d4d05e3ae392c5e805ba7 57 28 972 207242.944937
TRANSACTION 1587190142.718115 5084129155581ed8e60cb7cb50abb2e9 10 27 18 207244.067202
TRANSACTION 1587190143.818919 0c7b96a9bdf4108521a4baefeb97afa5 24 20 11 207245.167795
TRANSACTION 1587190146.450457 2a3c1e5f8666eba125167fa5d6936512 64 73 158 207247.799730
TRANSACTION 1587190146.847110 bc96cd3c26a8043fb526adefd8418c1d 39 70 414 207248.196410
TRANSACTION 1587190147.355953 24fc8daea65cd2c072ac99be3a6fc088 60 14 4 207248.704812
TRANSACTION 1587190148.127902 fccfe18a380bfea569b817ccea62aa22 46 59 278 207249.477331
TRANSACTION 1587190149.204410 2b145c3dc9360a3a0c52674152c86fd3 6 21 65 207250.553766
TRANSACTION 1587190149.595551 0e1c8f0569ee2139bd7ccf9b7ca7dc1b 41 72 287 207250.945049
TRANSACTION 1587190152.784627 94ee7776d52bc8efdc1bbb7198881858 36 77 58 207254.133468
TRANSACTION 1587190153.632350 b9dadbb746317b7ed7353516abf71ec9 76 12 389 207254.981792
TRANSACTION 1587190155.590574 e7c13342601f68eda8810f901c7b639d 19 41 12 207256.939898
TRANSACTION 1587190156.992703 ad1d382c9f6801e163e8cc46454acf1b 57 4 57 207258.341860
TRANSACTION 1587190158.651236 2f2008c096be40c36233c80b762fb44c 37 62 263 207260.000369
TRANSACTION 1587190159.172751 24d1c4609a52e9ab28bd03246fc18342 30 50 1475 207260.521704
TRANSACTION 1587190161.983618 924ff84f4f64e44f916d913afcf5ba7e 37 53 20 207263.332484
TRANSACTION 1587190163.597840 70203196cc469948fba20e51840849d3 66 5 190 207264.946992
TRANSACTION 1587190166.165004 2092d9b506b16b74f9772a7e0c588f17 7 15 8 207267.514230
TRANSACTION 1587190167.146985 bf1f518de83b68fe3f02c79f51421795 51 85 3 207268.496194
TRANSACTION 1587190167.308931 2cacc0af2f7f98f35a7d6fa5abeba12d 23 50 206 207268.658295
TRANSACTION 1587190167.851394 22bec940d16ae825af00b450fa15b384 52 59 5 207269.200767
TRANSACTION 1587190168.710164 9e2915b873be19f486b7ef8122d89155 7 44 260 207270.059014
TRANSACTION 1587190168.879430 09c88ffd3b3a5ae9805346d4f58e66d9 37 81 297 207270.228340
TRANSACTION 1587190169.493963 5a41d4bfcb84a7d1113a2d550927f383 63 17 49 207270.842975
TRANSACTION 1587190169.537730 29e9d8935fe59297e99aa3e05a9c1b4c 72 28 1069 207270.886805
TRANSACTION 1587190170.544670 ca99eb46accd9cc81b5f91d560d59cc2 27 31 1 207271.893570
TRANSACTION 1587190171.811457 2fb1151dabcee97127cc66a8757483ae 36 25 981 207273.160893
TRANSACTION 1587190171.933819 9a460555d2a8de1bb168caac5f2fd432 4 33 235 207273.283172
TRANSACTION 1587190172.141083 cfcab0b59bbf81651721f9bb3826bdc0 70 19 526 207273.490109
TRANSACTION 1587190175.649071 e4f7bb25c7b72429f19527143aa25631 62 15 29 207276.998050
TRANSACTION 1587190177.582999 79b1942f5b6561f01be29dc3d5b50e3f 52 27 28 207278.932007
TRANSACTION 1587190179.700099 377f98e0b4944c727370964058e95431 73 7 101 207281.049668
TRANSACTION 1587190183.248216 608076b267bcebafb2c4f8c4bd35a5cd 22 5 16 207284.597689
TRANSACTION 1587190183.612134 5348381acdf6f6939f9168af97f8e46d 59 35 195 207284.961441
TRANSACTION 1587190184.127425 70c09cc565215d4d9d6507a8d37a59bf 21 53 30 207285.476419
TRANSACTION 1587190184.172648 147ca6336794025bbb5da311c0111927 22 32 32 207285.521863
TRANSACTION 1587190184.979702 eb8bdbec371542c19b1da9042ed982d9 2 65 834 207286.329150
TRANSACTION 1587190185.299946 617a0132c0d6e98dfd9f029d3a7e3dd4 69 28 185 207286.648936
TRANSACTION 1587190186.113585 9b40c722de35685ddf72c926952fd0ef 54 25 1 207287.462863
TRANSACTION 1587190186.931178 274aa564d2292c0d32188b6fc7b76aeb 48 20 906 207288.280228
TRANSACTION 1587190187.779118 d42e88b9923ae7ec5419aa25d7add650 46 52 93 207289.128105
TRANSACTION 1587190189.465503 aef638eeef196902ccf07d0c552dec41 40 9 264 207290.814730
TRANSACTION 1587190189.644819 4cd00a374ec74465a5075f6ca9fecd52 71 23 1341 207290.993841
TRANSACTION 1587190190.086484 30cead6b7ec189954ed48a853fde7653 45 34 1 207291.435773
TRANSACTION 1587190193.736621 a77e7f1feef8e5d1fe2fdb8597d8a648 25 45 21 207295.086041
TRANSACTION 1587190194.239260 bd63a2f5714549d8ecbab9a366647daa 79 55 348 207295.588563
TRANSACTION 1587190196.286134 f59138da4488f730bf3170c9ea9a8e51 68 33 1415 207297.635399
TRANSACTION 1587190198.042921 75c92825c9862f0fb6ce6980157f0b69 0 5 725 207299.392195
TRANSACTION 1587190199.409732 ecfa1798ff13cb2b4cf5663239d66086 37 32 172 207300.758977
TRANSACTION 1587190201.566134 7be39ef492e9a6dc8b73ab9ed5c43050 0 67 915 207302.915511
TRANSACTION 1587190201.576591 3f8f2ddf3d738df2ec39d4909aafc2bf 70 9 92 207302.926078
TRANSACTION 1587190206.107939 11c56a11c915d1218bc34bbc6580e8a4 46 61 5 207307.457331
TRANSACTION 1587190208.376832 21dcfc71af5a755ee4cfece05012fe7d 82 19 79 207309.726108
TRANSACTION 1587190211.753467 e91151ee3975b261df1216a98d6e15f6 80 88 146 207313.102431
