TRANSACTION 1587190006.525465 34fb0bb602700d3b9aa4a116ba713a31 3 8 17 207108.360419
TRANSACTION 1587190006.845755 05284cfe5bc4a9995ca13c3c72d26eb3 7 3 433 207108.360454
TRANSACTION 1587190007.001086 16a994a3dbda0a5ed6953f52d769ada9 3 9 51 207108.370870
TRANSACTION 1587190007.074403 7f669f162b94f0573a44631c3078de16 9 2 45 207108.429306
TRANSACTION 1587190007.127938 f78cede42a8f7cb7d54df01f20d20a3b 3 8 143 207108.481510
TRANSACTION 1587190007.188504 9a660a43c79fb93fec107b121c968e02 4 9 85 207108.544083
TRANSACTION 1587190007.242953 73531223ff2b1dba59accf55beb15a93 1 3 429 207108.598232
TRANSACTION 1587190007.265365 4dc8b8d82742695f2f77d12a53004441 2 8 1318 207108.620420
TRANSACTION 1587190007.273664 f2c4297f7959ea4b5fe51088806c7557 8 5 2507 207108.627264
TRANSACTION 1587190007.312984 d97d864b82099eada4ef17f0050ca013 7 6 16 207108.667172
TRANSACTION 1587190007.323417 4e8a44206c224c869d3d255ad9a7fe28 4 8 43 207108.677907
TRANSACTION 1587190007.353857 035da1977b2c5f49e4d4111fc6c552e3 9 10 11 207108.707752
TRANSACTION 1587190007.422320 eb5c2c662e9fd5f27912a42a5e508629 5 4 1065 207108.777843
TRANSACTION 1587190007.423774 a8613ad8a73ee8cb4a6b66dafe15efa1 8 3 114 207108.777853
TRANSACTION 1587190007.443091 49bc78ac0afd7bfe4142dd72e25ee419 2 9 316 207108.794123
TRANSACTION 1587190007.466430 974b07bb085aea82ddb5b3468902a86b 5 6 246 207108.819556
TRANSACTION 1587190007.472202 dba5a2226721ec6982feef54e9b5f6be 3 2 75 207108.826552
TRANSACTION 1587190007.482514 9eddabdf42a0a68003df4677e7bc2c02 8 7 1 207108.838532
TRANSACTION 1587190007.496830 362b86b9436f5485422dfc5e322d636b 5 2 620 207108.850416
TRANSACTION 1587190007.542199 aaa796a5e7d4497e425f75bb9fb27dfc 3 10 99 207108.896071
TRANSACTION 1587190007.650780 b76b188f281deb016e7932c486ee25df 9 5 114 207109.004562
TRANSACTION 1587190007.678200 c66a870663fa288a4cb55e8b23143800 3 7 455 207109.031433
TRANSACTION 1587190007.699520 91740dee9b2e66e14f8374292e4d7c56 0 6 753 207109.053112
TRANSACTION 1587190007.740889 b19c09ea3bbb1a92621d2fcb8afbc9ba 9 5 197 207109.094592
TRANSACTION 1587190007.796356 1d12066f20aa2e32bcd26c268fc9b359 10 5 106 207109.150148
TRANSACTION 1587190007.965948 0d19a24490f62110995fbd7e27ebdd5d 5 7 313 207109.320120
TRANSACTION 1587190007.973421 88a609df5893b1d7104fd6489dbecec9 6 7 473 207109.322443
TRANSACTION 1587190008.023864 366ebf1758e5ee64ce967710c51d5886 9 4 38 207109.377006
TRANSACTION 1587190008.044289 2ff1e5c3d08b428b20685e2a55d97214 2 3 372 207109.396041
TRANSACTION 1587190008.092738 12ef01f1e49ea6d8bf7b1955052675fd 9 11 15 207109.446674
TRANSACTION 1587190008.101129 788d8f182cf149fc0766803587166a5e 2 3 23 207109.449986
TRANSACTION 1587190008.252629 b1a556a1c942eddb6c92f202db7f963a 9 5 29 207109.606077
TRANSACTION 1587190008.272049 b723986204e88322b1df33ac3901eaed 9 6 3 207109.625077
TRANSACTION 1587190008.291373 26621f3c68986c122c03b7296303d694 8 6 4 207109.643823
TRANSACTION 1587190008.385816 ffea4bc28366e3990ac0d4774012aa78 10 5 4 207109.739432
TRANSACTION 1587190008.681578 db1faf32fbd3bd0da9f8de433415cfe7 11 12 11 207110.035113
TRANSACTION 1587190008.697013 eb637c37440e98bc203e016a13f4806d 11 7 3 207110.049505
TRANSACTION 1587190008.713386 ece1fce8495e0a0fa9cc190f57e540ce 10 9 7 207110.064828
TRANSACTION 1587190008.771802 9ff75fb9534e45b31775e4a2dd685821 11 5 1 207110.123822
TRANSACTION 1587190008.864313 fe6734177efd789c58543647780d8b77 3 13 238 207110.217485
TRANSACTION 1587190008.990905 9582c8aa9db86180dba30219dd69e1a0 13 14 177 207110.343121
TRANSACTION 1587190009.044404 b0415855326b5ec6cbf6673019329a50 1 9 466 207110.397557
TRANSACTION 1587190009.075822 8ff1d752808b4bb49b973c7759a5ba1d 7 11 631 207110.427254
TRANSACTION 1587190009.144252 879b1c944bb424a3dd0c7d769eae9108 11 2 209 207110.496652
TRANSACTION 1587190009.288825 1dcf17edd49f09aa065337bdf9171398 2 6 224 207110.640637
TRANSACTION 1587190009.366313 ca897c6482bf92898787223d0d484a50 2 6 134 207110.718092
TRANSACTION 1587190009.373779 8194294fdd8ca96d56e9fa1c1f48061a 1 2 46 207110.725412
TRANSACTION 1587190009.462239 03c4de758f6d6f70f3c4bbaa3b675f6d 3 13 124 207110.815798
TRANSACTION 1587190009.502724 80f26ada1ec2871c2baaea681890215f 6 9 778 207110.853640
TRANSACTION 1587190009.571203 ee8e8a9a241e87f5e384da9d569db64c 9 13 227 207110.921961
TRANSACTION 1587190009.641711 39a38e99c3277dc646cad4b7b7bc9b4b 1 3 183 207110.991764
TRANSACTION 1587190009.679143 b630dbf81206d77dbe8cddec825b7996 4 7 302 207111.031815
TRANSACTION 1587190009.724550 58bb037cd30b9e6c49c3da913e6abb18 12 15 1 207111.075111
TRANSACTION 1587190009.852087 5a813674c0e94c0a7d466a5be6cae509 8 14 1 207111.202496
TRANSACTION 1587190009.862521 5333fac3a33deb4bd602e1c8d2a34637 12 10 5 207111.217407
TRANSACTION 1587190009.881821 dc3b4f3b26d900123f48d6ef16e46c7c 5 1 280 207111.231884
TRANSACTION 1587190009.885121 9ac844c4c5307244e53ef2a02b1931e2 1 7 215 207111.244784
TRANSACTION 1587190009.967541 2206593f7edc8d601ecd147ca70b42a0 15 6 1 207111.319850
TRANSACTION 1587190009.979982 6be18ee82c31519f73269a9f9cb9c393 4 13 223 207111.332422
TRANSACTION 1587190010.007350 b369760a07d3c40c959b1751f7aab853 0 3 96 207111.357945
TRANSACTION 1587190010.052709 e85454b8bf52fd53b80d5dc710db96fc 5 8 242 207111.406712
TRANSACTION 1587190010.058053 275306193402d92d48c8ad4ce5a26f98 0 13 674 207111.412815
TRANSACTION 1587190010.195535 d4ceec5dec25d91c7a174445ef0806c6 13 2 1253 207111.547955
TRANSACTION 1587190010.269053 cc6aaa2d66172c119953fc32113104b3 11 7 145 207111.619359
TRANSACTION 1587190010.326525 c780ff449cb899ff3cb4cd3f5ba1994c 11 8 15 207111.675771
TRANSACTION 1587190010.396012 222194d2a63f2c178086f5e4af12149a 7 15 323 207111.747563
TRANSACTION 1587190010.406410 27217e366c17a0f50a5c25e8f79de66e 11 1 107 207111.756275
TRANSACTION 1587190010.449770 68bf6d38d93803d690c912d75cfe17ac 3 14 294 207111.801195
TRANSACTION 1587190010.494227 b93081aa362a7c08c859c53082a5e421 8 10 61 207111.845775
TRANSACTION 1587190010.509611 f4bc2f35a76f67e6b971018b875a5d7c 11 14 38 207111.860788
TRANSACTION 1587190010.514935 4e2493ed5b824652cfaf61fb2ab220b7 15 14 279 207111.866703
TRANSACTION 1587190010.515141 03b85fcb9ca549c2aa9d0bf5b6e34000 9 11 852 207111.870763
TRANSACTION 1587190010.535421 b1299a2cb016ac714618115067e19e2d 8 4 173 207111.888057
TRANSACTION 1587190010.542743 cb8cbfc536a0af07c4a04dd0258df4bd 5 3 178 207111.893946
TRANSACTION 1587190010.699290 bc0842161e6547509200d71ca0b3a5a0 14 1 29 207112.051718
TRANSACTION 1587190010.715740 1919db850bbc53557b68ab5621e865b8 1 12 78 207112.067264
TRANSACTION 1587190010.762090 b70e36b05728f147650734e767e2461d 1 11 10 207112.113580
TRANSACTION 1587190010.772435 400851c4215fbf9fee4fc379f46b1299 5 3 28 207112.124160
TRANSACTION 1587190010.817798 f08a1ac25a9e1ebaf33f04314924f710 15 9 16 207112.168091
TRANSACTION 1587190010.867247 6934053aee470f972514e21ea59c2dce 0 3 578 207112.220502
TRANSACTION 1587190010.872710 034aacb3cfd6755afd78df707306e8ae 15 7 11 207112.222401
TRANSACTION 1587190010.905103 3d7659324baf075bff9c222d3f35b3ff 0 8 573 207112.258085
TRANSACTION 1587190011.004690 deb5198fbe4430fba5f91aacf6195b8c 8 2 343 207112.355987
TRANSACTION 1587190011.060292 593e24838971a1d1166e482e7431abfe 8 4 15 207112.409800
TRANSACTION 1587190011.272980 a78407d0b4ed2641f18cfa4fbb7206bf 4 13 178 207112.626592
TRANSACTION 1587190011.316638 9634b6763bbfc60460b60069c2ef4df1 7 15 554 207112.665703
TRANSACTION 1587190011.383264 39444d9515aec0439cc05e2b7f2a23ad 8 11 19 207112.736620
TRANSACTION 1587190011.443868 07d8abde015c8202f53469763d14b6c6 0 14 739 207112.797978
TRANSACTION 1587190011.447345 40f8ccfd6d1cab2374bb101844321a11 15 13 116 207112.802408
TRANSACTION 1587190011.509712 5ba1b98184ffc0f1f554b73af0c298dc 3 1 260 207112.861734
TRANSACTION 1587190011.527212 080ba8f8b9668c57a2f070366254ff2d 3 16 354 207112.876280
TRANSACTION 1587190011.816857 c34a5ec25b94c5683ac507332f79e31c 5 3 4 207113.166044
TRANSACTION 1587190011.829284 c0b9b716ee1348b7afcf7e80387ee2a1 11 17 251 207113.180703
TRANSACTION 1587190011.901720 b53b6b99b062d876c06da4764caf23d0 5 16 58 207113.255859
TRANSACTION 1587190012.022287 54c122b81bcaecf48a0ef344f64ac0a5 4 3 454 207113.374394
TRANSACTION 1587190012.064774 0d3b6c57524e2e275d43195750184343 5 4 8 207113.418721
TRANSACTION 1587190012.133249 e9fa3c24a08cbcffea40ee3452c77c25 0 16 439 207113.482428
TRANSACTION 1587190012.205786 6bf80274b379b99f51cb3b809b7a29b1 15 7 304 207113.559501
TRANSACTION 1587190012.227239 70282db9ae7d170483a1bc8eca7911fd 1 5 379 207113.578720
TRANSACTION 1587190012.230604 8151efd884ccac187f2adce73fc4cfa3 15 14 134 207113.581773
TRANSACTION 1587190012.385111 bf717e358da3131783477fef5de2a933 2 15 1084 207113.735826
TRANSACTION 1587190012.466671 46e02d354017b371dccd68ee4f250eaa 9 15 168 207113.821233
TRANSACTION 1587190012.793489 71ad3e627f502e6118b581463f5acc5e 8 17 116 207114.148375
TRANSACTION 1587190012.890059 6e02ab1d6bba9386e61c9de4c5db7d06 15 6 831 207114.243976
TRANSACTION 1587190012.927525 311b435f6d7b89bfdcd0472421d31f6f 14 15 1330 207114.281574
TRANSACTION 1587190013.044078 6f00cb497854b2bbcca4fb74d26b999e 10 7 21 207114.399187
TRANSACTION 1587190013.167852 77bd6a2c9ecf50a699ae19694ff1f5ba 8 11 56 207114.522775
TRANSACTION 1587190013.183615 abb456d3e1a3c8e66b9fb65c2d27ed77 4 9 138 207114.532714
TRANSACTION 1587190013.180264 6a10d03f26a4ba3636007c3c8c05ae97 11 7 496 207114.534449
TRANSACTION 1587190013.335376 b658e52a6a759fb7200d15866ee398d8 8 15 16 207114.689346
TRANSACTION 1587190013.463962 c8f8ad95626eec70868a75420a05f0bc 1 13 115 207114.818537
TRANSACTION 1587190013.467373 d088c5684e4c7d5194a3d9ab06f530ec 10 15 25 207114.830369
TRANSACTION 1587190013.505760 ff3b5d2b801d8bdc23f2bc291cbd47d7 13 9 281 207114.859492
TRANSACTION 1587190013.522163 6285e680c85270d9d0a28d1ebf7473fa 16 5 419 207114.875556
TRANSACTION 1587190013.556551 94e50c5615ae7728d038cfecb7a5dd64 3 12 452 207114.910503
TRANSACTION 1587190013.581993 11c55ca89cbbece3144c2cfe10ef417f 14 18 208 207114.933790
TRANSACTION 1587190013.655627 1039fc89ac1b769eb86c6cbd0d827784 14 19 21 207115.010063
TRANSACTION 1587190013.716145 018f962e26775557f6dd3ad1dc2058cc 17 9 73 207115.070961
TRANSACTION 1587190013.743618 6219e451f7b96063001a8b5b5d804c69 18 19 85 207115.097216
TRANSACTION 1587190013.877139 043d4a6759b023be0d9b60f961286d0e 15 7 1219 207115.232076
TRANSACTION 1587190014.005814 2222dbd9de66caba6b0973597229f6c8 14 19 9 207115.360539
TRANSACTION 1587190014.061321 73626fcfb5b0c44c6fefa98a1e550592 9 10 95 207115.416535
TRANSACTION 1587190014.183879 745297b573cf77a6dc7fd1267f73b10d 16 15 245 207115.538851
TRANSACTION 1587190014.200287 ddc08c947578ce8d7b7ef5917deb51a1 3 7 85 207115.554470
TRANSACTION 1587190014.223663 eef7003eabaf5dcb6133a2fa73aaa711 15 4 607 207115.578166
TRANSACTION 1587190014.236038 e6e3b92b866c0740e351ffa511c334f3 13 10 46 207115.589735
TRANSACTION 1587190014.263384 8d628ff341ec7da2d984e0c226aea4c7 14 6 10 207115.617497
TRANSACTION 1587190014.288762 a898dfb72b5265f25197e3e58d0b5f43 16 19 149 207115.642600
TRANSACTION 1587190014.488355 613e6ffafcc41babf58a9170eacca454 7 15 1380 207115.843076
TRANSACTION 1587190014.522814 68718858bac8b5b8e78596cfd0663624 2 17 510 207115.877076
TRANSACTION 1587190014.571248 9e47805ca3d6756d1ae19e962f537549 5 17 471 207115.926636
TRANSACTION 1587190014.644759 5898717b6b2964031a5cb7ac4cd5744b 6 15 775 207116.000816
TRANSACTION 1587190014.649167 4273cae0c0f4b9d6c0925b1d706c9aa8 8 3 14 207116.007141
TRANSACTION 1587190014.674516 18b3e75c71ff1a5da00289b906479769 19 3 194 207116.028748
TRANSACTION 1587190014.719916 b7afe65e236c83f71b5c77181cd3bd42 4 15 483 207116.074929
TRANSACTION 1587190014.869493 dac6b175b57db62e0206e5c25379dc3f 10 17 126 207116.224939
TRANSACTION 1587190015.100228 9ed622b66709666277cb1db7abc3918b 5 15 172 207116.461895
TRANSACTION 1587190015.106699 4a406708ed07290d2e35f70f510bc2a5 7 5 520 207116.461905
TRANSACTION 1587190015.164085 7dd9d64162c194e3dd171be8c45b1ed8 12 9 261 207116.518726
TRANSACTION 1587190015.232009 aed40e872839ee0da6c4d7224e07d4f1 17 18 1265 207116.586287
TRANSACTION 1587190015.357474 403be3e3dae471fca06f530b600ccf30 6 18 113 207116.712631
TRANSACTION 1587190015.396958 f7ad68c3c819ee5917e2092cb6b68621 1 20 28 207116.752400
TRANSACTION 1587190015.422369 42ea99b060b06bb35f7a351439135ac0 15 2 2636 207116.775431
TRANSACTION 1587190015.467740 8c37c68691c567c82d29671daa4405b7 14 2 39 207116.819956
TRANSACTION 1587190015.550209 51050d5e22249c93ad7991bf9b33ecbe 19 8 20 207116.904779
TRANSACTION 1587190015.557685 59b9779b146d128ec1056eac02d77096 20 15 1 207116.907727
TRANSACTION 1587190015.615177 6c9dd88e7a6f77d4f9f95200c8db2c59 12 1 191 207116.967907
TRANSACTION 1587190015.654661 4393f61f1af355e8f414fd2088f798a6 12 6 47 207117.003579
TRANSACTION 1587190015.741221 f69f9f099715c03a3d16bf8f446834b9 19 17 1 207117.096085
TRANSACTION 1587190015.786077 ac6751241ea1f24f66488da21c192173 9 20 57 207117.134906
TRANSACTION 1587190015.782705 873629446c67883bc926bc926c3a5907 0 7 51 207117.137501
TRANSACTION 1587190015.864490 8cd79217f8197ecf7e604c01804b3a65 7 10 351 207117.219109
TRANSACTION 1587190015.917963 d600329b3f72135dc35b854accfa945b 16 19 15 207117.270452
TRANSACTION 1587190015.953427 c16715f4fd05da69b35e2ea45b8c10df 8 15 18 207117.307357
TRANSACTION 1587190016.004997 fddf7d17ff2bba9f0ff16ffe8d983f63 5 4 217 207117.357150
TRANSACTION 1587190016.033781 edeb603ddd26b97eaad1d6af80ccb4f3 5 6 308 207117.384628
TRANSACTION 1587190016.030453 904a94efcc6989f59b68a21a9e5bda81 19 14 16 207117.384637
TRANSACTION 1587190016.049064 a7aa94c5c5038aabdc482779056d8c72 18 8 1453 207117.400643
TRANSACTION 1587190016.076378 91a1fce0570f1c2b383713d3bb27acac 6 21 261 207117.429763
TRANSACTION 1587190016.122718 b647eb5a88130fba06e832e934fe3c9d 14 15 3 207117.471885
TRANSACTION 1587190016.208171 4724cb55babbed39dda46e98771c5a8f 15 8 11 207117.563050
TRANSACTION 1587190016.233871 754d11f4eabff985ebf4290da334580b 9 20 255 207117.583996
TRANSACTION 1587190016.233631 c0f3b8e6c5443a208ac9e40cf39ea7ec 17 2 99 207117.594565
TRANSACTION 1587190016.278198 94cd322fc71c5013293ddd29b32a7311 10 9 261 207117.632106
TRANSACTION 1587190016.346637 da84b428f46d3392fe998993b3ce2051 5 20 86 207117.700437
TRANSACTION 1587190016.398098 27cf14b59655889577d13cdf7b89d2be 21 13 146 207117.751402
TRANSACTION 1587190016.418491 c9e0d4ae02dcb2f45ab10a9a778eaa99 17 8 36 207117.768071
TRANSACTION 1587190016.425854 ed62f4fe60c4db9321c29d3611238210 3 8 279 207117.776150
TRANSACTION 1587190016.521566 58e7317be2f7222542604c1e7018c974 7 1 178 207117.871314
TRANSACTION 1587190016.538965 9a6c6039c0ad3d55f7be0f7a46b6fb26 16 3 15 207117.889844
TRANSACTION 1587190016.649866 947208651160affb53d9fdaacd68a2f4 2 11 1857 207118.004200
TRANSACTION 1587190016.722254 da241b0e7d41e6e713f2dc1f5c68b226 21 13 27 207118.071359
TRANSACTION 1587190016.732659 356392293863f5eab4d23b71e2b55b42 3 6 3 207118.082338
TRANSACTION 1587190016.806068 8fc7d0a21bfbb237143e23a26e9259f5 5 4 38 207118.159405
TRANSACTION 1587190016.830507 a3681bcd0fe7ddb48def4083e84bf05b 13 21 281 207118.183189
TRANSACTION 1587190016.904977 8e40eb5368295a5ccbb5578029a38ad5 7 10 121 207118.257513
TRANSACTION 1587190016.940533 427f0b36f3afeb1e629f1b61e44f11f5 14 2 2 207118.294669
TRANSACTION 1587190017.110117 298c8dee0ca7ece5e418d3fb099625e7 14 8 1 207118.462084
TRANSACTION 1587190017.147515 2e6c16c94a1e45fb95c8bed3f48189a8 19 20 3 207118.499026
TRANSACTION 1587190017.167917 50e057274fa285ab1c82ab33407cd17a 17 22 1 207118.518767
TRANSACTION 1587190017.200528 a2fab480f5f6ff1f76713e5d9e28e72c 5 19 7 207118.552368
TRANSACTION 1587190017.200303 56a0f6c923f06ce1cbe60da7c6b03180 15 6 196 207118.553734
TRANSACTION 1587190017.232846 aacaa3cdf917adbd21aa037bdfdce0ff 1 21 453 207118.582962
TRANSACTION 1587190017.445431 ba69de686d6447710b31fb2925cdb3eb 5 21 1 207118.798399
TRANSACTION 1587190017.449834 72ca889648495da54fa3022db31794c1 13 3 14 207118.805579
TRANSACTION 1587190017.579278 8f8bd08c8e55fa4d61f5671165981448 8 15 1581 207118.929967
TRANSACTION 1587190017.594782 d1b7a58760133c5de4e2af23b7ff17ec 11 19 941 207118.948578
TRANSACTION 1587190017.675642 9525ba44d86bec1050856fedf39a6f94 8 7 56 207119.026582
TRANSACTION 1587190017.672215 564c99ec5f2af0a42029c546e8622b14 6 19 95 207119.029373
TRANSACTION 1587190017.689931 f672640abc3d34ee2c9d288970b00cf9 1 6 61 207119.041192
TRANSACTION 1587190017.794386 a3bb495a1b83f3a51a9090a1991e8a56 11 3 506 207119.148223
TRANSACTION 1587190017.816816 8978fe97af4b37f5fcc5d7b1e8bbf33b 1 2 38 207119.166823
TRANSACTION 1587190017.870237 52e7c6fd508a49d73ccdbd65af206ca2 5 22 10 207119.222867
TRANSACTION 1587190017.940756 04375d8ced82bd0c2a1229e94cb506b2 10 2 180 207119.291921
TRANSACTION 1587190017.963266 f23e3b502fb2fe370d01b3759a124947 12 14 28 207119.371344
TRANSACTION 1587190017.983681 484b6e4e53ffb3ed34f4b345ff75c755 22 23 10 207119.371356
TRANSACTION 1587190018.000021 3a19ca97997d5f1698438821a8e2bbe3 17 9 1 207119.385431
TRANSACTION 1587190018.078476 0bfca005b6d0a595fb1d9f22b53580d4 21 16 495 207119.429971
TRANSACTION 1587190018.156000 1d6a75c87ae69a8723fcb8ce13e8547e 12 10 3 207119.506436
TRANSACTION 1587190018.164413 b1974a8800a7d50c83f4d7f5f3f160e2 16 23 248 207119.513871
TRANSACTION 1587190018.187735 620ce39b91f93c2ebcd5ff20a289cc80 15 11 6 207119.541574
TRANSACTION 1587190018.204094 9f1001d49fa8c939694eb2b5e063cc77 12 10 4 207119.556902
TRANSACTION 1587190018.248468 0d130ba50f16760e4d55e1e07c615a2e 18 13 391 207119.599269
TRANSACTION 1587190018.384021 68dd51d3cd57636f427e7e4b00c10c98 13 14 252 207119.736562
TRANSACTION 1587190018.406576 ad9beee86df0328520c22f31a6db36a3 19 23 389 207119.758756
TRANSACTION 1587190018.463044 02e35d1bb4f27136de4bd0d0bcba1ec4 6 4 102 207119.816052
TRANSACTION 1587190018.503509 8b554a2d12174250116a66dc60b610ef 21 2 238 207119.855447
TRANSACTION 1587190018.530956 7808514e7941208f734ac3aa03243d9b 10 1 17 207119.883051
TRANSACTION 1587190018.539372 2850b507d1c7fb2fe1f7da48a1e85702 3 13 92 207119.891507
TRANSACTION 1587190018.566709 08acc5c4cd2e61ed192d4b13bfaf007f 0 13 103 207119.918687
TRANSACTION 1587190018.606156 d2e0328326be0f8d20eb6954f1f2fc09 16 1 82 207119.958576
TRANSACTION 1587190018.698684 f46c5bba4eecba8f13e4fafcb46e5dd8 15 4 1425 207120.048829
TRANSACTION 1587190018.783240 34b386737a02419cf84f0c79b7b39244 19 9 447 207120.135126
TRANSACTION 1587190018.847231 316d1b817e5f1a3e4cc7a21b37fde431 3 21 545 207120.200425
TRANSACTION 1587190018.966811 7b018dd1638639210c0ced439f0c93c8 14 9 229 207120.316350
TRANSACTION 1587190018.978413 7313b1bed5162448c744283bcf6c9874 20 12 151 207120.328547
TRANSACTION 1587190018.979923 2584a7dd8d02d9782f83a9b9c68ba0eb 21 13 357 207120.329496
TRANSACTION 1587190019.014387 df3f69e80fd5a596115c3797e40a4025 20 7 2 207120.365017
TRANSACTION 1587190019.014696 3f8e909897b0dfe8d18260a3fb811bdd 22 7 1 207120.374776
TRANSACTION 1587190019.033997 022f01e94bd7bf60428c2d202d11b50a 1 14 29 207120.383548
TRANSACTION 1587190019.055362 050da2bff180b395ea3bfd48531e35e9 20 16 7 207120.408514
TRANSACTION 1587190019.066708 90a9101c100163930a1dbeb789716e92 2 19 253 207120.417861
TRANSACTION 1587190019.121119 35dd8759b9f2b835d3747605af101c9d 15 19 272 207120.472651
TRANSACTION 1587190019.143874 65312f99487927d857956c69cd8b4526 9 19 77 207120.495098
TRANSACTION 1587190019.141550 9cf9ac91d9d9214e9c6ab5315ab54c21 6 20 136 207120.498392
TRANSACTION 1587190019.164224 af9721685eb86adaa1e17647a6b3842a 1 4 69 207120.514169
TRANSACTION 1587190019.184748 606fbef2bf28d8e2a04f352a30cc6514 11 12 57 207120.534713
TRANSACTION 1587190019.320764 d1a50a78b140a1d846efb6040542b048 9 4 427 207120.673445
TRANSACTION 1587190019.332187 6211a5a2c03682959aab1f8ea45bb4fd 18 2 164 207120.681924
TRANSACTION 1587190019.383844 a96e1f814e3972fc6b4ab9e19e4e0309 2 9 141 207120.736002
TRANSACTION 1587190019.383564 e8f0d9c0870bf1f65f1df54622a393b4 6 7 53 207120.736013
TRANSACTION 1587190019.454253 8f25cf52279a559ee974ce89bcf168c8 8 18 119 207120.804231
TRANSACTION 1587190019.500741 62b543ae9e489fdb7ddd5a02857e540f 12 18 160 207120.849732
TRANSACTION 1587190019.575242 4df3a6132ab9e00a3123a0127dc54d80 11 12 32 207120.924933
TRANSACTION 1587190019.576717 1b4bee49ef59a002474a8d8a20b77d7d 23 12 381 207120.927359
TRANSACTION 1587190019.652129 f99d97644c62a9c742096c71b8952553 15 2 81 207121.004270
TRANSACTION 1587190019.672541 58a4190d4476e7c718070feabf9cecbc 0 21 123 207121.021946
TRANSACTION 1587190019.720919 f10fc53da150bbe5b6e53b9fcae5c4c4 4 17 57 207121.071078
TRANSACTION 1587190019.859463 e60f039ccab6b7b8d9b71936db7b04d3 3 14 74 207121.213471
TRANSACTION 1587190019.983150 68ae18f0078d4b05fcce0331657cc86d 16 14 62 207121.340508
TRANSACTION 1587190019.996394 76f21d9dce1a4e444f5a2f9fb2240c8f 16 7 44 207121.346169
TRANSACTION 1587190020.034797 3370f00fdfe20ec5f8d01bb07ca36f3c 6 16 14 207121.387654
TRANSACTION 1587190020.100299 f6151973319aa898b8b2a2ca3dfe3d3c 3 18 5 207121.450775
TRANSACTION 1587190020.241208 c95efae69b777a30abfeaf3294159ac1 19 12 366 207121.594170
TRANSACTION 1587190020.382796 740f5bbddf4a3fecabde1c50e8bf0356 7 5 109 207121.735185
TRANSACTION 1587190020.502561 30bd1be9d1d20cc249d50f57280324bd 3 11 1 207121.854918
TRANSACTION 1587190020.517028 42b8e24919491958f04e4a0db9317333 7 9 62 207121.866946
TRANSACTION 1587190020.523475 67b3574b9cfc8258625b25285f5e630a 16 23 10 207121.872586
TRANSACTION 1587190020.614945 c905104eae9feeb6f3610341366e9168 11 21 618 207121.970702
TRANSACTION 1587190020.668601 3620b75ea7b0aa6efc8f0ac0ec50d268 19 7 93 207122.024029
TRANSACTION 1587190020.699671 2c484db9e84e6f9f11fa87cbdcc13be7 10 23 74 207122.049505
TRANSACTION 1587190020.950140 02ea011b3f45418a3f401f19cfcb090c 13 5 62 207122.299552
TRANSACTION 1587190020.978647 fec0315cf91b52bb00eb60f13474bcae 18 9 72 207122.331896
TRANSACTION 1587190021.008118 d6a6dbe0d8d45ec13151477c83903480 18 16 236 207122.358224
TRANSACTION 1587190021.283003 e13ea4c1a46b9dff0675e97fd29d70a3 21 23 494 207122.633624
TRANSACTION 1587190021.310080 92bda082c446fa36d5ff259bc159b851 21 22 401 207122.660117
TRANSACTION 1587190021.391019 643ae806e7a24d056c71edab05c24bbe 21 9 72 207122.741103
TRANSACTION 1587190021.507673 fc2e3516806cd4b9d9a9217e890ff770 23 24 1070 207122.857095
TRANSACTION 1587190021.576167 529a25bf477d7e7d2cf2b7736ce72c8f 21 8 8 207122.925890
TRANSACTION 1587190021.667265 87333cc79d2f121e999b8d64e996f094 7 16 23 207123.017861
TRANSACTION 1587190021.970712 9e332ac29868baf83069dcb99e3404ee 18 5 66 207123.322345
TRANSACTION 1587190022.204900 ef9a8a4b642446e3a8d54794fabc5474 11 6 82 207123.555186
TRANSACTION 1587190022.278506 dfcbc600ee498ecaf0093ac0e6b53978 3 20 491 207123.629810
TRANSACTION 1587190022.411873 7a7dbbc10f4980838c50801edca1770f 0 14 812 207123.760889
TRANSACTION 1587190022.416435 5f07337768ef85884f7785d67ef18548 14 15 563 207123.766970
TRANSACTION 1587190022.514729 93531708292180ef0ca2ac3547952206 17 9 58 207123.865157
TRANSACTION 1587190022.788275 6352359d6afc1edebe8a832606271a1f 16 11 133 207124.138852
TRANSACTION 1587190023.009409 c4224d4c6e0f29a0c510a2c43d780aff 0 14 798 207124.359551
TRANSACTION 1587190023.184745 bee098cc466d302423f56a2072ce2166 0 19 654 207124.535236
TRANSACTION 1587190023.491032 8e23ad416740e55d5756740d4dff6abe 9 20 1128 207124.841606
TRANSACTION 1587190024.136959 bfedd8e719ee8b0a01d93b052f61b324 18 19 942 207125.486605
TRANSACTION 1587190024.187881 cefded37ce62792ca62868251261dc1a 10 7 2 207125.538204
TRANSACTION 1587190024.254041 0f660dca2897ec25b34d410c1a5be00b 16 11 301 207125.603735
TRANSACTION 1587190024.374495 a9667c9ccbb7019035c7aa9c1b827d50 2 18 188 207125.724508
TRANSACTION 1587190024.495066 c2416f73f6572ddac2c6fd3d55d338be 3 5 233 207125.844603
TRANSACTION 1587190025.711085 9ae1a8816b246407728d3e97eae3fc89 20 24 161 207127.061486
TRANSACTION 1587190025.816993 69073879a71e623629ba6728d63ebd9c 5 11 86 207127.166715
TRANSACTION 1587190026.025581 f7746d8650cb1b43af5ce439a5f95300 18 14 11 207127.375270
TRANSACTION 1587190026.191675 c5abb2af22bd7e5d4ce484c24bf302d0 7 22 27 207127.542594
TRANSACTION 1587190026.579969 74cef1cc03c5665f81132eef853febcd 7 12 2 207127.931049
TRANSACTION 1587190026.687782 cfe42eea8f33822bcce875e0bffe0920 18 21 10 207128.038073
TRANSACTION 1587190027.057245 36ccd170b540722231342a56fb0b53c7 2 13 82 207128.406822
TRANSACTION 1587190027.586682 f33407ed4f930cc09e3744cae1b9c4e0 17 3 302 207128.936448
TRANSACTION 1587190027.794136 6cb554d91eb2d55e7a0e0a0a4e39a774 0 6 402 207129.144094
TRANSACTION 1587190027.937605 7e3154617fbb3591af7096e54f1bc7fc 25 11 3 207129.287643
TRANSACTION 1587190028.054802 8ef0cb48046a9046fccfa713961672d7 19 5 1104 207129.404747
TRANSACTION 1587190028.332290 4c5acae72e17b9ef472b7941af4c02a5 26 2 209 207129.682107
TRANSACTION 1587190029.193481 069f0eb44cd5f861da42e460d798d126 4 10 337 207130.544028
TRANSACTION 1587190029.385798 f5518724c28da9ba9a96dadc59bb627d 3 16 80 207130.736172
TRANSACTION 1587190029.474654 ac9f960e889f7f8e3448de024a96a369 21 6 324 207130.824104
TRANSACTION 1587190029.825027 5c89bd524dc1b3f11d5c65597a7b21ca 11 13 716 207131.175065
TRANSACTION 1587190029.849451 8370635da8d91b9d8029fdceb09ba6cd 17 19 5 207131.199943
TRANSACTION 1587190029.917884 10837da6834fb8af2c873f8c6b551c8e 3 16 4 207131.268386
TRANSACTION 1587190030.026439 fa0f48db699654f01eb828a27bc963b9 20 14 1 207131.376167
TRANSACTION 1587190030.221612 29dd5713cd1c653d02546deb13e626d9 1 28 94 207131.571058
TRANSACTION 1587190030.317957 2cfe208fb42ceeb27a404d22b8d6643e 28 19 50 207131.667645
TRANSACTION 1587190030.380745 a7d39775f0ba9c3afc7b793e2619999f 2 27 329 207131.730202
TRANSACTION 1587190030.554858 2497e1c858f8e8b746eb62a296d7e168 5 1 528 207131.904655
TRANSACTION 1587190030.595604 0f4d08ea58d4b3fcd02f769ece472943 8 14 28 207131.945009
TRANSACTION 1587190030.837712 f5c2339f6cd9cfe6a7fc17381292d260 5 23 320 207132.188361
TRANSACTION 1587190031.022019 2deade9c23de837c08c906e314bcb4b0 25 19 10 207132.372168
TRANSACTION 1587190031.338204 4bb61c96ae1e986e38071e67cce03843 12 2 270 207132.688671
TRANSACTION 1587190031.462240 0ea369a7aa978f4b3cc52049e5f02840 3 12 1 207132.812995
TRANSACTION 1587190031.464578 c79a9a176b980cbb1668d3c43a7fa662 2 6 265 207132.814748
TRANSACTION 1587190031.867291 41aeafe2c8ab06b231ca8e4200679daa 1 20 68 207133.217431
TRANSACTION 1587190031.965055 1a286e8348f5d4a3d29dbcd5f78157c1 20 24 540 207133.316031
TRANSACTION 1587190032.638868 1b3c769891ce276ec984f7e901aa6f1e 30 10 210 207133.988762
TRANSACTION 1587190032.649244 ff4a0add73741b36381582a6bb535355 4 27 353 207133.999317
TRANSACTION 1587190032.751452 1d091dc1fb283eaa64fbefff50ca6f2d 4 18 66 207134.101588
TRANSACTION 1587190032.765052 6872aac7430fd1c66d8ce4d5a558e836 30 8 28 207134.114007
TRANSACTION 1587190032.976315 40b93a4379ea7d197985549ce879fd4d 20 11 261 207134.327323
TRANSACTION 1587190033.050891 42135c29cdb17e0af90a65d7ecfebc43 15 9 934 207134.401952
TRANSACTION 1587190033.182102 38d1718eeb656e757162c26875a40d0f 23 3 182 207134.531820
TRANSACTION 1587190033.274737 e58130a8a245726b8bc94f60483dfa7a 3 4 70 207134.624986
TRANSACTION 1587190033.440712 9742b73bf55e8724f03945527e803f6b 23 31 38 207134.791724
TRANSACTION 1587190033.448987 ab66292ef944a72e2c17991d63517fd5 21 23 20 207134.799020
TRANSACTION 1587190033.621704 3fb7f7f971b85401b5258ebc82af2c9b 23 9 68 207134.970653
TRANSACTION 1587190034.067308 bc0064e5f3fd86b2528761611ee7acdc 12 15 3 207135.418317
TRANSACTION 1587190034.138084 b2187560a920955115477a3b498911db 30 1 33 207135.488182
TRANSACTION 1587190034.215899 c7a39f1c6152d87e4fc30a00c948555f 19 15 1017 207135.567240
TRANSACTION 1587190034.255585 ad178ea29286badeadc094d22cc599a2 27 22 503 207135.606361
TRANSACTION 1587190034.438455 416d44baa36045a0590c63f4011e64a1 20 14 22 207135.788420
TRANSACTION 1587190034.594362 0492fa621114abc283e42993f3016346 21 24 20 207135.945110
TRANSACTION 1587190034.921508 ac997a5adfe37488121eeaa791147198 13 29 108 207136.272939
TRANSACTION 1587190035.000841 555f97030bd82406604a609ae367c628 11 5 164 207136.351744
TRANSACTION 1587190035.042494 77c95582906d03918ec38a5236c90c2b 13 18 95 207136.393065
TRANSACTION 1587190035.117902 34f755ffb5b2d83b6f5251f00a70b2e4 12 6 48 207136.467809
TRANSACTION 1587190035.130275 66ce78b32df5c71e09ad454dea026868 17 20 2 207136.479476
TRANSACTION 1587190035.351642 4c8c93ffae8353dc43e0afda3ce043d4 27 4 107 207136.701726
TRANSACTION 1587190035.403157 befa8ea50a301daf3c5858275bcc7bf0 5 15 90 207136.753536
TRANSACTION 1587190035.750993 d7a32fce41521ea6c163ac484f419b83 17 16 4 207137.101467
TRANSACTION 1587190035.803777 efda8e836aa50c8c11ae1fccd819fd46 31 17 289 207137.153873
TRANSACTION 1587190036.389711 42f074d7c29a4a2055a8ebac4260b485 3 33 2332 207137.740089
TRANSACTION 1587190036.431468 44a514db3c613800e819d491493a0cfa 8 19 1282 207137.781414
TRANSACTION 1587190036.635547 daa08924d7c4312ec7990ec3180798b0 24 30 709 207137.985654
TRANSACTION 1587190037.276625 be7abad1d7957bad9b044e303f9bafc3 15 32 308 207138.625980
TRANSACTION 1587190037.340794 73f4128b720f37559a7b1c414d2ae9f0 2 15 87 207138.691400
TRANSACTION 1587190037.442009 663a115fb1a1e007982f2cdc6a43b54c 4 7 171 207138.791631
TRANSACTION 1587190037.487755 d1115079a55448a84d336ffadaa608aa 32 18 227 207138.838628
TRANSACTION 1587190037.512057 bf161e5b73dac33c7b7c29e0dab9dcdb 9 12 51 207138.862173
TRANSACTION 1587190037.623287 6b8101bfad05970ade8952e5df40f5bf 33 34 1090 207138.974077
TRANSACTION 1587190037.634643 0bbc1812a4ba6a1ad864e979dd3afa4e 13 23 224 207138.984472
TRANSACTION 1587190037.782790 f77e519c4f646b5bd5448634d6bf81dd 14 32 17 207139.132614
TRANSACTION 1587190038.084303 b840e430e6c8c441b63c3d78030caf30 21 8 413 207139.433744
TRANSACTION 1587190038.496175 06ab12dd7c02be088a2bdba0cbf13166 3 33 325 207139.846149
TRANSACTION 1587190039.043562 f4d31a540ab6a8f7c50275388595afa4 11 14 130 207140.393348
TRANSACTION 1587190039.171425 43557004202f1b94427a6b7745e44274 32 21 54 207140.520933
TRANSACTION 1587190039.276822 04ba70bc2a33de6f724dd946ceb422d0 32 11 131 207140.625803
TRANSACTION 1587190039.480563 f9c0f39e2e81c0f13e444fb98d674401 3 32 14 207140.830348
TRANSACTION 1587190039.744874 419a39ac5ec08a61f812e3c530673a15 19 35 170 207141.094884
TRANSACTION 1587190039.845313 46a622167788c660301f7e1b2a05206e 0 24 240 207141.194903
TRANSACTION 1587190039.936209 daa6a2c27ac32867abd714ae5881c23e 19 27 112 207141.286937
TRANSACTION 1587190040.744817 018f917052f41a5763f3e94c4ef62824 2 33 90 207142.094207
TRANSACTION 1587190040.782537 703da1dc20c68ac50ebc4c5f503c68ef 34 28 132 207142.132132
TRANSACTION 1587190040.833289 1666fcffb8acf9d88aafb8e67de8c9ce 31 2 365 207142.182998
TRANSACTION 1587190041.259514 1e889506bc391e38c0c7714edfa0041c 14 4 23 207142.608850
TRANSACTION 1587190041.571479 24ee281dc72ce657f89d79d5331c7135 33 27 505 207142.921265
TRANSACTION 1587190041.797707 aca68744b491b5ade67f608bf0dd9745 12 5 91 207143.147404
TRANSACTION 1587190042.246906 62e524c6b8c789468aa8112d17279b2d 12 28 38 207143.596369
TRANSACTION 1587190042.389194 569c722fc68c21a19136f4496e05ddbd 14 5 2 207143.738519
TRANSACTION 1587190042.492028 80ec8982cc8ad6abb14097155ceb35ea 17 33 44 207143.842452
TRANSACTION 1587190042.568615 e5b768b0e062c73d437e7dc670e32f05 23 31 917 207143.917977
TRANSACTION 1587190044.004955 a1e676eddef6f29a70e1c33178c236a8 16 19 361 207145.354489
TRANSACTION 1587190044.487285 4a26c9de043e15897565825ff8931522 5 36 682 207145.836805
TRANSACTION 1587190045.547267 3a3c229749c69c613cf986e40f2e32de 22 24 43 207146.896699
TRANSACTION 1587190046.244799 fec6abadf5933f8f85c343c6e56e1de6 16 31 1603 207147.594160
TRANSACTION 1587190046.246909 6cf4600f0fc0f1349ad91bcf06834cc4 18 6 34 207147.596992
TRANSACTION 1587190053.805202 57e3bb6a2d1ade9276242e3abc0b1fb6 3 15 32 207155.154300
TRANSACTION 1587190055.728923 c3db5b3a4260eb9967f6a26af654647a 20 21 2386 207157.078040
TRANSACTION 1587190058.770962 f46af8d69bb11fb5fa54d9446fafd4cb 4 9 195 207160.119964
TRANSACTION 1587190064.343613 d245dc9eaee7a1e97b1753753030472e 32 41 54 207165.692580
TRANSACTION 1587190080.758793 508721f4adf1871d02e1ebbf84a29665 25 36 4 207182.107787
TRANSACTION 1587190082.628545 b2667c77e57689e9a5063659b7c7d4eb 9 42 679 207183.977593
TRANSACTION 1587190084.703280 2940015e654421d2d2c910cb41d58060 1 10 6 207186.052378
TRANSACTION 1587190089.526468 3a076cb6a919f5e9afc17ec5da0352b6 11 31 2 207190.875464
TRANSACTION 1587190091.106028 e79191ec80ab90b090e64750c05a44ed 28 6 1027 207192.455334
TRANSACTION 1587190093.398984 36f8d39e13d153871fbc698ad8bace7b 55 18 26 207194.748134
TRANSACTION 1587190096.477660 27252a3d0fce2720adda3e198e42ce9a 6 19 394 207197.826655
TRANSACTION 1587190099.359443 b5c64d544552199320808ff63647d16d 45 25 146 207200.708552
TRANSACTION 1587190101.631564 e0831f4672b59bb6414fc3b754bda23e 40 54 32 207202.980562
TRANSACTION 1587190105.438757 844a1ecd91eccb8b8405ad5378c6a72b 14 50 19 207206.787905
TRANSACTION 1587190106.032366 7e9b89f20a0338773174bd9565cae904 11 43 306 207207.381767
TRANSACTION 1587190107.838558 73bc629a113836f42a48c057480e48d4 47 63 12 207209.187753
TRANSACTION 1587190114.896087 5ebaff068a415eb57d387c45393eb517 37 19 104 207216.245255
TRANSACTION 1587190124.435058 0381e2dd951d10bd1a3c20e579ef05e1 65 26 137 207225.784146
TRANSACTION 1587190127.693977 34f49456fe2eedf07d2226f143b99af6 64 61 80 207229.043018
TRANSACTION 1587190133.445138 962b9ff1ab513063506383dcae805592 73 49 85 207234.794172
TRANSACTION 1587190133.686073 992491c8db6e05e798ea8e89347adeac 37 53 300 207235.035328
TRANSACTION 1587190134.840900 c1796d9d7600ec25d6be47e4a6335004 26 58 65 207236.189984
TRANSACTION 1587190144.954622 041e09d6ad76ad6cf41ce3cee003f79f 1 19 55 207246.303601
TRANSACTION 1587190146.391360 684cd710ef3bd0e79c620c7f9e043a6a 38 24 3 207247.740333
TRANSACTION 1587190149.160024 6fedee234997b5925b5cd287a5290b1a 25 44 34 207250.509607
TRANSACTION 1587190154.249397 ba31eeec861a12abdb478e2cb9a44ec8 48 33 28 207255.598415
TRANSACTION 1587190154.769500 9938c48619e8788899b521153e829e02 33 79 82 207256.118624
TRANSACTION 1587190161.783818 a949390ebd7e4d4c25288ff19fa2cbb6 66 15 143 207263.132918
TRANSACTION 1587190164.223455 cd10bdfd58cf6997cae01c2d1815b750 56 11 627 207265.572588
TRANSACTION 1587190170.955926 662c8020bf2d934335b604a3e8d12793 44 60 43 207272.305310
TRANSACTION 1587190172.280282 96ca4bd0ab41d8e48637b6eac2cc9bf5 76 65 37 207273.629485
TRANSACTION 1587190173.493471 a23a7b3630db494db8534ee2d8be5459 22 27 35 207274.842588
TRANSACTION 1587190177.461915 a7ed2a486d570e74dfdc1cc2fbf55cad 27 46 209 207278.811133
TRANSACTION 1587190179.891249 aa1ef474f422554b53aaad7fe6b43c9a 69 77 1004 207281.240392
TRANSACTION 1587190191.634221 5d447a3703f0929179af63a27847dfc4 12 36 137 207292.983306
TRANSACTION 1587190191.692954 99d2db24c042efab5e5602be0f322567 39 5 13 207293.042023
TRANSACTION 1587190192.516589 b0f8b76d1e24ddc5840bb7dbd302ba8c 48 33 898 207293.865756
TRANSACTION 1587190192.580439 cc4666c6e17d9501cc856ee47e79d97b 25 85 49 207293.929645
TRANSACTION 1587190195.730760 a66043df8c12c42942a3aabb4b558be2 42 58 48 207297.079779
TRANSACTION 1587190197.187104 4962462d4185e1d50b82a3fcdd45d59d 19 51 12 207298.536203
TRANSACTION 1587190201.930260 9601e841a81173a4e8219098874f643a 25 71 16 207303.279430
TRANSACTION 1587190207.242762 3cf9f30619273881c6b91036330edb5f 68 62 233 207308.591872
TRANSACTION 1587190210.877967 d74c5bc08a5580177c919096c0c845da 76 12 345 207312.226972
TRANSACTION 1587190211.088192 29b2f5741db891b627d12074a4ef898a 58 71 524 207312.437376
