TRANSACTION 1587190006.588654 9ef03be74fb9b6a83b1248d4d3f7b1c2 3 9 7 207108.381282
TRANSACTION 1587190007.074403 7f669f162b94f0573a44631c3078de16 9 2 45 207108.424271
TRANSACTION 1587190007.127938 f78cede42a8f7cb7d54df01f20d20a3b 3 8 143 207108.480002
TRANSACTION 1587190007.188504 9a660a43c79fb93fec107b121c968e02 4 9 85 207108.537764
TRANSACTION 1587190007.242953 73531223ff2b1dba59accf55beb15a93 1 3 429 207108.596892
TRANSACTION 1587190007.265365 4dc8b8d82742695f2f77d12a53004441 2 8 1318 207108.614783
TRANSACTION 1587190007.273664 f2c4297f7959ea4b5fe51088806c7557 8 5 2507 207108.626576
TRANSACTION 1587190007.312984 d97d864b82099eada4ef17f0050ca013 7 6 16 207108.668099
TRANSACTION 1587190007.323417 4e8a44206c224c869d3d255ad9a7fe28 4 8 43 207108.678805
TRANSACTION 1587190007.353857 035da1977b2c5f49e4d4111fc6c552e3 9 10 11 207108.708290
TRANSACTION 1587190007.423774 a8613ad8a73ee8cb4a6b66dafe15efa1 8 3 114 207108.779040
TRANSACTION 1587190007.422320 eb5c2c662e9fd5f27912a42a5e508629 5 4 1065 207108.779056
TRANSACTION 1587190007.443091 49bc78ac0afd7bfe4142dd72e25ee419 2 9 316 207108.797680
TRANSACTION 1587190007.466430 974b07bb085aea82ddb5b3468902a86b 5 6 246 207108.820609
TRANSACTION 1587190007.472202 dba5a2226721ec6982feef54e9b5f6be 3 2 75 207108.831704
TRANSACTION 1587190007.482514 9eddabdf42a0a68003df4677e7bc2c02 8 7 1 207108.840239
TRANSACTION 1587190007.496830 362b86b9436f5485422dfc5e322d636b 5 2 620 207108.851522
TRANSACTION 1587190007.542199 aaa796a5e7d4497e425f75bb9fb27dfc 3 10 99 207108.897241
TRANSACTION 1587190007.650780 b76b188f281deb016e7932c486ee25df 9 5 114 207109.005518
TRANSACTION 1587190007.678200 c66a870663fa288a4cb55e8b23143800 3 7 455 207109.032607
TRANSACTION 1587190007.699520 91740dee9b2e66e14f8374292e4d7c56 0 6 753 207109.053937
TRANSACTION 1587190007.740889 b19c09ea3bbb1a92621d2fcb8afbc9ba 9 5 197 207109.095640
TRANSACTION 1587190007.796356 1d12066f20aa2e32bcd26c268fc9b359 10 5 106 207109.151078
TRANSACTION 1587190007.965948 0d19a24490f62110995fbd7e27ebdd5d 5 7 313 207109.320932
TRANSACTION 1587190007.973421 88a609df5893b1d7104fd6489dbecec9 6 7 473 207109.328144
TRANSACTION 1587190008.023864 366ebf1758e5ee64ce967710c51d5886 9 4 38 207109.379223
TRANSACTION 1587190008.044289 2ff1e5c3d08b428b20685e2a55d97214 2 3 372 207109.398582
TRANSACTION 1587190008.092738 12ef01f1e49ea6d8bf7b1955052675fd 9 11 15 207109.448400
TRANSACTION 1587190008.101129 788d8f182cf149fc0766803587166a5e 2 3 23 207109.454724
TRANSACTION 1587190008.252629 b1a556a1c942eddb6c92f202db7f963a 9 5 29 207109.607731
TRANSACTION 1587190008.272049 b723986204e88322b1df33ac3901eaed 9 6 3 207109.620878
TRANSACTION 1587190008.291373 26621f3c68986c122c03b7296303d694 8 6 4 207109.645762
TRANSACTION 1587190008.385816 ffea4bc28366e3990ac0d4774012aa78 10 5 4 207109.742053
TRANSACTION 1587190008.681578 db1faf32fbd3bd0da9f8de433415cfe7 11 12 11 207110.036925
TRANSACTION 1587190008.697013 eb637c37440e98bc203e016a13f4806d 11 7 3 207110.051069
TRANSACTION 1587190008.713386 ece1fce8495e0a0fa9cc190f57e540ce 10 9 7 207110.067968
TRANSACTION 1587190008.771802 9ff75fb9534e45b31775e4a2dd685821 11 5 1 207110.126981
TRANSACTION 1587190008.864313 fe6734177efd789c58543647780d8b77 3 13 238 207110.220076
TRANSACTION 1587190008.990905 9582c8aa9db86180dba30219dd69e1a0 13 14 177 207110.340071
TRANSACTION 1587190009.044404 b0415855326b5ec6cbf6673019329a50 1 9 466 207110.399865
TRANSACTION 1587190009.075822 8ff1d752808b4bb49b973c7759a5ba1d 7 11 631 207110.430485
TRANSACTION 1587190009.144252 879b1c944bb424a3dd0c7d769eae9108 11 2 209 207110.500205
TRANSACTION 1587190009.288825 1dcf17edd49f09aa065337bdf9171398 2 6 224 207110.644455
TRANSACTION 1587190009.366313 ca897c6482bf92898787223d0d484a50 2 6 134 207110.721894
TRANSACTION 1587190009.373779 8194294fdd8ca96d56e9fa1c1f48061a 1 2 46 207110.722866
TRANSACTION 1587190009.462239 03c4de758f6d6f70f3c4bbaa3b675f6d 3 13 124 207110.818490
TRANSACTION 1587190009.502724 80f26ada1ec2871c2baaea681890215f 6 9 778 207110.857977
TRANSACTION 1587190009.571203 ee8e8a9a241e87f5e384da9d569db64c 9 13 227 207110.926764
TRANSACTION 1587190009.641711 39a38e99c3277dc646cad4b7b7bc9b4b 1 3 183 207110.997141
TRANSACTION 1587190009.679143 b630dbf81206d77dbe8cddec825b7996 4 7 302 207111.033895
TRANSACTION 1587190009.724550 58bb037cd30b9e6c49c3da913e6abb18 12 15 1 207111.079434
TRANSACTION 1587190009.852087 5a813674c0e94c0a7d466a5be6cae509 8 14 1 207111.206914
TRANSACTION 1587190009.862521 5333fac3a33deb4bd602e1c8d2a34637 12 10 5 207111.215798
TRANSACTION 1587190009.881821 dc3b4f3b26d900123f48d6ef16e46c7c 5 1 280 207111.231135
TRANSACTION 1587190009.885121 9ac844c4c5307244e53ef2a02b1931e2 1 7 215 207111.247955
TRANSACTION 1587190009.967541 2206593f7edc8d601ecd147ca70b42a0 15 6 1 207111.321809
TRANSACTION 1587190009.979982 6be18ee82c31519f73269a9f9cb9c393 4 13 223 207111.334088
TRANSACTION 1587190010.007350 b369760a07d3c40c959b1751f7aab853 0 3 96 207111.361022
TRANSACTION 1587190010.052709 e85454b8bf52fd53b80d5dc710db96fc 5 8 242 207111.403578
TRANSACTION 1587190010.058053 275306193402d92d48c8ad4ce5a26f98 0 13 674 207111.413924
TRANSACTION 1587190010.195535 d4ceec5dec25d91c7a174445ef0806c6 13 2 1253 207111.551261
TRANSACTION 1587190010.269053 cc6aaa2d66172c119953fc32113104b3 11 7 145 207111.624010
TRANSACTION 1587190010.326525 c780ff449cb899ff3cb4cd3f5ba1994c 11 8 15 207111.681304
TRANSACTION 1587190010.396012 222194d2a63f2c178086f5e4af12149a 7 15 323 207111.751104
TRANSACTION 1587190010.406410 27217e366c17a0f50a5c25e8f79de66e 11 1 107 207111.760799
TRANSACTION 1587190010.449770 68bf6d38d93803d690c912d75cfe17ac 3 14 294 207111.804990
TRANSACTION 1587190010.494227 b93081aa362a7c08c859c53082a5e421 8 10 61 207111.849687
TRANSACTION 1587190010.509611 f4bc2f35a76f67e6b971018b875a5d7c 11 14 38 207111.869874
TRANSACTION 1587190010.514935 4e2493ed5b824652cfaf61fb2ab220b7 15 14 279 207111.869883
TRANSACTION 1587190010.515141 03b85fcb9ca549c2aa9d0bf5b6e34000 9 11 852 207111.872970
TRANSACTION 1587190010.535421 b1299a2cb016ac714618115067e19e2d 8 4 173 207111.890561
TRANSACTION 1587190010.542743 cb8cbfc536a0af07c4a04dd0258df4bd 5 3 178 207111.897393
TRANSACTION 1587190010.699290 bc0842161e6547509200d71ca0b3a5a0 14 1 29 207112.048806
TRANSACTION 1587190010.715740 1919db850bbc53557b68ab5621e865b8 1 12 78 207112.070329
TRANSACTION 1587190010.762090 b70e36b05728f147650734e767e2461d 1 11 10 207112.117781
TRANSACTION 1587190010.772435 400851c4215fbf9fee4fc379f46b1299 5 3 28 207112.127098
TRANSACTION 1587190010.817798 f08a1ac25a9e1ebaf33f04314924f710 15 9 16 207112.173388
TRANSACTION 1587190010.867247 6934053aee470f972514e21ea59c2dce 0 3 578 207112.226710
TRANSACTION 1587190010.872710 034aacb3cfd6755afd78df707306e8ae 15 7 11 207112.226726
TRANSACTION 1587190010.905103 3d7659324baf075bff9c222d3f35b3ff 0 8 573 207112.259847
TRANSACTION 1587190011.004690 deb5198fbe4430fba5f91aacf6195b8c 8 2 343 207112.360089
TRANSACTION 1587190011.060292 593e24838971a1d1166e482e7431abfe 8 4 15 207112.415640
TRANSACTION 1587190011.272980 a78407d0b4ed2641f18cfa4fbb7206bf 4 13 178 207112.628254
TRANSACTION 1587190011.316638 9634b6763bbfc60460b60069c2ef4df1 7 15 554 207112.671159
TRANSACTION 1587190011.383264 39444d9515aec0439cc05e2b7f2a23ad 8 11 19 207112.738270
TRANSACTION 1587190011.443868 07d8abde015c8202f53469763d14b6c6 0 14 739 207112.802707
TRANSACTION 1587190011.447345 40f8ccfd6d1cab2374bb101844321a11 15 13 116 207112.802724
TRANSACTION 1587190011.509712 5ba1b98184ffc0f1f554b73af0c298dc 3 1 260 207112.864472
TRANSACTION 1587190011.527212 080ba8f8b9668c57a2f070366254ff2d 3 16 354 207112.880976
TRANSACTION 1587190011.816857 c34a5ec25b94c5683ac507332f79e31c 5 3 4 207113.171561
TRANSACTION 1587190011.829284 c0b9b716ee1348b7afcf7e80387ee2a1 11 17 251 207113.183100
TRANSACTION 1587190011.901720 b53b6b99b062d876c06da4764caf23d0 5 16 58 207113.250982
TRANSACTION 1587190012.022287 54c122b81bcaecf48a0ef344f64ac0a5 4 3 454 207113.377184
TRANSACTION 1587190012.064774 0d3b6c57524e2e275d43195750184343 5 4 8 207113.419700
TRANSACTION 1587190012.133249 e9fa3c24a08cbcffea40ee3452c77c25 0 16 439 207113.488671
TRANSACTION 1587190012.205786 6bf80274b379b99f51cb3b809b7a29b1 15 7 304 207113.560948
TRANSACTION 1587190012.227239 70282db9ae7d170483a1bc8eca7911fd 1 5 379 207113.585686
TRANSACTION 1587190012.230604 8151efd884ccac187f2adce73fc4cfa3 15 14 134 207113.585699
TRANSACTION 1587190012.385111 bf717e358da3131783477fef5de2a933 2 15 1084 207113.740304
TRANSACTION 1587190012.466671 46e02d354017b371dccd68ee4f250eaa 9 15 168 207113.816388
TRANSACTION 1587190012.793489 71ad3e627f502e6118b581463f5acc5e 8 17 116 207114.148930
TRANSACTION 1587190012.890059 6e02ab1d6bba9386e61c9de4c5db7d06 15 6 831 207114.245043
TRANSACTION 1587190012.927525 311b435f6d7b89bfdcd0472421d31f6f 14 15 1330 207114.276450
TRANSACTION 1587190013.044078 6f00cb497854b2bbcca4fb74d26b999e 10 7 21 207114.393746
TRANSACTION 1587190013.167852 77bd6a2c9ecf50a699ae19694ff1f5ba 8 11 56 207114.524251
TRANSACTION 1587190013.180264 6a10d03f26a4ba3636007c3c8c05ae97 11 7 496 207114.539511
TRANSACTION 1587190013.183615 abb456d3e1a3c8e66b9fb65c2d27ed77 4 9 138 207114.539521
TRANSACTION 1587190013.335376 b658e52a6a759fb7200d15866ee398d8 8 15 16 207114.690467
TRANSACTION 1587190013.463962 c8f8ad95626eec70868a75420a05f0bc 1 13 115 207114.819608
TRANSACTION 1587190013.467373 d088c5684e4c7d5194a3d9ab06f530ec 10 15 25 207114.831343
TRANSACTION 1587190013.505760 ff3b5d2b801d8bdc23f2bc291cbd47d7 13 9 281 207114.860630
TRANSACTION 1587190013.522163 6285e680c85270d9d0a28d1ebf7473fa 16 5 419 207114.876471
TRANSACTION 1587190013.556551 94e50c5615ae7728d038cfecb7a5dd64 3 12 452 207114.911975
TRANSACTION 1587190013.581993 11c55ca89cbbece3144c2cfe10ef417f 14 18 208 207114.936911
TRANSACTION 1587190013.655627 1039fc89ac1b769eb86c6cbd0d827784 14 19 21 207115.011380
TRANSACTION 1587190013.716145 018f962e26775557f6dd3ad1dc2058cc 17 9 73 207115.072498
TRANSACTION 1587190013.743618 6219e451f7b96063001a8b5b5d804c69 18 19 85 207115.098703
TRANSACTION 1587190013.877139 043d4a6759b023be0d9b60f961286d0e 15 7 1219 207115.233283
TRANSACTION 1587190014.005814 2222dbd9de66caba6b0973597229f6c8 14 19 9 207115.361781
TRANSACTION 1587190014.061321 73626fcfb5b0c44c6fefa98a1e550592 9 10 95 207115.417974
TRANSACTION 1587190014.183879 745297b573cf77a6dc7fd1267f73b10d 16 15 245 207115.539939
TRANSACTION 1587190014.200287 ddc08c947578ce8d7b7ef5917deb51a1 3 7 85 207115.555164
TRANSACTION 1587190014.223663 eef7003eabaf5dcb6133a2fa73aaa711 15 4 607 207115.579530
TRANSACTION 1587190014.236038 e6e3b92b866c0740e351ffa511c334f3 13 10 46 207115.590931
TRANSACTION 1587190014.263384 8d628ff341ec7da2d984e0c226aea4c7 14 6 10 207115.618640
TRANSACTION 1587190014.288762 a898dfb72b5265f25197e3e58d0b5f43 16 19 149 207115.644069
TRANSACTION 1587190014.488355 613e6ffafcc41babf58a9170eacca454 7 15 1380 207115.844788
TRANSACTION 1587190014.522814 68718858bac8b5b8e78596cfd0663624 2 17 510 207115.878158
TRANSACTION 1587190014.571248 9e47805ca3d6756d1ae19e962f537549 5 17 471 207115.927294
TRANSACTION 1587190014.644759 5898717b6b2964031a5cb7ac4cd5744b 6 15 775 207115.994153
TRANSACTION 1587190014.649167 4273cae0c0f4b9d6c0925b1d706c9aa8 8 3 14 207116.001774
TRANSACTION 1587190014.674516 18b3e75c71ff1a5da00289b906479769 19 3 194 207116.029197
TRANSACTION 1587190014.719916 b7afe65e236c83f71b5c77181cd3bd42 4 15 483 207116.075742
TRANSACTION 1587190014.869493 dac6b175b57db62e0206e5c25379dc3f 10 17 126 207116.225753
TRANSACTION 1587190015.100228 9ed622b66709666277cb1db7abc3918b 5 15 172 207116.461575
TRANSACTION 1587190015.106699 4a406708ed07290d2e35f70f510bc2a5 7 5 520 207116.461586
TRANSACTION 1587190015.164085 7dd9d64162c194e3dd171be8c45b1ed8 12 9 261 207116.519224
TRANSACTION 1587190015.232009 aed40e872839ee0da6c4d7224e07d4f1 17 18 1265 207116.586693
TRANSACTION 1587190015.357474 403be3e3dae471fca06f530b600ccf30 6 18 113 207116.712396
TRANSACTION 1587190015.396958 f7ad68c3c819ee5917e2092cb6b68621 1 20 28 207116.750474
TRANSACTION 1587190015.422369 42ea99b060b06bb35f7a351439135ac0 15 2 2636 207116.772229
TRANSACTION 1587190015.467740 8c37c68691c567c82d29671daa4405b7 14 2 39 207116.823249
TRANSACTION 1587190015.550209 51050d5e22249c93ad7991bf9b33ecbe 19 8 20 207116.906025
TRANSACTION 1587190015.557685 59b9779b146d128ec1056eac02d77096 20 15 1 207116.912323
TRANSACTION 1587190015.615177 6c9dd88e7a6f77d4f9f95200c8db2c59 12 1 191 207116.971632
TRANSACTION 1587190015.654661 4393f61f1af355e8f414fd2088f798a6 12 6 47 207117.010224
TRANSACTION 1587190015.741221 f69f9f099715c03a3d16bf8f446834b9 19 17 1 207117.096739
TRANSACTION 1587190015.782705 873629446c67883bc926bc926c3a5907 0 7 51 207117.138767
TRANSACTION 1587190015.786077 ac6751241ea1f24f66488da21c192173 9 20 57 207117.143897
TRANSACTION 1587190015.864490 8cd79217f8197ecf7e604c01804b3a65 7 10 351 207117.220137
TRANSACTION 1587190015.917963 d600329b3f72135dc35b854accfa945b 16 19 15 207117.274083
TRANSACTION 1587190015.953427 c16715f4fd05da69b35e2ea45b8c10df 8 15 18 207117.309035
TRANSACTION 1587190016.004997 fddf7d17ff2bba9f0ff16ffe8d983f63 5 4 217 207117.360664
TRANSACTION 1587190016.030453 904a94efcc6989f59b68a21a9e5bda81 19 14 16 207117.389446
TRANSACTION 1587190016.033781 edeb603ddd26b97eaad1d6af80ccb4f3 5 6 308 207117.389461
TRANSACTION 1587190016.049064 a7aa94c5c5038aabdc482779056d8c72 18 8 1453 207117.403519
TRANSACTION 1587190016.076378 91a1fce0570f1c2b383713d3bb27acac 6 21 261 207117.430624
TRANSACTION 1587190016.122718 b647eb5a88130fba06e832e934fe3c9d 14 15 3 207117.477583
TRANSACTION 1587190016.208171 4724cb55babbed39dda46e98771c5a8f 15 8 11 207117.561365
TRANSACTION 1587190016.233871 754d11f4eabff985ebf4290da334580b 9 20 255 207117.588474
TRANSACTION 1587190016.233631 c0f3b8e6c5443a208ac9e40cf39ea7ec 17 2 99 207117.592843
TRANSACTION 1587190016.278198 94cd322fc71c5013293ddd29b32a7311 10 9 261 207117.627324
TRANSACTION 1587190016.346637 da84b428f46d3392fe998993b3ce2051 5 20 86 207117.701622
TRANSACTION 1587190016.398098 27cf14b59655889577d13cdf7b89d2be 21 13 146 207117.753878
TRANSACTION 1587190016.418491 c9e0d4ae02dcb2f45ab10a9a778eaa99 17 8 36 207117.767843
TRANSACTION 1587190016.425854 ed62f4fe60c4db9321c29d3611238210 3 8 279 207117.781196
TRANSACTION 1587190016.521566 58e7317be2f7222542604c1e7018c974 7 1 178 207117.877482
TRANSACTION 1587190016.538965 9a6c6039c0ad3d55f7be0f7a46b6fb26 16 3 15 207117.894539
TRANSACTION 1587190016.649866 947208651160affb53d9fdaacd68a2f4 2 11 1857 207118.000855
TRANSACTION 1587190016.722254 da241b0e7d41e6e713f2dc1f5c68b226 21 13 27 207118.077810
TRANSACTION 1587190016.732659 356392293863f5eab4d23b71e2b55b42 3 6 3 207118.086781
TRANSACTION 1587190016.806068 8fc7d0a21bfbb237143e23a26e9259f5 5 4 38 207118.161503
TRANSACTION 1587190016.830507 a3681bcd0fe7ddb48def4083e84bf05b 13 21 281 207118.185154
TRANSACTION 1587190016.904977 8e40eb5368295a5ccbb5578029a38ad5 7 10 121 207118.261322
TRANSACTION 1587190016.940533 427f0b36f3afeb1e629f1b61e44f11f5 14 2 2 207118.291695
TRANSACTION 1587190017.110117 298c8dee0ca7ece5e418d3fb099625e7 14 8 1 207118.466345
TRANSACTION 1587190017.147515 2e6c16c94a1e45fb95c8bed3f48189a8 19 20 3 207118.504023
TRANSACTION 1587190017.167917 50e057274fa285ab1c82ab33407cd17a 17 22 1 207118.522853
TRANSACTION 1587190017.200528 a2fab480f5f6ff1f76713e5d9e28e72c 5 19 7 207118.560272
TRANSACTION 1587190017.200303 56a0f6c923f06ce1cbe60da7c6b03180 15 6 196 207118.560281
TRANSACTION 1587190017.232846 aacaa3cdf917adbd21aa037bdfdce0ff 1 21 453 207118.588307
TRANSACTION 1587190017.445431 ba69de686d6447710b31fb2925cdb3eb 5 21 1 207118.801738
TRANSACTION 1587190017.449834 72ca889648495da54fa3022db31794c1 13 3 14 207118.808003
TRANSACTION 1587190017.579278 8f8bd08c8e55fa4d61f5671165981448 8 15 1581 207118.929381
TRANSACTION 1587190017.594782 d1b7a58760133c5de4e2af23b7ff17ec 11 19 941 207118.950063
TRANSACTION 1587190017.672215 564c99ec5f2af0a42029c546e8622b14 6 19 95 207119.023365
TRANSACTION 1587190017.675642 9525ba44d86bec1050856fedf39a6f94 8 7 56 207119.033909
TRANSACTION 1587190017.689931 f672640abc3d34ee2c9d288970b00cf9 1 6 61 207119.044544
TRANSACTION 1587190017.794386 a3bb495a1b83f3a51a9090a1991e8a56 11 3 506 207119.150605
TRANSACTION 1587190017.816816 8978fe97af4b37f5fcc5d7b1e8bbf33b 1 2 38 207119.171662
TRANSACTION 1587190017.870237 52e7c6fd508a49d73ccdbd65af206ca2 5 22 10 207119.226779
TRANSACTION 1587190017.940756 04375d8ced82bd0c2a1229e94cb506b2 10 2 180 207119.295585
TRANSACTION 1587190017.963266 f23e3b502fb2fe370d01b3759a124947 12 14 28 207119.314264
TRANSACTION 1587190017.983681 484b6e4e53ffb3ed34f4b345ff75c755 22 23 10 207119.338450
TRANSACTION 1587190018.000021 3a19ca97997d5f1698438821a8e2bbe3 17 9 1 207119.390115
TRANSACTION 1587190018.078476 0bfca005b6d0a595fb1d9f22b53580d4 21 16 495 207119.434956
TRANSACTION 1587190018.156000 1d6a75c87ae69a8723fcb8ce13e8547e 12 10 3 207119.512402
TRANSACTION 1587190018.164413 b1974a8800a7d50c83f4d7f5f3f160e2 16 23 248 207119.518404
TRANSACTION 1587190018.187735 620ce39b91f93c2ebcd5ff20a289cc80 15 11 6 207119.539660
TRANSACTION 1587190018.204094 9f1001d49fa8c939694eb2b5e063cc77 12 10 4 207119.558953
TRANSACTION 1587190018.248468 0d130ba50f16760e4d55e1e07c615a2e 18 13 391 207119.600636
TRANSACTION 1587190018.384021 68dd51d3cd57636f427e7e4b00c10c98 13 14 252 207119.733444
TRANSACTION 1587190018.406576 ad9beee86df0328520c22f31a6db36a3 19 23 389 207119.756521
TRANSACTION 1587190018.463044 02e35d1bb4f27136de4bd0d0bcba1ec4 6 4 102 207119.818074
TRANSACTION 1587190018.503509 8b554a2d12174250116a66dc60b610ef 21 2 238 207119.852430
TRANSACTION 1587190018.530956 7808514e7941208f734ac3aa03243d9b 10 1 17 207119.885439
TRANSACTION 1587190018.539372 2850b507d1c7fb2fe1f7da48a1e85702 3 13 92 207119.893667
TRANSACTION 1587190018.566709 08acc5c4cd2e61ed192d4b13bfaf007f 0 13 103 207119.916541
TRANSACTION 1587190018.606156 d2e0328326be0f8d20eb6954f1f2fc09 16 1 82 207119.956164
TRANSACTION 1587190018.698684 f46c5bba4eecba8f13e4fafcb46e5dd8 15 4 1425 207120.051685
TRANSACTION 1587190018.783240 34b386737a02419cf84f0c79b7b39244 19 9 447 207120.137583
TRANSACTION 1587190018.847231 316d1b817e5f1a3e4cc7a21b37fde431 3 21 545 207120.196742
TRANSACTION 1587190018.966811 7b018dd1638639210c0ced439f0c93c8 14 9 229 207120.320311
TRANSACTION 1587190018.978413 7313b1bed5162448c744283bcf6c9874 20 12 151 207120.331975
TRANSACTION 1587190018.979923 2584a7dd8d02d9782f83a9b9c68ba0eb 21 13 357 207120.334917
TRANSACTION 1587190019.014387 df3f69e80fd5a596115c3797e40a4025 20 7 2 207120.366183
TRANSACTION 1587190019.014696 3f8e909897b0dfe8d18260a3fb811bdd 22 7 1 207120.376811
TRANSACTION 1587190019.033997 022f01e94bd7bf60428c2d202d11b50a 1 14 29 207120.386200
TRANSACTION 1587190019.055362 050da2bff180b395ea3bfd48531e35e9 20 16 7 207120.410486
TRANSACTION 1587190019.066708 90a9101c100163930a1dbeb789716e92 2 19 253 207120.418770
TRANSACTION 1587190019.121119 35dd8759b9f2b835d3747605af101c9d 15 19 272 207120.474872
TRANSACTION 1587190019.143874 65312f99487927d857956c69cd8b4526 9 19 77 207120.495953
TRANSACTION 1587190019.141550 9cf9ac91d9d9214e9c6ab5315ab54c21 6 20 136 207120.501244
TRANSACTION 1587190019.164224 af9721685eb86adaa1e17647a6b3842a 1 4 69 207120.516638
TRANSACTION 1587190019.184748 606fbef2bf28d8e2a04f352a30cc6514 11 12 57 207120.534015
TRANSACTION 1587190019.320764 d1a50a78b140a1d846efb6040542b048 9 4 427 207120.671006
TRANSACTION 1587190019.332187 6211a5a2c03682959aab1f8ea45bb4fd 18 2 164 207120.683862
TRANSACTION 1587190019.383844 a96e1f814e3972fc6b4ab9e19e4e0309 2 9 141 207120.737297
TRANSACTION 1587190019.383564 e8f0d9c0870bf1f65f1df54622a393b4 6 7 53 207120.737310
TRANSACTION 1587190019.454253 8f25cf52279a559ee974ce89bcf168c8 8 18 119 207120.803895
TRANSACTION 1587190019.500741 62b543ae9e489fdb7ddd5a02857e540f 12 18 160 207120.852272
TRANSACTION 1587190019.575242 4df3a6132ab9e00a3123a0127dc54d80 11 12 32 207120.925689
TRANSACTION 1587190019.576717 1b4bee49ef59a002474a8d8a20b77d7d 23 12 381 207120.933278
TRANSACTION 1587190019.652129 f99d97644c62a9c742096c71b8952553 15 2 81 207121.006145
TRANSACTION 1587190019.672541 58a4190d4476e7c718070feabf9cecbc 0 21 123 207121.023762
TRANSACTION 1587190019.720919 f10fc53da150bbe5b6e53b9fcae5c4c4 4 17 57 207121.073518
TRANSACTION 1587190019.859463 e60f039ccab6b7b8d9b71936db7b04d3 3 14 74 207121.211928
TRANSACTION 1587190019.983150 68ae18f0078d4b05fcce0331657cc86d 16 14 62 207121.339099
TRANSACTION 1587190019.996394 76f21d9dce1a4e444f5a2f9fb2240c8f 16 7 44 207121.347852
TRANSACTION 1587190020.034797 3370f00fdfe20ec5f8d01bb07ca36f3c 6 16 14 207121.384419
TRANSACTION 1587190020.100299 f6151973319aa898b8b2a2ca3dfe3d3c 3 18 5 207121.452404
TRANSACTION 1587190020.241208 c95efae69b777a30abfeaf3294159ac1 19 12 366 207121.590603
TRANSACTION 1587190020.382796 740f5bbddf4a3fecabde1c50e8bf0356 7 5 109 207121.733537
TRANSACTION 1587190020.502561 30bd1be9d1d20cc249d50f57280324bd 3 11 1 207121.856413
TRANSACTION 1587190020.517028 42b8e24919491958f04e4a0db9317333 7 9 62 207121.868545
TRANSACTION 1587190020.523475 67b3574b9cfc8258625b25285f5e630a 16 23 10 207121.874722
TRANSACTION 1587190020.614945 c905104eae9feeb6f3610341366e9168 11 21 618 207121.967104
TRANSACTION 1587190020.668601 3620b75ea7b0aa6efc8f0ac0ec50d268 19 7 93 207122.018200
TRANSACTION 1587190020.699671 2c484db9e84e6f9f11fa87cbdcc13be7 10 23 74 207122.052920
TRANSACTION 1587190020.950140 02ea011b3f45418a3f401f19cfcb090c 13 5 62 207122.302355
TRANSACTION 1587190020.978647 fec0315cf91b52bb00eb60f13474bcae 18 9 72 207122.330206
TRANSACTION 1587190021.008118 d6a6dbe0d8d45ec13151477c83903480 18 16 236 207122.359864
TRANSACTION 1587190021.283003 e13ea4c1a46b9dff0675e97fd29d70a3 21 23 494 207122.635254
TRANSACTION 1587190021.310080 92bda082c446fa36d5ff259bc159b851 21 22 401 207122.662001
TRANSACTION 1587190021.507673 fc2e3516806cd4b9d9a9217e890ff770 23 24 1070 207122.859208
TRANSACTION 1587190021.667265 87333cc79d2f121e999b8d64e996f094 7 16 23 207123.019427
TRANSACTION 1587190021.970712 9e332ac29868baf83069dcb99e3404ee 18 5 66 207123.322534
TRANSACTION 1587190022.125369 f94efc82fb520d6f96e333aab73ab295 3 12 36 207123.475231
TRANSACTION 1587190022.278506 dfcbc600ee498ecaf0093ac0e6b53978 3 20 491 207123.628056
TRANSACTION 1587190022.399287 2bca3a8e2c4bc8d7e46de8626c20205b 3 22 161 207123.748805
TRANSACTION 1587190022.452102 ba9617c8ea792d2b317704cbe5bae7fe 10 3 55 207123.801307
TRANSACTION 1587190022.543394 2a5fc9d7c118823da04643a1eba19d79 6 24 57 207123.894010
TRANSACTION 1587190022.565904 24926d7c47bda0b7675d8b1acedd6e7b 22 6 606 207123.916289
TRANSACTION 1587190022.620473 f10c76f0a132399999814303ef01855c 6 5 379 207123.970351
TRANSACTION 1587190022.704029 128aca01759a3860ce7ac211cd8f23f9 16 19 6 207124.055283
TRANSACTION 1587190022.788275 6352359d6afc1edebe8a832606271a1f 16 11 133 207124.140130
TRANSACTION 1587190023.184745 bee098cc466d302423f56a2072ce2166 0 19 654 207124.536520
TRANSACTION 1587190023.491032 8e23ad416740e55d5756740d4dff6abe 9 20 1128 207124.843229
TRANSACTION 1587190023.497458 b75cc2a481ac93772ab241749e921021 5 8 651 207124.846493
TRANSACTION 1587190024.101837 5f3d82a6ac0ef10a13d13a6bcfaa76c2 10 23 30 207125.451310
TRANSACTION 1587190024.495066 c2416f73f6572ddac2c6fd3d55d338be 3 5 233 207125.846596
TRANSACTION 1587190024.946436 a08c1990ca95f15dd7f735ed9e642798 19 12 244 207126.297466
TRANSACTION 1587190024.950106 c77a7b8d4a6f5a55763fbc4f5271ac08 8 2 665 207126.300672
TRANSACTION 1587190025.168685 03f296d4a7544fc0a21d700f61c477c8 1 21 5 207126.518442
TRANSACTION 1587190025.217201 c08ac03f8fc672ca0337891ceae234fa 2 10 516 207126.567802
TRANSACTION 1587190025.252715 ae26b2f53d0f44265fff0ca7e2d8c4e6 2 1 10 207126.602683
TRANSACTION 1587190025.341249 41c3164758fb5f03203e521ed5919777 16 18 418 207126.692297
TRANSACTION 1587190025.526801 13470dfa2c6c4c98d8e2fdb3f616006f 8 23 209 207126.875759
TRANSACTION 1587190025.636647 e74d83f09adf28966601ab5e49103377 25 4 2009 207126.985517
TRANSACTION 1587190025.711085 9ae1a8816b246407728d3e97eae3fc89 20 24 161 207127.063517
TRANSACTION 1587190025.765523 32b8269685f9e77fa7fa38700fcb5b3a 14 24 130 207127.115495
TRANSACTION 1587190025.998073 cc5ad3d1b6bbf3b7ff649fb6dc5665b3 24 15 107 207127.347755
TRANSACTION 1587190026.025581 f7746d8650cb1b43af5ce439a5f95300 18 14 11 207127.376049
TRANSACTION 1587190026.087080 9aa6b41e5e4170cc4fca8a26356326b3 16 24 99 207127.436302
TRANSACTION 1587190026.331248 9127c0a623573cfd54f5d0229b05d14e 16 13 91 207127.681199
TRANSACTION 1587190026.569626 5b2f22a524b4e1b142fbb325358c397f 1 9 60 207127.919178
TRANSACTION 1587190026.579969 74cef1cc03c5665f81132eef853febcd 7 12 2 207127.932520
TRANSACTION 1587190027.170106 4be3b3ce9f1ee10dfaf463be907a1a19 4 2 261 207128.519804
TRANSACTION 1587190027.544188 075aea2daa101555227aa188dfab8b77 4 22 42 207128.895136
TRANSACTION 1587190027.854605 d4fb0bd43743512901b2eb7e09e26ed2 13 5 106 207129.204802
TRANSACTION 1587190027.923101 0173866059326566d0cc374983141b3e 14 7 379 207129.272516
TRANSACTION 1587190027.937605 7e3154617fbb3591af7096e54f1bc7fc 25 11 3 207129.289072
TRANSACTION 1587190028.037194 9ab439a83938a38739aeae024ba32825 8 22 26 207129.386974
TRANSACTION 1587190028.054802 8ef0cb48046a9046fccfa713961672d7 19 5 1104 207129.406820
TRANSACTION 1587190028.321794 2f9d09eb589547db78b8fdb0e74f24df 25 26 421 207129.671714
TRANSACTION 1587190028.332290 4c5acae72e17b9ef472b7941af4c02a5 26 2 209 207129.684028
TRANSACTION 1587190028.476119 b362580ab712964d846f56dacfd82955 17 13 1073 207129.825965
TRANSACTION 1587190028.950694 8817a3cccf87cf89f471de7e30772fea 9 15 34 207130.300086
TRANSACTION 1587190029.060933 a5d302ddf63ab896c069bcf3d5b87b94 5 3 10 207130.412162
TRANSACTION 1587190029.193481 069f0eb44cd5f861da42e460d798d126 4 10 337 207130.545285
TRANSACTION 1587190029.398206 79b9cd629fc2af8ad4ac44ca7bb90331 2 6 57 207130.748138
TRANSACTION 1587190029.583585 7765a5d737b126279fa40cadb2833120 3 5 20 207130.933684
TRANSACTION 1587190029.782632 b8d2386a3ba5d5274137fdae01f79b8e 20 21 2 207131.132941
TRANSACTION 1587190029.825027 5c89bd524dc1b3f11d5c65597a7b21ca 11 13 716 207131.176135
TRANSACTION 1587190029.849451 8370635da8d91b9d8029fdceb09ba6cd 17 19 5 207131.201632
TRANSACTION 1587190029.917884 10837da6834fb8af2c873f8c6b551c8e 3 16 4 207131.269058
TRANSACTION 1587190030.026439 fa0f48db699654f01eb828a27bc963b9 20 14 1 207131.377300
TRANSACTION 1587190030.053861 14961f74646d547a61dae2fada9a62ba 5 16 2240 207131.403508
TRANSACTION 1587190030.176743 fbeb4b602871ae8727a2218fa9cf767c 12 7 350 207131.526343
TRANSACTION 1587190030.317957 2cfe208fb42ceeb27a404d22b8d6643e 28 19 50 207131.668887
TRANSACTION 1587190030.366377 3ab54851dcc75cc885fd77f741fd026f 5 14 178 207131.716195
TRANSACTION 1587190030.558164 cfd722bf2e1a7d3a39eaf269af975536 22 29 200 207131.907973
TRANSACTION 1587190031.022019 2deade9c23de837c08c906e314bcb4b0 25 19 10 207132.373514
TRANSACTION 1587190031.041435 a2aa3482b23e299bac94bf6c03c53c1b 24 1 184 207132.391244
TRANSACTION 1587190031.180240 08c11b33be3e2df4a6767813a6b9476a 1 18 645 207132.529404
TRANSACTION 1587190031.190699 0a821facdcb0789008ee9c09f2c3e37d 22 27 23 207132.540328
TRANSACTION 1587190031.338204 4bb61c96ae1e986e38071e67cce03843 12 2 270 207132.689940
TRANSACTION 1587190031.449787 9f5c3083194439624e264765091f416a 12 19 59 207132.799502
TRANSACTION 1587190031.590017 3c54950f8a4a1eee7132cce8951cb67e 24 18 37 207132.939881
TRANSACTION 1587190032.267834 d8cee091f573ab912d4617d59986fe1f 17 4 85 207133.618779
TRANSACTION 1587190032.486351 7baac4efa8c77673acd330b1d5870d84 24 29 49 207133.836547
TRANSACTION 1587190032.569826 f1b6a43f89e11d5f45f650dfecf4afcd 17 4 83 207133.921022
TRANSACTION 1587190032.638868 1b3c769891ce276ec984f7e901aa6f1e 30 10 210 207133.990218
TRANSACTION 1587190032.649244 ff4a0add73741b36381582a6bb535355 4 27 353 207134.000246
TRANSACTION 1587190032.792797 ae386cf3e82cf30cdc6fd9f69283c810 6 1 459 207134.142124
TRANSACTION 1587190032.976315 40b93a4379ea7d197985549ce879fd4d 20 11 261 207134.328030
TRANSACTION 1587190033.364154 18873728ec0c77de9dde06fb2b63b0bc 30 17 10 207134.714482
TRANSACTION 1587190033.440712 9742b73bf55e8724f03945527e803f6b 23 31 38 207134.791126
TRANSACTION 1587190033.835979 93693f3c31c6d66292c5a1327a0eeaf1 21 9 170 207135.185463
TRANSACTION 1587190034.018680 9101c02a5eb347cc658c901ff8825b8f 4 1 14 207135.368082
TRANSACTION 1587190034.067308 bc0064e5f3fd86b2528761611ee7acdc 12 15 3 207135.417767
TRANSACTION 1587190034.215899 c7a39f1c6152d87e4fc30a00c948555f 19 15 1017 207135.565602
TRANSACTION 1587190034.255585 ad178ea29286badeadc094d22cc599a2 27 22 503 207135.606078
TRANSACTION 1587190034.594362 0492fa621114abc283e42993f3016346 21 24 20 207135.944424
TRANSACTION 1587190034.921508 ac997a5adfe37488121eeaa791147198 13 29 108 207136.272035
TRANSACTION 1587190035.000841 555f97030bd82406604a609ae367c628 11 5 164 207136.350160
TRANSACTION 1587190035.042494 77c95582906d03918ec38a5236c90c2b 13 18 95 207136.392161
TRANSACTION 1587190035.313125 0c15c98c52797aa6679c6f40056daa79 22 14 575 207136.664097
TRANSACTION 1587190035.351642 4c8c93ffae8353dc43e0afda3ce043d4 27 4 107 207136.701053
TRANSACTION 1587190035.406585 e97d0311a922d11a0dd74fda7ed246d8 26 1 53 207136.756372
TRANSACTION 1587190035.426151 26a6e4d3ee832c607c3c5254327b1411 1 11 360 207136.775854
TRANSACTION 1587190035.523192 b5ac0844f3fb80297f00dddf838e9af4 25 12 46 207136.873008
TRANSACTION 1587190035.803777 efda8e836aa50c8c11ae1fccd819fd46 31 17 289 207137.155188
TRANSACTION 1587190035.894188 f018fe3af69eb2d9b05ccee51c7973bc 1 20 30 207137.245753
TRANSACTION 1587190036.004217 376d2a6e037cff5db6657eaee8320dcd 8 25 161 207137.354280
TRANSACTION 1587190036.389711 42f074d7c29a4a2055a8ebac4260b485 3 33 2332 207137.741061
TRANSACTION 1587190036.431468 44a514db3c613800e819d491493a0cfa 8 19 1282 207137.780822
TRANSACTION 1587190036.439797 0d9f28cd111a36e4cf22874d4a53c4c5 2 33 50 207137.788782
TRANSACTION 1587190037.109511 ca7a2e6e5d23094628a65f4d4a28aae8 4 17 277 207138.458905
TRANSACTION 1587190037.313993 4216474b8a33d848754a008b3c5d49a9 14 29 1221 207138.664813
TRANSACTION 1587190037.542459 81ad82bddcc3f96019731e555e46d8e3 30 3 122 207138.892677
TRANSACTION 1587190037.866290 e315157b0504345e110017519fe6434c 31 25 81 207139.215788
TRANSACTION 1587190038.051927 ddb78cde07db18b744239a3d5d113a81 4 19 141 207139.401364
TRANSACTION 1587190038.362264 aa2789a8729eb97dc91d23b8ed4ee2ce 26 1 127 207139.711319
TRANSACTION 1587190038.559614 179ec9cdbe495c4a06a04e3c9a1e8753 13 24 158 207139.909732
TRANSACTION 1587190038.595040 d81315b660f904d83f192f90a0595547 8 17 386 207139.944525
TRANSACTION 1587190038.625935 051e8a5392216b32bf18d9c5a0014008 3 26 89 207139.974906
TRANSACTION 1587190038.701582 bff6b2c773c0509cfaa7c8cffb79253b 25 19 39 207140.051741
TRANSACTION 1587190038.702913 3fc58ffebb71f359c6a74faaae9fbfa1 21 2 3 207140.053039
TRANSACTION 1587190038.888479 081f55872e76966b1b8d9f227c7ffce3 9 12 44 207140.238703
TRANSACTION 1587190039.288112 4acb41f84217a7e388f69e0633dc5643 29 13 224 207140.638151
TRANSACTION 1587190039.657870 10270e1097e92bddc35d18dec53ecf71 14 5 482 207141.008376
TRANSACTION 1587190039.744874 419a39ac5ec08a61f812e3c530673a15 19 35 170 207141.095203
TRANSACTION 1587190040.580472 b141e2a60c6b702edad0b4073922fdbe 21 23 49 207141.930063
TRANSACTION 1587190040.648521 ecce763c1cf0cf3c63664332a0994ea7 12 6 202 207141.998373
TRANSACTION 1587190040.933832 1d07e7fba2d3a69b22761efc7a5bdec0 0 28 560 207142.283015
TRANSACTION 1587190041.296088 8f00d6080124f9af1fc2e391206e24b9 18 31 273 207142.645465
TRANSACTION 1587190041.323397 aeda409b2baabe2199f8c7f7d4504a49 13 3 3 207142.672696
TRANSACTION 1587190041.588177 5ecae1eecbe71c8d430fa97b9ef0f217 13 4 3 207142.938176
TRANSACTION 1587190041.592448 ef13a566b9e91487d1c7f8e09afd70f3 21 9 16 207142.941777
TRANSACTION 1587190041.909491 a6f61752752884a5cdc88bfee2dbb02e 34 1 116 207143.259026
TRANSACTION 1587190042.599244 e91c1f71713eafe2779b8f4bd77d87d2 11 31 574 207143.948644
TRANSACTION 1587190043.175106 e3e28a90c5179660927b1c62b050c4e4 7 16 685 207144.524562
TRANSACTION 1587190043.310564 5d1b5aad6e9eb9a8606e4df75245021c 22 6 162 207144.660922
TRANSACTION 1587190043.598155 1ca3058ff4a8545be7cda03fbe9bb033 4 5 669 207144.948325
TRANSACTION 1587190043.938486 90f96d5e1f758f45dccd092e21b22925 24 4 94 207145.288140
TRANSACTION 1587190044.197845 85f53cef30bf845c1dc0bfbc106c865d 30 10 31 207145.547380
TRANSACTION 1587190045.057879 18411c90bfbdafef3b0b42f638030075 18 24 82 207146.407683
TRANSACTION 1587190045.110757 4a656e0c63d152486108899d7fa0de09 18 27 128 207146.460421
TRANSACTION 1587190045.684886 e3e96ad94ac51f253add2db0719da1df 5 34 45 207147.034813
TRANSACTION 1587190046.279500 ac2604d09e65e679c324ebdeb738561c 23 17 56 207147.628912
TRANSACTION 1587190046.870953 79b777e1a32ca87d27942b7e3252ed52 24 26 78 207148.220361
TRANSACTION 1587190046.934730 1541e447a701ed72af5642c2769e1dfa 32 27 497 207148.284228
TRANSACTION 1587190047.215918 51c5ad1ffcb73a45c5640622ccc35732 10 26 559 207148.565211
TRANSACTION 1587190047.764460 f44c23a09eee2b73b3246296253e1500 22 30 1 207149.114129
TRANSACTION 1587190048.039016 5f1b935c02d9e268ac283184ac838271 22 34 1 207149.389102
TRANSACTION 1587190048.163580 414341d9c1bc2f11811a2f9d4e2e1f83 3 31 11 207149.513955
TRANSACTION 1587190048.166850 24ed46a77b4775ef2a1bab8132e8a073 25 27 15 207149.516096
TRANSACTION 1587190048.402983 4bdebbafb0718f49fbcd5ef5de9c735c 20 13 767 207149.753578
TRANSACTION 1587190048.519194 a845e1d617ccda53cffddf15640da274 27 8 581 207149.868591
TRANSACTION 1587190048.559853 a5752ca94b1f572d0581dcbb20d972c2 2 26 1043 207149.909282
TRANSACTION 1587190049.015276 5ab9d6a3e60daae6e73a573e7845b822 7 27 355 207150.365055
TRANSACTION 1587190049.048182 d071cc9d491917f9e56fad9d3696437f 24 25 240 207150.397729
TRANSACTION 1587190049.414669 62358e3bc482cd5c0963086b6710c347 2 37 31 207150.764159
TRANSACTION 1587190050.235132 7f68656611f50a131b70903806031997 16 35 63 207151.584660
TRANSACTION 1587190050.416185 70fe238b850514ad2d2b624e6d825011 22 24 651 207151.765907
TRANSACTION 1587190051.186999 7fdfbdc9f88517d4f5ac599d54223fb6 15 39 19 207152.536669
TRANSACTION 1587190051.274396 92bf8be6e3fac82e952402ed091a24cc 36 24 3 207152.623692
TRANSACTION 1587190051.524266 b4c27fc9314200eb98d08f6cf658ecd7 15 14 18 207152.873729
TRANSACTION 1587190051.670534 1306259170ea1b425338c3a8cbd1630e 15 23 43 207153.019967
TRANSACTION 1587190051.697888 5416fb4e6cee63099969e5f6800c7794 22 21 206 207153.047177
TRANSACTION 1587190052.518411 b0bff24a43d7b73f4c2931ded3fc5be9 34 21 15 207153.867765
TRANSACTION 1587190052.747962 d25e6b312172c67b204c26b268e7fc55 27 15 7 207154.097332
TRANSACTION 1587190052.913852 0c3f49d5f050cf7fe492a1aac0512d3f 24 27 186 207154.263037
TRANSACTION 1587190053.218409 adf7a7a54cf68bc77d6dd0a82eabaa27 14 22 2 207154.567698
TRANSACTION 1587190053.450964 1fcb19a719b066f158a491e8a8d6dbc8 34 20 3 207154.800445
TRANSACTION 1587190053.478354 709388109f5d7d8d8515f4207b3dfb0a 24 9 386 207154.827788
TRANSACTION 1587190053.578250 1bbfe31c9dc6b6fd44dbd3c3a55aa022 31 42 6 207154.927734
TRANSACTION 1587190053.750787 8ad99c6b48e73d44f5377f6500badf06 28 17 7 207155.100447
TRANSACTION 1587190053.810613 0224482f417c636919c87c30e23a0443 11 2 6 207155.159595
TRANSACTION 1587190054.192800 30626d4b47b1fee12be396c5e500b6e4 17 6 209 207155.542442
TRANSACTION 1587190054.447221 04e9ad9a93489fb38f82ad3090cb1de5 2 34 51 207155.796710
TRANSACTION 1587190054.466604 e7ea825f6e144ec6e9a4cf13618bc3a8 13 41 268 207155.815840
TRANSACTION 1587190054.516300 ca95b4900ce16715683a5081b27d9ecb 32 2 20 207155.865843
TRANSACTION 1587190054.528641 fb8db8d1313c5138d08882566830cf50 34 40 10 207155.877852
TRANSACTION 1587190054.624787 e1884a0c783d3a49bca6dfaa58b920e2 25 7 177 207155.974279
TRANSACTION 1587190054.668188 f9c4955064751306cddb426d60743f80 17 6 631 207156.017461
TRANSACTION 1587190054.893651 a8cb7437bd181583816499ef6ea93fc1 30 26 33 207156.243112
TRANSACTION 1587190055.552323 06c090408fb5edd5e29659e26b78f10d 2 1 28 207156.902023
TRANSACTION 1587190056.249284 92c386329145938314dad607c279e38e 15 26 553 207157.598840
TRANSACTION 1587190056.412977 d184a8f96ca370a49feeb9c08d058c5c 2 33 6 207157.762729
TRANSACTION 1587190056.500898 2b11930f186920ddb6aaa8333a05f2ef 39 14 231 207157.850435
TRANSACTION 1587190056.700964 480bef2bb085125ad9ce5c0e2fb17fab 3 16 346 207158.050259
TRANSACTION 1587190056.972587 3deae44a27726ca2d673e19b36efd9af 33 32 10 207158.322003
TRANSACTION 1587190056.984988 bfbd0cfd87c4d82b7193a1143af9f2db 25 38 82 207158.334568
TRANSACTION 1587190057.452205 39e1dc25ce6d7a17dbb5ccbc5fd24b8e 40 1 272 207158.801646
TRANSACTION 1587190057.478898 d903d36f1f7e635fe3ae26383df8be14 41 8 190 207158.828240
TRANSACTION 1587190057.529286 9d89482a671535e98b211a0f87f70640 19 36 607 207158.878737
TRANSACTION 1587190057.687272 5e5f9054da91dedea9cce204f1a77d4d 16 34 69 207159.036294
TRANSACTION 1587190057.835865 905e13a2d793406e602e3be14e271a09 43 13 122 207159.185329
TRANSACTION 1587190058.224460 89b56034c867c4bbab2334d97f29599f 21 10 122 207159.573742
TRANSACTION 1587190058.560955 0bf879a76ee02cf7043b0993a4566f5e 4 41 271 207159.910428
TRANSACTION 1587190058.669833 34820d044beba3e170715ed7274dc6ea 6 34 537 207160.019315
TRANSACTION 1587190058.963086 a984bab62137d4f7aade360f72fa64dd 34 10 326 207160.312868
TRANSACTION 1587190059.023408 8e5dfa673c01a68b0f3b502694055914 32 14 812 207160.372813
TRANSACTION 1587190059.281958 46cc17749040c052f08526b0f1f7eca2 43 37 8 207160.631301
TRANSACTION 1587190059.309271 4504baa0c059b6294c6a8b6e092871ae 21 27 90 207160.658975
TRANSACTION 1587190059.326603 af7d11d7772e83b3b7319f9cd3d70f7b 29 3 107 207160.675772
TRANSACTION 1587190059.462480 ca445c56371370690571c9dca326b8e6 13 33 351 207160.811878
TRANSACTION 1587190059.913679 d08d2f767aca8bf46d85b9a3366c3d20 17 43 372 207161.263167
TRANSACTION 1587190060.001672 c9fded4c90798d57a9745f80f9c77eb9 0 43 675 207161.351015
TRANSACTION 1587190060.078388 73aa9de6644d3033dbce2d4cabb50d25 21 2 2 207161.427616
TRANSACTION 1587190060.342787 c55c96ad2f01f19da2f9777c23b0ba23 24 40 34 207161.692211
TRANSACTION 1587190060.703569 32647877527bd06cfd9e7d6d12c116c1 10 18 459 207162.052920
TRANSACTION 1587190060.763217 1386d7b213ffab926742289e04924b97 23 21 3 207162.112543
TRANSACTION 1587190060.803035 50c937f07daa84c16244ddac36bb47c3 16 28 601 207162.152473
TRANSACTION 1587190061.348658 5e4d698ed4f61ccace531ed14aa02f03 34 4 113 207162.697638
TRANSACTION 1587190070.694154 1b9a2249706585a10b9b5048973c572b 18 3 67 207172.043153
TRANSACTION 1587190074.367511 a3e418757b67c6eed8a90720acac9025 4 39 149 207175.716808
TRANSACTION 1587190074.682365 6daf8552fb6f41233fab10aaf490abfc 18 48 21 207176.031362
TRANSACTION 1587190078.693730 b9369d7bedb0ad72ae18323654b64399 47 18 145 207180.042877
TRANSACTION 1587190082.706041 729cfdc0a1c8fffe8e4222932184e49d 51 5 3 207184.055159
TRANSACTION 1587190095.611551 0fbd33b1cd89463dcf50a8510c95a27b 46 26 3 207196.960872
TRANSACTION 1587190098.897482 7c92f76a027f3c87a5d591fb5f3b1b60 59 44 15 207200.246609
TRANSACTION 1587190106.717763 75287e404b1b9429b4c414bbfb1f471c 51 7 509 207208.066803
TRANSACTION 1587190109.348074 2eae10a9eccdb05e88864fd961a96826 34 12 216 207210.697203
TRANSACTION 1587190109.614830 dd8b47801e43e2c5344253d18961ddaf 22 2 1 207210.963862
TRANSACTION 1587190122.506933 1587d9ea5b1ac55034c2b2207880d042 10 69 1 207223.856048
TRANSACTION 1587190130.487776 c38b65fc09bb7c84f624c122a9f1c4ee 76 49 14 207231.837026
TRANSACTION 1587190140.194705 715df4c860cc14b2f75161dcd11b3dcc 6 12 166 207241.543938
TRANSACTION 1587190147.089578 b4680b5134f69404c1b40184e8facf4f 74 15 8 207248.438564
TRANSACTION 1587190153.415166 14e1a4b0fbdb986a85023b8ae08d9f08 50 32 256 207254.764164
TRANSACTION 1587190153.988418 645fac636c4a896b94f7530019ced5f7 71 64 32 207255.337573
TRANSACTION 1587190160.971956 5512ceed053135b671dc0eae5b682e89 67 29 98 207262.321088
TRANSACTION 1587190162.507430 d2fe52f32246031c1086670e432833ae 76 6 41 207263.856547
TRANSACTION 1587190169.988589 8e7d5d7bc92f5c6e86fc712d05c7be40 39 42 86 207271.337856
TRANSACTION 1587190170.594423 80c002186adf947cf199cc7eb670f7d2 1 32 11 207271.943443
TRANSACTION 1587190182.044993 bd1d36a234506340f324b48b2da0b2a7 60 64 1 207283.394279
TRANSACTION 1587190188.252198 3d4f8d447fce744a53dfbc857fc20d6b 79 50 56 207289.601340
TRANSACTION 1587190188.549289 7f41becfca6b104b445c70964ba18a16 24 28 7 207289.898670
TRANSACTION 1587190189.163899 3102fbdcb2fb04c1ec1e62dc7efad75e 34 63 98 207290.513009
TRANSACTION 1587190200.197433 4d58dae5861b91808f4b4628dd0d1b7a 71 68 3 207301.546540
TRANSACTION 1587190212.991360 1ccf5441ee85d519f883da645d0e3621 50 64 49 207314.340528
