TRANSACTION 1587190006.525465 34fb0bb602700d3b9aa4a116ba713a31 3 8 17 207108.346187
TRANSACTION 1587190006.845755 05284cfe5bc4a9995ca13c3c72d26eb3 7 3 433 207108.346223
TRANSACTION 1587190007.001086 16a994a3dbda0a5ed6953f52d769ada9 3 9 51 207108.365628
TRANSACTION 1587190007.074403 7f669f162b94f0573a44631c3078de16 9 2 45 207108.434072
TRANSACTION 1587190007.127938 f78cede42a8f7cb7d54df01f20d20a3b 3 8 143 207108.486657
TRANSACTION 1587190007.188504 9a660a43c79fb93fec107b121c968e02 4 9 85 207108.548422
TRANSACTION 1587190007.242953 73531223ff2b1dba59accf55beb15a93 1 3 429 207108.603175
TRANSACTION 1587190007.265365 4dc8b8d82742695f2f77d12a53004441 2 8 1318 207108.614327
TRANSACTION 1587190007.273664 f2c4297f7959ea4b5fe51088806c7557 8 5 2507 207108.632715
TRANSACTION 1587190007.312984 d97d864b82099eada4ef17f0050ca013 7 6 16 207108.673026
TRANSACTION 1587190007.323417 4e8a44206c224c869d3d255ad9a7fe28 4 8 43 207108.682079
TRANSACTION 1587190007.353857 035da1977b2c5f49e4d4111fc6c552e3 9 10 11 207108.714152
TRANSACTION 1587190007.423774 a8613ad8a73ee8cb4a6b66dafe15efa1 8 3 114 207108.789225
TRANSACTION 1587190007.422320 eb5c2c662e9fd5f27912a42a5e508629 5 4 1065 207108.789235
TRANSACTION 1587190007.443091 49bc78ac0afd7bfe4142dd72e25ee419 2 9 316 207108.805048
TRANSACTION 1587190007.466430 974b07bb085aea82ddb5b3468902a86b 5 6 246 207108.844637
TRANSACTION 1587190007.472202 dba5a2226721ec6982feef54e9b5f6be 3 2 75 207108.844647
TRANSACTION 1587190007.482514 9eddabdf42a0a68003df4677e7bc2c02 8 7 1 207108.844650
TRANSACTION 1587190007.496830 362b86b9436f5485422dfc5e322d636b 5 2 620 207108.862644
TRANSACTION 1587190007.542199 aaa796a5e7d4497e425f75bb9fb27dfc 3 10 99 207108.904048
TRANSACTION 1587190007.650780 b76b188f281deb016e7932c486ee25df 9 5 114 207109.011712
TRANSACTION 1587190007.678200 c66a870663fa288a4cb55e8b23143800 3 7 455 207109.037691
TRANSACTION 1587190007.699520 91740dee9b2e66e14f8374292e4d7c56 0 6 753 207109.059443
TRANSACTION 1587190007.740889 b19c09ea3bbb1a92621d2fcb8afbc9ba 9 5 197 207109.101301
TRANSACTION 1587190007.796356 1d12066f20aa2e32bcd26c268fc9b359 10 5 106 207109.157816
TRANSACTION 1587190007.965948 0d19a24490f62110995fbd7e27ebdd5d 5 7 313 207109.333542
TRANSACTION 1587190007.973421 88a609df5893b1d7104fd6489dbecec9 6 7 473 207109.333552
TRANSACTION 1587190008.023864 366ebf1758e5ee64ce967710c51d5886 9 4 38 207109.385010
TRANSACTION 1587190008.044289 2ff1e5c3d08b428b20685e2a55d97214 2 3 372 207109.404031
TRANSACTION 1587190008.092738 12ef01f1e49ea6d8bf7b1955052675fd 9 11 15 207109.441798
TRANSACTION 1587190008.101129 788d8f182cf149fc0766803587166a5e 2 3 23 207109.462166
TRANSACTION 1587190008.252629 b1a556a1c942eddb6c92f202db7f963a 9 5 29 207109.614494
TRANSACTION 1587190008.272049 b723986204e88322b1df33ac3901eaed 9 6 3 207109.631779
TRANSACTION 1587190008.291373 26621f3c68986c122c03b7296303d694 8 6 4 207109.651259
TRANSACTION 1587190008.385816 ffea4bc28366e3990ac0d4774012aa78 10 5 4 207109.748794
TRANSACTION 1587190008.681578 db1faf32fbd3bd0da9f8de433415cfe7 11 12 11 207110.043414
TRANSACTION 1587190008.697013 eb637c37440e98bc203e016a13f4806d 11 7 3 207110.056576
TRANSACTION 1587190008.713386 ece1fce8495e0a0fa9cc190f57e540ce 10 9 7 207110.073184
TRANSACTION 1587190008.771802 9ff75fb9534e45b31775e4a2dd685821 11 5 1 207110.133231
TRANSACTION 1587190008.864313 fe6734177efd789c58543647780d8b77 3 13 238 207110.225602
TRANSACTION 1587190008.990905 9582c8aa9db86180dba30219dd69e1a0 13 14 177 207110.352589
TRANSACTION 1587190009.044404 b0415855326b5ec6cbf6673019329a50 1 9 466 207110.405916
TRANSACTION 1587190009.075822 8ff1d752808b4bb49b973c7759a5ba1d 7 11 631 207110.436050
TRANSACTION 1587190009.144252 879b1c944bb424a3dd0c7d769eae9108 11 2 209 207110.506170
TRANSACTION 1587190009.288825 1dcf17edd49f09aa065337bdf9171398 2 6 224 207110.650995
TRANSACTION 1587190009.366313 ca897c6482bf92898787223d0d484a50 2 6 134 207110.736078
TRANSACTION 1587190009.373779 8194294fdd8ca96d56e9fa1c1f48061a 1 2 46 207110.736094
TRANSACTION 1587190009.462239 03c4de758f6d6f70f3c4bbaa3b675f6d 3 13 124 207110.824393
TRANSACTION 1587190009.502724 80f26ada1ec2871c2baaea681890215f 6 9 778 207110.863326
TRANSACTION 1587190009.571203 ee8e8a9a241e87f5e384da9d569db64c 9 13 227 207110.934211
TRANSACTION 1587190009.641711 39a38e99c3277dc646cad4b7b7bc9b4b 1 3 183 207111.003639
TRANSACTION 1587190009.679143 b630dbf81206d77dbe8cddec825b7996 4 7 302 207111.039583
TRANSACTION 1587190009.724550 58bb037cd30b9e6c49c3da913e6abb18 12 15 1 207111.085725
TRANSACTION 1587190009.852087 5a813674c0e94c0a7d466a5be6cae509 8 14 1 207111.213675
TRANSACTION 1587190009.862521 5333fac3a33deb4bd602e1c8d2a34637 12 10 5 207111.215532
TRANSACTION 1587190009.881821 dc3b4f3b26d900123f48d6ef16e46c7c 5 1 280 207111.240965
TRANSACTION 1587190009.885121 9ac844c4c5307244e53ef2a02b1931e2 1 7 215 207111.254555
TRANSACTION 1587190009.967541 2206593f7edc8d601ecd147ca70b42a0 15 6 1 207111.316842
TRANSACTION 1587190009.979982 6be18ee82c31519f73269a9f9cb9c393 4 13 223 207111.340797
TRANSACTION 1587190010.007350 b369760a07d3c40c959b1751f7aab853 0 3 96 207111.367461
TRANSACTION 1587190010.052709 e85454b8bf52fd53b80d5dc710db96fc 5 8 242 207111.421934
TRANSACTION 1587190010.058053 275306193402d92d48c8ad4ce5a26f98 0 13 674 207111.421949
TRANSACTION 1587190010.195535 d4ceec5dec25d91c7a174445ef0806c6 13 2 1253 207111.558169
TRANSACTION 1587190010.269053 cc6aaa2d66172c119953fc32113104b3 11 7 145 207111.631102
TRANSACTION 1587190010.326525 c780ff449cb899ff3cb4cd3f5ba1994c 11 8 15 207111.688782
TRANSACTION 1587190010.396012 222194d2a63f2c178086f5e4af12149a 7 15 323 207111.767347
TRANSACTION 1587190010.406410 27217e366c17a0f50a5c25e8f79de66e 11 1 107 207111.767357
TRANSACTION 1587190010.449770 68bf6d38d93803d690c912d75cfe17ac 3 14 294 207111.810938
TRANSACTION 1587190010.494227 b93081aa362a7c08c859c53082a5e421 8 10 61 207111.855991
TRANSACTION 1587190010.509611 f4bc2f35a76f67e6b971018b875a5d7c 11 14 38 207111.883074
TRANSACTION 1587190010.514935 4e2493ed5b824652cfaf61fb2ab220b7 15 14 279 207111.883083
TRANSACTION 1587190010.515141 03b85fcb9ca549c2aa9d0bf5b6e34000 9 11 852 207111.883087
TRANSACTION 1587190010.535421 b1299a2cb016ac714618115067e19e2d 8 4 173 207111.904462
TRANSACTION 1587190010.542743 cb8cbfc536a0af07c4a04dd0258df4bd 5 3 178 207111.904472
TRANSACTION 1587190010.699290 bc0842161e6547509200d71ca0b3a5a0 14 1 29 207112.061142
TRANSACTION 1587190010.715740 1919db850bbc53557b68ab5621e865b8 1 12 78 207112.075654
TRANSACTION 1587190010.762090 b70e36b05728f147650734e767e2461d 1 11 10 207112.134304
TRANSACTION 1587190010.772435 400851c4215fbf9fee4fc379f46b1299 5 3 28 207112.134313
TRANSACTION 1587190010.817798 f08a1ac25a9e1ebaf33f04314924f710 15 9 16 207112.179826
TRANSACTION 1587190010.867247 6934053aee470f972514e21ea59c2dce 0 3 578 207112.235824
TRANSACTION 1587190010.872710 034aacb3cfd6755afd78df707306e8ae 15 7 11 207112.235841
TRANSACTION 1587190010.905103 3d7659324baf075bff9c222d3f35b3ff 0 8 573 207112.265966
TRANSACTION 1587190011.004690 deb5198fbe4430fba5f91aacf6195b8c 8 2 343 207112.367689
TRANSACTION 1587190011.060292 593e24838971a1d1166e482e7431abfe 8 4 15 207112.422440
TRANSACTION 1587190011.272980 a78407d0b4ed2641f18cfa4fbb7206bf 4 13 178 207112.634787
TRANSACTION 1587190011.316638 9634b6763bbfc60460b60069c2ef4df1 7 15 554 207112.677805
TRANSACTION 1587190011.383264 39444d9515aec0439cc05e2b7f2a23ad 8 11 19 207112.732309
TRANSACTION 1587190011.443868 07d8abde015c8202f53469763d14b6c6 0 14 739 207112.792989
TRANSACTION 1587190011.447345 40f8ccfd6d1cab2374bb101844321a11 15 13 116 207112.812274
TRANSACTION 1587190011.509712 5ba1b98184ffc0f1f554b73af0c298dc 3 1 260 207112.871347
TRANSACTION 1587190011.527212 080ba8f8b9668c57a2f070366254ff2d 3 16 354 207112.887111
TRANSACTION 1587190011.816857 c34a5ec25b94c5683ac507332f79e31c 5 3 4 207113.189715
TRANSACTION 1587190011.829284 c0b9b716ee1348b7afcf7e80387ee2a1 11 17 251 207113.189724
TRANSACTION 1587190011.901720 b53b6b99b062d876c06da4764caf23d0 5 16 58 207113.263680
TRANSACTION 1587190012.022287 54c122b81bcaecf48a0ef344f64ac0a5 4 3 454 207113.384402
TRANSACTION 1587190012.064774 0d3b6c57524e2e275d43195750184343 5 4 8 207113.427116
TRANSACTION 1587190012.133249 e9fa3c24a08cbcffea40ee3452c77c25 0 16 439 207113.495211
TRANSACTION 1587190012.205786 6bf80274b379b99f51cb3b809b7a29b1 15 7 304 207113.568166
TRANSACTION 1587190012.227239 70282db9ae7d170483a1bc8eca7911fd 1 5 379 207113.595279
TRANSACTION 1587190012.230604 8151efd884ccac187f2adce73fc4cfa3 15 14 134 207113.595289
TRANSACTION 1587190012.385111 bf717e358da3131783477fef5de2a933 2 15 1084 207113.747293
TRANSACTION 1587190012.466671 46e02d354017b371dccd68ee4f250eaa 9 15 168 207113.829192
TRANSACTION 1587190012.793489 71ad3e627f502e6118b581463f5acc5e 8 17 116 207114.142490
TRANSACTION 1587190012.890059 6e02ab1d6bba9386e61c9de4c5db7d06 15 6 831 207114.252661
TRANSACTION 1587190012.927525 311b435f6d7b89bfdcd0472421d31f6f 14 15 1330 207114.289674
TRANSACTION 1587190014.061321 73626fcfb5b0c44c6fefa98a1e550592 9 10 95 207115.410448
TRANSACTION 1587190015.422369 42ea99b060b06bb35f7a351439135ac0 15 2 2636 207116.771547
TRANSACTION 1587190020.100299 f6151973319aa898b8b2a2ca3dfe3d3c 3 18 5 207121.449892
TRANSACTION 1587190020.119721 2099becf22bc4ec4acd02824aba11bb9 20 10 109 207121.468619
TRANSACTION 1587190020.241208 c95efae69b777a30abfeaf3294159ac1 19 12 366 207121.591707
TRANSACTION 1587190020.517028 42b8e24919491958f04e4a0db9317333 7 9 62 207121.866119
TRANSACTION 1587190020.866203 0ee12244a2ad2a2c3ae6275b68db5554 23 17 235 207122.215558
TRANSACTION 1587190021.339503 243423c485ebaa9e93dc740f4be76c8e 17 12 192 207122.689144
TRANSACTION 1587190023.491032 8e23ad416740e55d5756740d4dff6abe 9 20 1128 207124.840322
TRANSACTION 1587190023.999426 d503c34af09b2ec185377746edb48858 12 17 26 207125.348485
TRANSACTION 1587190027.502417 c09d80ee870f7f1b420beb262f8b0d85 13 8 31 207128.851447
TRANSACTION 1587190027.774704 72df0a7ab54310028bc0b2088b2873f6 12 17 797 207129.123688
TRANSACTION 1587190029.193481 069f0eb44cd5f861da42e460d798d126 4 10 337 207130.542824
TRANSACTION 1587190029.782632 b8d2386a3ba5d5274137fdae01f79b8e 20 21 2 207131.132327
TRANSACTION 1587190031.338204 4bb61c96ae1e986e38071e67cce03843 12 2 270 207132.687557
TRANSACTION 1587190032.976315 40b93a4379ea7d197985549ce879fd4d 20 11 261 207134.325680
TRANSACTION 1587190033.364154 18873728ec0c77de9dde06fb2b63b0bc 30 17 10 207134.713425
TRANSACTION 1587190033.437445 a91295acd0413e113634dd9dbb08afa9 24 2 338 207134.786643
TRANSACTION 1587190034.215899 c7a39f1c6152d87e4fc30a00c948555f 19 15 1017 207135.565382
TRANSACTION 1587190035.015160 8a6f723cfa3fa7d459e40082c43d68c8 25 20 85 207136.364024
TRANSACTION 1587190037.542459 81ad82bddcc3f96019731e555e46d8e3 30 3 122 207138.891939
TRANSACTION 1587190038.702913 3fc58ffebb71f359c6a74faaae9fbfa1 21 2 3 207140.052251
TRANSACTION 1587190038.888479 081f55872e76966b1b8d9f227c7ffce3 9 12 44 207140.237779
TRANSACTION 1587190040.813893 31cc93780922ac74b2cbc8c016579954 26 22 92 207142.163062
TRANSACTION 1587190041.562768 1d3f739cd4d28a25a6d74c897ce7491c 33 9 2001 207142.912297
TRANSACTION 1587190042.436608 5a8a6a04373c78480c1c755c3b498f88 22 7 38 207143.785549
TRANSACTION 1587190043.175106 e3e28a90c5179660927b1c62b050c4e4 7 16 685 207144.524648
TRANSACTION 1587190043.396302 3132627ab868cdd975a54cbf6898cbb8 13 31 24 207144.746171
TRANSACTION 1587190044.056868 7947099992d3a4392dbb3edcb82eb1e8 21 35 25 207145.406472
TRANSACTION 1587190045.011393 d4b0b1d2db4befde5f2ce6cddf265d30 9 30 52 207146.360675
TRANSACTION 1587190046.279500 ac2604d09e65e679c324ebdeb738561c 23 17 56 207147.628582
TRANSACTION 1587190050.844040 06c20796779dd983a982ed2ce4119294 22 20 13 207152.194061
TRANSACTION 1587190051.381698 ac85dbe4021522ce2d3eb8d3b4eec3c4 36 40 2 207152.730538
TRANSACTION 1587190051.434723 a5ec9e24a839cf9af42559009b0f1180 11 32 122 207152.783582
TRANSACTION 1587190051.904812 db701d65510730255ee3f53684b1e8ca 14 39 400 207153.254164
TRANSACTION 1587190053.515803 ba8142e9cb32c7e0114e523db7c530b2 22 39 40 207154.865643
TRANSACTION 1587190055.552323 06c090408fb5edd5e29659e26b78f10d 2 1 28 207156.902108
TRANSACTION 1587190057.271598 6d1bba27a1f912762be7d49b6341a415 36 44 1 207158.620851
TRANSACTION 1587190058.561301 71ab5c839125a7b5388fee1f703dae19 30 32 237 207159.911453
TRANSACTION 1587190060.808374 e5536bbfbee0fd46de1db9894fd40429 44 5 354 207162.158064
TRANSACTION 1587190061.208051 2d8a6b92e7a16a993b99ce839581231e 22 30 542 207162.557484
TRANSACTION 1587190061.551727 375bcb13be04abe428dd3cf98444e7c0 36 17 323 207162.901175
TRANSACTION 1587190062.450015 938df82756cb9c4f985a0efab46de5a2 11 18 12 207163.798888
TRANSACTION 1587190062.518448 73d55ca2d33c21c59a7e4e09407c14b5 41 32 21 207163.867654
TRANSACTION 1587190063.978224 f7e1929b6d7202326d28778d7bcfcbd0 42 19 1 207165.328153
TRANSACTION 1587190067.521612 7bd6ae3b72ece6614857565f0d6c97d8 10 37 1221 207168.871037
TRANSACTION 1587190067.703593 2fda7b291d46eeaf1edeacaf6bab509a 4 40 1560 207169.053354
TRANSACTION 1587190068.460744 47750b4f578ce1c89001127fe3913b34 31 24 127 207169.810543
TRANSACTION 1587190068.840211 94dd26c0d1fbeb8ae01f63a492905884 47 39 174 207170.189747
TRANSACTION 1587190070.528907 9d33bbd20980b3087c78b2488f57818d 3 46 1 207171.878540
TRANSACTION 1587190070.556237 4b0dea6c4a9095777a27419a6fa64d78 26 23 1 207171.905419
TRANSACTION 1587190071.057729 84cc33529b3bf3b9f09b6a84ee41aed0 36 34 12 207172.406997
TRANSACTION 1587190072.569543 581ac7f81163dedaa18483fc95d7618d 16 30 485 207173.918867
TRANSACTION 1587190072.972755 31cbea0a8b009b195f9e99cab456dacd 8 38 16 207174.322206
TRANSACTION 1587190073.045906 aa486b52446a870d91ebf6300d8d5282 30 6 349 207174.395405
TRANSACTION 1587190074.002888 61d2a9368331cc256f95c843a823b423 17 16 378 207175.352523
TRANSACTION 1587190075.531489 95df38292e862437bc0b00d4b451d476 0 4 457 207176.881071
TRANSACTION 1587190076.143226 726e9496bb0720ac95d12cda7599780d 23 21 9 207177.492552
TRANSACTION 1587190076.676774 51e116109aad05287ddfc8588a288887 43 15 22 207178.026217
TRANSACTION 1587190078.939880 5b408ec2a2579f41534c9b975b56a8be 2 8 208 207180.289339
TRANSACTION 1587190081.136724 6db40f688c3e5e7cc691d50d01168c11 18 46 15 207182.486102
TRANSACTION 1587190081.469363 e24f2354131616fffb2a4b94d5aa5d57 1 4 43 207182.818851
TRANSACTION 1587190081.512346 a5c4fb792541e5b23b858431e0406675 33 37 392 207182.861195
TRANSACTION 1587190082.981045 61a784b48031bf8778c74bf0cbcf7510 50 4 116 207184.329973
TRANSACTION 1587190083.752117 d9e3528c665ac27a75c3b994a0596603 21 53 32 207185.100973
TRANSACTION 1587190085.258452 867fcd213b4fd928313c49b3adc4831e 39 32 1591 207186.608582
TRANSACTION 1587190086.451119 65736dcd97d1c982ed894f54524e7ee9 38 11 204 207187.799988
TRANSACTION 1587190086.778594 da65cd372c1db37f954221243a2de240 44 23 123 207188.128128
TRANSACTION 1587190087.322991 70f856a5408a674570672561f4a8280d 17 4 15 207188.671904
TRANSACTION 1587190087.422279 9b0f1ff5b0e517e1afd985fd6c30c5ff 7 5 64 207188.772617
TRANSACTION 1587190087.926872 3dfe2338079220aee4d06da3b93a0664 31 42 31 207189.276418
TRANSACTION 1587190088.076283 11d2cab2e548b8c702de73984fe0e6d7 7 14 1 207189.425540
TRANSACTION 1587190088.081698 296b53c9c526a12f8380a48e174986f5 11 38 371 207189.430766
TRANSACTION 1587190090.349050 6c1c0149d01bc9c8c0c1001492211ef0 38 51 928 207191.698270
TRANSACTION 1587190090.801094 87f03ed5cf6a7c57679cddfd5ab21d45 14 43 1 207192.150769
TRANSACTION 1587190091.644211 dc85a62089483371cf064b222f1ce6ee 18 1 3 207192.993731
TRANSACTION 1587190097.321231 0f8d816d06e0956c286bd1b6573d5101 22 40 11 207198.670544
TRANSACTION 1587190097.766112 2b886ca26eeb1c7c6a669f9198e0677b 56 33 273 207199.115628
TRANSACTION 1587190099.976421 747eb6b35fbe929139ce14634a4bd0f8 62 28 1 207201.325390
TRANSACTION 1587190100.871636 ef5f62ce1778e08fde70e70a4e7f7ca8 16 53 87 207202.220578
TRANSACTION 1587190102.449255 cc92c9f8afa539b1198546186b4efd49 25 57 80 207203.798448
TRANSACTION 1587190103.371821 ad9e458a61a7227487f592c0a88e5fb4 8 48 298 207204.720867
TRANSACTION 1587190103.532904 e4903d1c78f77801536101cb0269cbcd 37 35 675 207204.881927
TRANSACTION 1587190105.285987 a0cd69d58f27552db30b6f3abdd0b84b 18 50 34 207206.635513
TRANSACTION 1587190105.653112 ca9242957ebfa538645c6e699ad37049 5 17 462 207207.002595
TRANSACTION 1587190106.626825 0dad23ce494ee1cbdbc16436f3191c01 12 30 67 207207.976051
TRANSACTION 1587190108.169746 608172d70466216af3119a6300710e38 43 31 96 207209.518970
TRANSACTION 1587190110.076523 b6a0d5d2a992760ffd41834686e9a3b6 45 18 15 207211.425512
TRANSACTION 1587190110.573916 79405311cf17aa78acf7bb643ad1c6b2 29 32 265 207211.923337
TRANSACTION 1587190111.611478 81b0c772c331d061bbcb2d0de5e1e617 49 38 168 207212.960524
TRANSACTION 1587190113.039891 422c3645961b32ff15527a5c220a0292 58 21 26 207214.389152
TRANSACTION 1587190116.322689 61154a2d084c18542cc5f8aa3cbc6b3d 14 26 5 207217.671592
TRANSACTION 1587190118.860033 885245f06aa22a750f3857e70565c5cc 34 35 241 207220.209280
TRANSACTION 1587190119.471730 6cc77ab370b90f3c094b27adc70ed6cc 58 15 10 207220.820902
TRANSACTION 1587190119.792548 8f18f3a77108da96d60fac6c43fbca71 58 10 2 207221.141771
TRANSACTION 1587190120.076827 8f75e3ccfc183a4a27dfee1d44245f2b 38 51 98 207221.426765
TRANSACTION 1587190123.055153 e03179b61bc86f7af9a88de54d2dae7a 15 6 81 207224.404718
TRANSACTION 1587190123.792053 eaeb5b2c83250d80a8a878a1045c33f7 57 22 339 207225.141309
TRANSACTION 1587190126.348652 d4dceaa9b65187c325a79364afd891eb 29 45 57 207227.698110
TRANSACTION 1587190126.629893 40835499d3cfb65ddef689d382c909ea 67 66 1 207227.979532
TRANSACTION 1587190126.882197 31cb09c25fe93ced883c60bf988109f0 49 9 1 207228.231084
TRANSACTION 1587190128.597541 d32c5322decd1d8dce107eb1e6e93aea 48 36 58 207229.946973
TRANSACTION 1587190130.781942 b49360353d3dbd8290f7d3526cb6cb75 54 36 197 207232.131192
TRANSACTION 1587190131.166176 5b3a17eb96f99e21dad584af8f7c6266 2 33 61 207232.515466
TRANSACTION 1587190131.705354 4173d298ed142b2ea9cb99bc70b16deb 59 53 58 207233.054733
TRANSACTION 1587190133.563089 138a035ae205db12aa3fb49e724f9ae6 36 17 1549 207234.912213
TRANSACTION 1587190134.649713 31a339388b8b53faa1041ce4a191b4b0 74 15 1 207235.998970
TRANSACTION 1587190135.698767 64f537001d38cf786accc05d50fee934 32 59 1370 207237.048072
TRANSACTION 1587190137.501795 ca63f5c6372d60fd40ef755bca81c506 14 57 402 207238.850940
TRANSACTION 1587190139.526765 f7aaf023789a9d9711dbc565678b9ad1 58 53 666 207240.875730
TRANSACTION 1587190140.621272 5453f774b902d05cd78eef8ca9177ff4 37 17 19 207241.970429
TRANSACTION 1587190141.900863 83584122fa4da919e2e47c169bd238e9 47 26 38 207243.250311
TRANSACTION 1587190142.156472 1511abd2c838c7b4b830233728bb27b8 51 58 72 207243.505548
TRANSACTION 1587190142.713766 f79b77a41c47dc8efa104eb57e355b54 48 36 2352 207244.062944
TRANSACTION 1587190142.843445 c3eaecbec3d8cc57129235817ea5f747 36 22 1299 207244.192639
TRANSACTION 1587190143.050986 a85bb9ac48ced29c90fe85e339f0b025 76 61 31 207244.399979
TRANSACTION 1587190143.431788 322bed70a9e90486bb794fd54ae28ece 7 47 3 207244.781167
TRANSACTION 1587190143.583498 b630ca8425ca6ed7460becdaeacf9187 69 31 554 207244.932682
TRANSACTION 1587190144.847195 cb767231cae2c6d8b7cf5137c6f40975 4 33 23 207246.196656
TRANSACTION 1587190145.361878 fd2a1d120af9026531108e00e933cfcf 59 15 352 207246.711445
TRANSACTION 1587190145.562634 6692ee34b1c440572c9ac5959be9a3bb 47 11 19 207246.912167
TRANSACTION 1587190150.532876 4cb1a15bdaf6abace9bfc2ee0bea37eb 72 69 1302 207251.882254
TRANSACTION 1587190151.850356 a4e6325b3e115330b20643530d8e65db 73 71 14 207253.199611
TRANSACTION 1587190152.804932 e895ee29653006b2b1c79f94eb8bd3a4 21 76 198 207254.154083
TRANSACTION 1587190153.848072 4703dcd200b28854f2538c63e7b044bc 69 2 531 207255.197055
TRANSACTION 1587190156.539652 405ca43c977fa35cfa2add431d3f71b3 44 61 2 207257.888903
TRANSACTION 1587190160.654251 5554abd204040ea6e90a28c0fed3367b 61 31 8 207262.003490
TRANSACTION 1587190161.465089 f931cd602ac81e4a354cc3db3c0f1507 22 58 224 207262.814459
TRANSACTION 1587190162.555310 77a4d64b183954e573382b46c0d0a1c7 58 67 136 207263.904295
TRANSACTION 1587190162.777083 a08e2e02dbdd1adf9ec076b6e49405c3 71 59 22 207264.126379
TRANSACTION 1587190164.476164 eb312c2dec5e9eb287f85b683fe3b7a5 7 36 22 207265.825280
TRANSACTION 1587190165.632196 0061f7dcdadf0e4784ffc212c5bd214f 37 16 101 207266.981143
TRANSACTION 1587190165.940356 1a7123a5aca10ace2c26001efa649a3f 79 55 392 207267.289362
TRANSACTION 1587190166.514967 c6f566311d8e7b14ccb4e93361973cb7 57 17 28 207267.864302
TRANSACTION 1587190166.682788 5c443c3622de58cb2d0ca1e069bf38aa 30 64 2 207268.031781
TRANSACTION 1587190166.768662 df59a2147c25a39894948e7e14fd8b82 30 12 2 207268.118346
TRANSACTION 1587190166.877739 0b5630c64406fc19895a85639adbc1c4 55 76 149 207268.226701
TRANSACTION 1587190174.370573 5f9d0bb803d5252eff5272a331d1651b 49 24 1 207275.719917
TRANSACTION 1587190174.473229 dc0cdb7ce5db696481d50290e082f3a9 22 10 21 207275.822108
TRANSACTION 1587190176.425168 d99a40efa7e84442f52d511270ac66bb 71 55 4 207277.774561
TRANSACTION 1587190177.956681 0a19a2fdb3b641e53a9abb6c750408e2 26 13 1 207279.305677
TRANSACTION 1587190179.135529 4039ee521406d6efea2829cb5b7c4117 24 37 1141 207280.484955
TRANSACTION 1587190180.747111 7fb3096abb2dcc3c3e76e66836039c5c 52 34 45 207282.096399
TRANSACTION 1587190181.437871 ed361c0264377856b04103cbdb085380 79 59 37 207282.787302
TRANSACTION 1587190181.829873 ef4b4783771aee238628eb02b245bdd0 32 72 1163 207283.179305
TRANSACTION 1587190182.132063 c69c01ce554f626efe004890b0099f5a 82 56 74 207283.481774
TRANSACTION 1587190182.402240 99c83b527654f5dc10c33bee46fd942a 34 63 1381 207283.751171
TRANSACTION 1587190182.534466 4bc25c76c8fa166743896c67f033996d 36 15 323 207283.883856
TRANSACTION 1587190185.889661 5c334f01f4f777dd845c477a2f0a7fd3 61 5 134 207287.238922
TRANSACTION 1587190186.348884 d1846981d4a1c8897296c7f591081deb 58 18 456 207287.698432
TRANSACTION 1587190189.134389 a0b79a5fd8e9e14872dc07c5e803733e 49 88 14 207290.484009
TRANSACTION 1587190189.710325 3de298d9d1a4c84777feeae2e18faaf9 85 67 103 207291.059815
TRANSACTION 1587190192.080540 7cc1563b843a6f15b11bf58437804c68 79 72 11 207293.429908
TRANSACTION 1587190193.227892 d92194e162da59689e33a7648cf6fb9b 78 47 85 207294.577669
TRANSACTION 1587190194.174201 9ddc3379cbd7e3f1e66d7146340bebad 81 67 130 207295.523316
TRANSACTION 1587190199.207213 de0685027ac60197ba68c01eb784137f 82 77 573 207300.556394
TRANSACTION 1587190201.179025 8b90b77af97a5ee14202926f88eaef24 11 77 1 207302.528498
TRANSACTION 1587190203.725289 cf5da0ac235adbf0ecc0cec7300902ef 80 72 24 207305.074404
TRANSACTION 1587190204.450097 7da54077e87c9ab06ba786a26ec38811 12 19 118 207305.799376
TRANSACTION 1587190206.062492 f5d9a36d6a8471b5434aa1dacba906a4 37 88 35 207307.411982
TRANSACTION 1587190207.272146 aaa64f6bc4d441003c12ea3239d518f2 88 65 934 207308.621080
TRANSACTION 1587190207.907548 b5b82dc54de48c42e41f8046d153fd54 32 65 286 207309.261845
TRANSACTION 1587190208.588354 8dcd106ed7160d5f25c04be55a01aba8 44 17 107 207309.937574
TRANSACTION 1587190212.116403 2dc0759d6ad644100d47da9bbc1a8826 67 86 1 207313.465586
