TRANSACTION 1587190005.876620 129baab5abc8674efe72e39d4b3f3760 0 1 887 207108.222005
TRANSACTION 1587190005.932307 63e67de9abde18f55e319f2b1bb42a8b 1 3 49 207108.222098
TRANSACTION 1587190006.000538 9474fddf8bcb6238b77a7b6019e49264 4 1 71 207108.239177
TRANSACTION 1587190006.060255 517ed4a5657089e7c1b944b3f9efefb7 1 5 89 207108.247132
TRANSACTION 1587190006.088533 a065478c1ba2893c549fda3bbb7dbed8 5 6 291 207108.250361
TRANSACTION 1587190006.518889 f9522a5d39d0751189d7fd8e0f1ffb82 6 5 30 207108.250371
TRANSACTION 1587190006.387441 ce131dd01744df63c79fe07d14a2bdb7 1 5 198 207108.264211
TRANSACTION 1587190006.239843 3695d3560eb128a520c9c1b75948e931 2 5 131 207108.274595
TRANSACTION 1587190005.979359 340d784a17e994858c96389f9d8cbb17 2 1 137 207108.282800
TRANSACTION 1587190006.493417 00b8195bd9146dfce78d2ea984923f09 5 7 453 207108.291625
TRANSACTION 1587190006.525465 34fb0bb602700d3b9aa4a116ba713a31 3 8 17 207108.368950
TRANSACTION 1587190006.845755 05284cfe5bc4a9995ca13c3c72d26eb3 7 3 433 207108.368961
TRANSACTION 1587190007.001086 16a994a3dbda0a5ed6953f52d769ada9 3 9 51 207108.369062
TRANSACTION 1587190007.074403 7f669f162b94f0573a44631c3078de16 9 2 45 207108.440853
TRANSACTION 1587190007.127938 f78cede42a8f7cb7d54df01f20d20a3b 3 8 143 207108.493005
TRANSACTION 1587190007.188504 9a660a43c79fb93fec107b121c968e02 4 9 85 207108.554473
TRANSACTION 1587190007.242953 73531223ff2b1dba59accf55beb15a93 1 3 429 207108.608212
TRANSACTION 1587190007.265365 4dc8b8d82742695f2f77d12a53004441 2 8 1318 207108.639381
TRANSACTION 1587190007.273664 f2c4297f7959ea4b5fe51088806c7557 8 5 2507 207108.639391
TRANSACTION 1587190007.312984 d97d864b82099eada4ef17f0050ca013 7 6 16 207108.689868
TRANSACTION 1587190007.323417 4e8a44206c224c869d3d255ad9a7fe28 4 8 43 207108.689879
TRANSACTION 1587190007.353857 035da1977b2c5f49e4d4111fc6c552e3 9 10 11 207108.718637
TRANSACTION 1587190007.423774 a8613ad8a73ee8cb4a6b66dafe15efa1 8 3 114 207108.810060
TRANSACTION 1587190007.422320 eb5c2c662e9fd5f27912a42a5e508629 5 4 1065 207108.810070
TRANSACTION 1587190007.443091 49bc78ac0afd7bfe4142dd72e25ee419 2 9 316 207108.810073
TRANSACTION 1587190007.466430 974b07bb085aea82ddb5b3468902a86b 5 6 246 207108.866763
TRANSACTION 1587190007.472202 dba5a2226721ec6982feef54e9b5f6be 3 2 75 207108.866775
TRANSACTION 1587190007.482514 9eddabdf42a0a68003df4677e7bc2c02 8 7 1 207108.866779
TRANSACTION 1587190007.496830 362b86b9436f5485422dfc5e322d636b 5 2 620 207108.866781
TRANSACTION 1587190007.542199 aaa796a5e7d4497e425f75bb9fb27dfc 3 10 99 207108.908451
TRANSACTION 1587190007.650780 b76b188f281deb016e7932c486ee25df 9 5 114 207109.016674
TRANSACTION 1587190007.678200 c66a870663fa288a4cb55e8b23143800 3 7 455 207109.042280
TRANSACTION 1587190007.699520 91740dee9b2e66e14f8374292e4d7c56 0 6 753 207109.064904
TRANSACTION 1587190007.740889 b19c09ea3bbb1a92621d2fcb8afbc9ba 9 5 197 207109.106927
TRANSACTION 1587190007.796356 1d12066f20aa2e32bcd26c268fc9b359 10 5 106 207109.163405
TRANSACTION 1587190007.965948 0d19a24490f62110995fbd7e27ebdd5d 5 7 313 207109.341441
TRANSACTION 1587190007.973421 88a609df5893b1d7104fd6489dbecec9 6 7 473 207109.341451
TRANSACTION 1587190008.023864 366ebf1758e5ee64ce967710c51d5886 9 4 38 207109.390769
TRANSACTION 1587190008.044289 2ff1e5c3d08b428b20685e2a55d97214 2 3 372 207109.407805
TRANSACTION 1587190008.092738 12ef01f1e49ea6d8bf7b1955052675fd 9 11 15 207109.467749
TRANSACTION 1587190008.101129 788d8f182cf149fc0766803587166a5e 2 3 23 207109.467760
TRANSACTION 1587190008.252629 b1a556a1c942eddb6c92f202db7f963a 9 5 29 207109.618273
TRANSACTION 1587190008.272049 b723986204e88322b1df33ac3901eaed 9 6 3 207109.635079
TRANSACTION 1587190008.291373 26621f3c68986c122c03b7296303d694 8 6 4 207109.654260
TRANSACTION 1587190008.385816 ffea4bc28366e3990ac0d4774012aa78 10 5 4 207109.752282
TRANSACTION 1587190008.681578 db1faf32fbd3bd0da9f8de433415cfe7 11 12 11 207110.059863
TRANSACTION 1587190008.697013 eb637c37440e98bc203e016a13f4806d 11 7 3 207110.059873
TRANSACTION 1587190008.713386 ece1fce8495e0a0fa9cc190f57e540ce 10 9 7 207110.075723
TRANSACTION 1587190008.771802 9ff75fb9534e45b31775e4a2dd685821 11 5 1 207110.136443
TRANSACTION 1587190008.864313 fe6734177efd789c58543647780d8b77 3 13 238 207110.228754
TRANSACTION 1587190008.990905 9582c8aa9db86180dba30219dd69e1a0 13 14 177 207110.356245
TRANSACTION 1587190009.044404 b0415855326b5ec6cbf6673019329a50 1 9 466 207110.409564
TRANSACTION 1587190009.075822 8ff1d752808b4bb49b973c7759a5ba1d 7 11 631 207110.440170
TRANSACTION 1587190009.144252 879b1c944bb424a3dd0c7d769eae9108 11 2 209 207110.509378
TRANSACTION 1587190009.288825 1dcf17edd49f09aa065337bdf9171398 2 6 224 207110.654881
TRANSACTION 1587190009.366313 ca897c6482bf92898787223d0d484a50 2 6 134 207110.740945
TRANSACTION 1587190009.373779 8194294fdd8ca96d56e9fa1c1f48061a 1 2 46 207110.740955
TRANSACTION 1587190009.462239 03c4de758f6d6f70f3c4bbaa3b675f6d 3 13 124 207110.828211
TRANSACTION 1587190009.502724 80f26ada1ec2871c2baaea681890215f 6 9 778 207110.866713
TRANSACTION 1587190009.571203 ee8e8a9a241e87f5e384da9d569db64c 9 13 227 207110.938132
TRANSACTION 1587190009.641711 39a38e99c3277dc646cad4b7b7bc9b4b 1 3 183 207111.007502
TRANSACTION 1587190009.679143 b630dbf81206d77dbe8cddec825b7996 4 7 302 207111.042992
TRANSACTION 1587190009.724550 58bb037cd30b9e6c49c3da913e6abb18 12 15 1 207111.089346
TRANSACTION 1587190009.852087 5a813674c0e94c0a7d466a5be6cae509 8 14 1 207111.229711
TRANSACTION 1587190009.862521 5333fac3a33deb4bd602e1c8d2a34637 12 10 5 207111.229720
TRANSACTION 1587190009.881821 dc3b4f3b26d900123f48d6ef16e46c7c 5 1 280 207111.257510
TRANSACTION 1587190009.885121 9ac844c4c5307244e53ef2a02b1931e2 1 7 215 207111.257520
TRANSACTION 1587190009.967541 2206593f7edc8d601ecd147ca70b42a0 15 6 1 207111.344951
TRANSACTION 1587190009.979982 6be18ee82c31519f73269a9f9cb9c393 4 13 223 207111.344961
TRANSACTION 1587190010.007350 b369760a07d3c40c959b1751f7aab853 0 3 96 207111.370782
TRANSACTION 1587190010.052709 e85454b8bf52fd53b80d5dc710db96fc 5 8 242 207111.427356
TRANSACTION 1587190010.058053 275306193402d92d48c8ad4ce5a26f98 0 13 674 207111.427366
TRANSACTION 1587190010.195535 d4ceec5dec25d91c7a174445ef0806c6 13 2 1253 207111.561931
TRANSACTION 1587190010.269053 cc6aaa2d66172c119953fc32113104b3 11 7 145 207111.635127
TRANSACTION 1587190010.326525 c780ff449cb899ff3cb4cd3f5ba1994c 11 8 15 207111.692893
TRANSACTION 1587190010.396012 222194d2a63f2c178086f5e4af12149a 7 15 323 207111.772069
TRANSACTION 1587190010.406410 27217e366c17a0f50a5c25e8f79de66e 11 1 107 207111.772079
TRANSACTION 1587190010.449770 68bf6d38d93803d690c912d75cfe17ac 3 14 294 207111.814586
TRANSACTION 1587190010.494227 b93081aa362a7c08c859c53082a5e421 8 10 61 207111.911154
TRANSACTION 1587190010.509611 f4bc2f35a76f67e6b971018b875a5d7c 11 14 38 207111.911164
TRANSACTION 1587190010.514935 4e2493ed5b824652cfaf61fb2ab220b7 15 14 279 207111.911168
TRANSACTION 1587190010.515141 03b85fcb9ca549c2aa9d0bf5b6e34000 9 11 852 207111.911170
TRANSACTION 1587190010.535421 b1299a2cb016ac714618115067e19e2d 8 4 173 207111.911173
TRANSACTION 1587190010.542743 cb8cbfc536a0af07c4a04dd0258df4bd 5 3 178 207111.911175
TRANSACTION 1587190011.004690 deb5198fbe4430fba5f91aacf6195b8c 8 2 343 207112.353805
TRANSACTION 1587190015.917963 d600329b3f72135dc35b854accfa945b 16 19 15 207117.266992
TRANSACTION 1587190018.966811 7b018dd1638639210c0ced439f0c93c8 14 9 229 207120.315977
TRANSACTION 1587190024.254041 0f660dca2897ec25b34d410c1a5be00b 16 11 301 207125.603136
TRANSACTION 1587190027.057245 36ccd170b540722231342a56fb0b53c7 2 13 82 207128.406618
TRANSACTION 1587190037.340794 73f4128b720f37559a7b1c414d2ae9f0 2 15 87 207138.689844
TRANSACTION 1587190041.259514 1e889506bc391e38c0c7714edfa0041c 14 4 23 207142.608600
TRANSACTION 1587190051.622206 b490bdbeece5bd7148c81bfb9d4066b7 28 6 14 207152.971245
TRANSACTION 1587190058.748619 5d31b0c355daec40411ffca49e4152ac 11 24 60 207160.097673
TRANSACTION 1587190059.964204 1bb7a8c37ca9a76530d3d2c1e289d39a 7 15 48 207161.313379
TRANSACTION 1587190060.947688 f6c040c4e42413b9c7a91e3efd6b02fd 32 10 1 207162.296917
TRANSACTION 1587190064.601286 acf233723be4ad4be640c12cd2f2a0ab 29 15 285 207165.950531
TRANSACTION 1587190066.084697 c30ea2f15b45da5e468af5a3adee39ac 0 45 9 207167.433840
TRANSACTION 1587190067.270131 f2d6f8d45d97482d3f2b451694fe75f9 9 20 81 207168.619230
TRANSACTION 1587190075.952198 a04f1f6fab89094cd5a7a216012986e3 32 37 3 207177.301417
TRANSACTION 1587190082.104875 c1e733505750b25df59e0d42b6484119 27 41 191 207183.454021
TRANSACTION 1587190089.953659 99f2b55fa5f85cb0f6f8b674cbad3e44 12 50 2313 207191.302808
TRANSACTION 1587190104.658239 04a83504b79fa4cb46b84eb22d24e92f 13 42 1 207206.007433
TRANSACTION 1587190105.719865 5f9097e67315e14e15c4533ca95b92d6 1 29 37 207207.069410
TRANSACTION 1587190118.840687 9db744e4e11f4424f338699e9fc392d2 5 61 522 207220.189910
TRANSACTION 1587190119.265473 42a9e695c7511ee553719e010f252110 21 31 11 207220.614794
TRANSACTION 1587190129.420955 0a14a2a603ebe19df2f7ce7670968b95 37 51 266 207230.770191
TRANSACTION 1587190134.622342 d714b2cf43989154c6e6005834d23b04 63 72 113 207235.971476
TRANSACTION 1587190138.986743 c48406905091cef11c0c378b074a0591 53 75 375 207240.335973
TRANSACTION 1587190155.182486 0a54abfd2538e91ac07c338f8702ec9e 13 37 470 207256.531742
TRANSACTION 1587190156.020622 868a84f3b263b7c88326769b83f9669b 58 54 11 207257.369921
TRANSACTION 1587190180.173486 4eb5e24cc9954f8f918210406fcd8491 39 67 204 207281.522664
TRANSACTION 1587190211.696622 ad26ad5296cafbefe7763e982b33694b 61 29 168 207313.045845
