TRANSACTION 1587190007.074403 7f669f162b94f0573a44631c3078de16 9 2 45 207108.430678
TRANSACTION 1587190007.127938 f78cede42a8f7cb7d54df01f20d20a3b 3 8 143 207108.482440
TRANSACTION 1587190007.188504 9a660a43c79fb93fec107b121c968e02 4 9 85 207108.543232
TRANSACTION 1587190007.242953 73531223ff2b1dba59accf55beb15a93 1 3 429 207108.596467
TRANSACTION 1587190007.265365 4dc8b8d82742695f2f77d12a53004441 2 8 1318 207108.617973
TRANSACTION 1587190007.273664 f2c4297f7959ea4b5fe51088806c7557 8 5 2507 207108.623558
TRANSACTION 1587190007.312984 d97d864b82099eada4ef17f0050ca013 7 6 16 207108.662456
TRANSACTION 1587190007.323417 4e8a44206c224c869d3d255ad9a7fe28 4 8 43 207108.677368
TRANSACTION 1587190007.353857 035da1977b2c5f49e4d4111fc6c552e3 9 10 11 207108.707322
TRANSACTION 1587190007.422320 eb5c2c662e9fd5f27912a42a5e508629 5 4 1065 207108.776588
TRANSACTION 1587190007.423774 a8613ad8a73ee8cb4a6b66dafe15efa1 8 3 114 207108.777681
TRANSACTION 1587190007.443091 49bc78ac0afd7bfe4142dd72e25ee419 2 9 316 207108.793624
TRANSACTION 1587190007.466430 974b07bb085aea82ddb5b3468902a86b 5 6 246 207108.819457
TRANSACTION 1587190007.472202 dba5a2226721ec6982feef54e9b5f6be 3 2 75 207108.829271
TRANSACTION 1587190007.482514 9eddabdf42a0a68003df4677e7bc2c02 8 7 1 207108.836824
TRANSACTION 1587190007.496830 362b86b9436f5485422dfc5e322d636b 5 2 620 207108.849122
TRANSACTION 1587190007.542199 aaa796a5e7d4497e425f75bb9fb27dfc 3 10 99 207108.895970
TRANSACTION 1587190007.650780 b76b188f281deb016e7932c486ee25df 9 5 114 207109.003936
TRANSACTION 1587190007.678200 c66a870663fa288a4cb55e8b23143800 3 7 455 207109.031173
TRANSACTION 1587190007.699520 91740dee9b2e66e14f8374292e4d7c56 0 6 753 207109.052544
TRANSACTION 1587190007.740889 b19c09ea3bbb1a92621d2fcb8afbc9ba 9 5 197 207109.094175
TRANSACTION 1587190007.796356 1d12066f20aa2e32bcd26c268fc9b359 10 5 106 207109.149877
TRANSACTION 1587190007.965948 0d19a24490f62110995fbd7e27ebdd5d 5 7 313 207109.319372
TRANSACTION 1587190007.973421 88a609df5893b1d7104fd6489dbecec9 6 7 473 207109.326614
TRANSACTION 1587190008.023864 366ebf1758e5ee64ce967710c51d5886 9 4 38 207109.376911
TRANSACTION 1587190008.044289 2ff1e5c3d08b428b20685e2a55d97214 2 3 372 207109.395897
TRANSACTION 1587190008.092738 12ef01f1e49ea6d8bf7b1955052675fd 9 11 15 207109.446734
TRANSACTION 1587190008.101129 788d8f182cf149fc0766803587166a5e 2 3 23 207109.450127
TRANSACTION 1587190008.252629 b1a556a1c942eddb6c92f202db7f963a 9 5 29 207109.606007
TRANSACTION 1587190008.272049 b723986204e88322b1df33ac3901eaed 9 6 3 207109.625133
TRANSACTION 1587190008.291373 26621f3c68986c122c03b7296303d694 8 6 4 207109.643883
TRANSACTION 1587190008.385816 ffea4bc28366e3990ac0d4774012aa78 10 5 4 207109.739574
TRANSACTION 1587190008.681578 db1faf32fbd3bd0da9f8de433415cfe7 11 12 11 207110.035183
TRANSACTION 1587190008.697013 eb637c37440e98bc203e016a13f4806d 11 7 3 207110.049560
TRANSACTION 1587190008.713386 ece1fce8495e0a0fa9cc190f57e540ce 10 9 7 207110.064889
TRANSACTION 1587190008.771802 9ff75fb9534e45b31775e4a2dd685821 11 5 1 207110.123887
TRANSACTION 1587190008.864313 fe6734177efd789c58543647780d8b77 3 13 238 207110.217548
TRANSACTION 1587190008.990905 9582c8aa9db86180dba30219dd69e1a0 13 14 177 207110.343191
TRANSACTION 1587190009.044404 b0415855326b5ec6cbf6673019329a50 1 9 466 207110.397618
TRANSACTION 1587190009.075822 8ff1d752808b4bb49b973c7759a5ba1d 7 11 631 207110.427311
TRANSACTION 1587190009.144252 879b1c944bb424a3dd0c7d769eae9108 11 2 209 207110.496719
TRANSACTION 1587190009.288825 1dcf17edd49f09aa065337bdf9171398 2 6 224 207110.640700
TRANSACTION 1587190009.366313 ca897c6482bf92898787223d0d484a50 2 6 134 207110.718156
TRANSACTION 1587190009.373779 8194294fdd8ca96d56e9fa1c1f48061a 1 2 46 207110.725474
TRANSACTION 1587190009.462239 03c4de758f6d6f70f3c4bbaa3b675f6d 3 13 124 207110.815871
TRANSACTION 1587190009.502724 80f26ada1ec2871c2baaea681890215f 6 9 778 207110.853704
TRANSACTION 1587190009.571203 ee8e8a9a241e87f5e384da9d569db64c 9 13 227 207110.921386
TRANSACTION 1587190009.641711 39a38e99c3277dc646cad4b7b7bc9b4b 1 3 183 207110.991821
TRANSACTION 1587190009.679143 b630dbf81206d77dbe8cddec825b7996 4 7 302 207111.029999
TRANSACTION 1587190009.724550 58bb037cd30b9e6c49c3da913e6abb18 12 15 1 207111.074289
TRANSACTION 1587190009.852087 5a813674c0e94c0a7d466a5be6cae509 8 14 1 207111.203760
TRANSACTION 1587190009.862521 5333fac3a33deb4bd602e1c8d2a34637 12 10 5 207111.217345
TRANSACTION 1587190009.881821 dc3b4f3b26d900123f48d6ef16e46c7c 5 1 280 207111.231929
TRANSACTION 1587190009.885121 9ac844c4c5307244e53ef2a02b1931e2 1 7 215 207111.244725
TRANSACTION 1587190009.967541 2206593f7edc8d601ecd147ca70b42a0 15 6 1 207111.319908
TRANSACTION 1587190009.979982 6be18ee82c31519f73269a9f9cb9c393 4 13 223 207111.332363
TRANSACTION 1587190010.007350 b369760a07d3c40c959b1751f7aab853 0 3 96 207111.357728
TRANSACTION 1587190010.052709 e85454b8bf52fd53b80d5dc710db96fc 5 8 242 207111.405538
TRANSACTION 1587190010.058053 275306193402d92d48c8ad4ce5a26f98 0 13 674 207111.411066
TRANSACTION 1587190010.195535 d4ceec5dec25d91c7a174445ef0806c6 13 2 1253 207111.548248
TRANSACTION 1587190010.269053 cc6aaa2d66172c119953fc32113104b3 11 7 145 207111.618858
TRANSACTION 1587190010.326525 c780ff449cb899ff3cb4cd3f5ba1994c 11 8 15 207111.675851
TRANSACTION 1587190010.396012 222194d2a63f2c178086f5e4af12149a 7 15 323 207111.748187
TRANSACTION 1587190010.406410 27217e366c17a0f50a5c25e8f79de66e 11 1 107 207111.758190
TRANSACTION 1587190010.449770 68bf6d38d93803d690c912d75cfe17ac 3 14 294 207111.801785
TRANSACTION 1587190010.494227 b93081aa362a7c08c859c53082a5e421 8 10 61 207111.846704
TRANSACTION 1587190010.509611 f4bc2f35a76f67e6b971018b875a5d7c 11 14 38 207111.861432
TRANSACTION 1587190010.514935 4e2493ed5b824652cfaf61fb2ab220b7 15 14 279 207111.864034
TRANSACTION 1587190010.515141 03b85fcb9ca549c2aa9d0bf5b6e34000 9 11 852 207111.874046
TRANSACTION 1587190010.535421 b1299a2cb016ac714618115067e19e2d 8 4 173 207111.888731
TRANSACTION 1587190010.542743 cb8cbfc536a0af07c4a04dd0258df4bd 5 3 178 207111.894247
TRANSACTION 1587190010.699290 bc0842161e6547509200d71ca0b3a5a0 14 1 29 207112.052004
TRANSACTION 1587190010.715740 1919db850bbc53557b68ab5621e865b8 1 12 78 207112.068882
TRANSACTION 1587190010.762090 b70e36b05728f147650734e767e2461d 1 11 10 207112.115930
TRANSACTION 1587190010.772435 400851c4215fbf9fee4fc379f46b1299 5 3 28 207112.124480
TRANSACTION 1587190010.817798 f08a1ac25a9e1ebaf33f04314924f710 15 9 16 207112.167017
TRANSACTION 1587190010.867247 6934053aee470f972514e21ea59c2dce 0 3 578 207112.217450
TRANSACTION 1587190010.872710 034aacb3cfd6755afd78df707306e8ae 15 7 11 207112.225081
TRANSACTION 1587190010.905103 3d7659324baf075bff9c222d3f35b3ff 0 8 573 207112.255137
TRANSACTION 1587190011.004690 deb5198fbe4430fba5f91aacf6195b8c 8 2 343 207112.359237
TRANSACTION 1587190011.060292 593e24838971a1d1166e482e7431abfe 8 4 15 207112.409902
TRANSACTION 1587190011.272980 a78407d0b4ed2641f18cfa4fbb7206bf 4 13 178 207112.626952
TRANSACTION 1587190011.316638 9634b6763bbfc60460b60069c2ef4df1 7 15 554 207112.670002
TRANSACTION 1587190011.383264 39444d9515aec0439cc05e2b7f2a23ad 8 11 19 207112.737527
TRANSACTION 1587190011.443868 07d8abde015c8202f53469763d14b6c6 0 14 739 207112.799130
TRANSACTION 1587190011.447345 40f8ccfd6d1cab2374bb101844321a11 15 13 116 207112.799563
TRANSACTION 1587190011.509712 5ba1b98184ffc0f1f554b73af0c298dc 3 1 260 207112.862293
TRANSACTION 1587190011.527212 080ba8f8b9668c57a2f070366254ff2d 3 16 354 207112.879028
TRANSACTION 1587190011.816857 c34a5ec25b94c5683ac507332f79e31c 5 3 4 207113.169339
TRANSACTION 1587190011.829284 c0b9b716ee1348b7afcf7e80387ee2a1 11 17 251 207113.180993
TRANSACTION 1587190011.901720 b53b6b99b062d876c06da4764caf23d0 5 16 58 207113.255403
TRANSACTION 1587190012.022287 54c122b81bcaecf48a0ef344f64ac0a5 4 3 454 207113.374979
TRANSACTION 1587190012.064774 0d3b6c57524e2e275d43195750184343 5 4 8 207113.418264
TRANSACTION 1587190012.133249 e9fa3c24a08cbcffea40ee3452c77c25 0 16 439 207113.487433
TRANSACTION 1587190012.205786 6bf80274b379b99f51cb3b809b7a29b1 15 7 304 207113.556105
TRANSACTION 1587190012.227239 70282db9ae7d170483a1bc8eca7911fd 1 5 379 207113.579252
TRANSACTION 1587190012.230604 8151efd884ccac187f2adce73fc4cfa3 15 14 134 207113.580938
TRANSACTION 1587190012.385111 bf717e358da3131783477fef5de2a933 2 15 1084 207113.735044
TRANSACTION 1587190012.466671 46e02d354017b371dccd68ee4f250eaa 9 15 168 207113.819753
TRANSACTION 1587190012.793489 71ad3e627f502e6118b581463f5acc5e 8 17 116 207114.147087
TRANSACTION 1587190012.890059 6e02ab1d6bba9386e61c9de4c5db7d06 15 6 831 207114.240329
TRANSACTION 1587190012.927525 311b435f6d7b89bfdcd0472421d31f6f 14 15 1330 207114.280879
TRANSACTION 1587190013.044078 6f00cb497854b2bbcca4fb74d26b999e 10 7 21 207114.397857
TRANSACTION 1587190013.167852 77bd6a2c9ecf50a699ae19694ff1f5ba 8 11 56 207114.521992
TRANSACTION 1587190013.180264 6a10d03f26a4ba3636007c3c8c05ae97 11 7 496 207114.533386
TRANSACTION 1587190013.183615 abb456d3e1a3c8e66b9fb65c2d27ed77 4 9 138 207114.534516
TRANSACTION 1587190013.335376 b658e52a6a759fb7200d15866ee398d8 8 15 16 207114.685625
TRANSACTION 1587190013.463962 c8f8ad95626eec70868a75420a05f0bc 1 13 115 207114.817679
TRANSACTION 1587190013.467373 d088c5684e4c7d5194a3d9ab06f530ec 10 15 25 207114.829593
TRANSACTION 1587190013.505760 ff3b5d2b801d8bdc23f2bc291cbd47d7 13 9 281 207114.858875
TRANSACTION 1587190013.522163 6285e680c85270d9d0a28d1ebf7473fa 16 5 419 207114.872018
TRANSACTION 1587190013.556551 94e50c5615ae7728d038cfecb7a5dd64 3 12 452 207114.907072
TRANSACTION 1587190013.581993 11c55ca89cbbece3144c2cfe10ef417f 14 18 208 207114.934372
TRANSACTION 1587190013.655627 1039fc89ac1b769eb86c6cbd0d827784 14 19 21 207115.008948
TRANSACTION 1587190013.716145 018f962e26775557f6dd3ad1dc2058cc 17 9 73 207115.068373
TRANSACTION 1587190013.743618 6219e451f7b96063001a8b5b5d804c69 18 19 85 207115.092779
TRANSACTION 1587190013.877139 043d4a6759b023be0d9b60f961286d0e 15 7 1219 207115.229555
TRANSACTION 1587190014.005814 2222dbd9de66caba6b0973597229f6c8 14 19 9 207115.357530
TRANSACTION 1587190014.061321 73626fcfb5b0c44c6fefa98a1e550592 9 10 95 207115.414915
TRANSACTION 1587190014.183879 745297b573cf77a6dc7fd1267f73b10d 16 15 245 207115.533677
TRANSACTION 1587190014.200287 ddc08c947578ce8d7b7ef5917deb51a1 3 7 85 207115.551298
TRANSACTION 1587190014.223663 eef7003eabaf5dcb6133a2fa73aaa711 15 4 607 207115.577045
TRANSACTION 1587190014.236038 e6e3b92b866c0740e351ffa511c334f3 13 10 46 207115.588627
TRANSACTION 1587190014.263384 8d628ff341ec7da2d984e0c226aea4c7 14 6 10 207115.613342
TRANSACTION 1587190014.288762 a898dfb72b5265f25197e3e58d0b5f43 16 19 149 207115.638655
TRANSACTION 1587190014.488355 613e6ffafcc41babf58a9170eacca454 7 15 1380 207115.841765
TRANSACTION 1587190014.522814 68718858bac8b5b8e78596cfd0663624 2 17 510 207115.874837
TRANSACTION 1587190014.571248 9e47805ca3d6756d1ae19e962f537549 5 17 471 207115.922679
TRANSACTION 1587190014.644759 5898717b6b2964031a5cb7ac4cd5744b 6 15 775 207115.998051
TRANSACTION 1587190014.649167 4273cae0c0f4b9d6c0925b1d706c9aa8 8 3 14 207116.004395
TRANSACTION 1587190014.674516 18b3e75c71ff1a5da00289b906479769 19 3 194 207116.024396
TRANSACTION 1587190014.719916 b7afe65e236c83f71b5c77181cd3bd42 4 15 483 207116.070170
TRANSACTION 1587190014.869493 dac6b175b57db62e0206e5c25379dc3f 10 17 126 207116.220265
TRANSACTION 1587190015.100228 9ed622b66709666277cb1db7abc3918b 5 15 172 207116.454496
TRANSACTION 1587190015.106699 4a406708ed07290d2e35f70f510bc2a5 7 5 520 207116.456731
TRANSACTION 1587190015.164085 7dd9d64162c194e3dd171be8c45b1ed8 12 9 261 207116.516451
TRANSACTION 1587190015.232009 aed40e872839ee0da6c4d7224e07d4f1 17 18 1265 207116.585280
TRANSACTION 1587190015.357474 403be3e3dae471fca06f530b600ccf30 6 18 113 207116.709861
TRANSACTION 1587190015.396958 f7ad68c3c819ee5917e2092cb6b68621 1 20 28 207116.747722
TRANSACTION 1587190015.422369 42ea99b060b06bb35f7a351439135ac0 15 2 2636 207116.776961
TRANSACTION 1587190015.467740 8c37c68691c567c82d29671daa4405b7 14 2 39 207116.821898
TRANSACTION 1587190015.550209 51050d5e22249c93ad7991bf9b33ecbe 19 8 20 207116.904276
TRANSACTION 1587190015.557685 59b9779b146d128ec1056eac02d77096 20 15 1 207116.909471
TRANSACTION 1587190015.615177 6c9dd88e7a6f77d4f9f95200c8db2c59 12 1 191 207116.969986
TRANSACTION 1587190015.654661 4393f61f1af355e8f414fd2088f798a6 12 6 47 207117.005573
TRANSACTION 1587190015.741221 f69f9f099715c03a3d16bf8f446834b9 19 17 1 207117.094430
TRANSACTION 1587190015.782705 873629446c67883bc926bc926c3a5907 0 7 51 207117.133527
TRANSACTION 1587190015.786077 ac6751241ea1f24f66488da21c192173 9 20 57 207117.143252
TRANSACTION 1587190015.864490 8cd79217f8197ecf7e604c01804b3a65 7 10 351 207117.215393
TRANSACTION 1587190015.917963 d600329b3f72135dc35b854accfa945b 16 19 15 207117.270712
TRANSACTION 1587190015.953427 c16715f4fd05da69b35e2ea45b8c10df 8 15 18 207117.307629
TRANSACTION 1587190016.004997 fddf7d17ff2bba9f0ff16ffe8d983f63 5 4 217 207117.360197
TRANSACTION 1587190016.033781 edeb603ddd26b97eaad1d6af80ccb4f3 5 6 308 207117.388888
TRANSACTION 1587190016.030453 904a94efcc6989f59b68a21a9e5bda81 19 14 16 207117.388898
TRANSACTION 1587190016.049064 a7aa94c5c5038aabdc482779056d8c72 18 8 1453 207117.403116
TRANSACTION 1587190016.076378 91a1fce0570f1c2b383713d3bb27acac 6 21 261 207117.430862
TRANSACTION 1587190016.122718 b647eb5a88130fba06e832e934fe3c9d 14 15 3 207117.477872
TRANSACTION 1587190016.208171 4724cb55babbed39dda46e98771c5a8f 15 8 11 207117.564060
TRANSACTION 1587190016.233871 754d11f4eabff985ebf4290da334580b 9 20 255 207117.588744
TRANSACTION 1587190016.233631 c0f3b8e6c5443a208ac9e40cf39ea7ec 17 2 99 207117.593089
TRANSACTION 1587190016.278198 94cd322fc71c5013293ddd29b32a7311 10 9 261 207117.630588
TRANSACTION 1587190016.346637 da84b428f46d3392fe998993b3ce2051 5 20 86 207117.698640
TRANSACTION 1587190016.398098 27cf14b59655889577d13cdf7b89d2be 21 13 146 207117.750138
TRANSACTION 1587190016.418491 c9e0d4ae02dcb2f45ab10a9a778eaa99 17 8 36 207117.773080
TRANSACTION 1587190016.425854 ed62f4fe60c4db9321c29d3611238210 3 8 279 207117.780128
TRANSACTION 1587190016.521566 58e7317be2f7222542604c1e7018c974 7 1 178 207117.876311
TRANSACTION 1587190016.538965 9a6c6039c0ad3d55f7be0f7a46b6fb26 16 3 15 207117.894881
TRANSACTION 1587190016.649866 947208651160affb53d9fdaacd68a2f4 2 11 1857 207118.005515
TRANSACTION 1587190016.722254 da241b0e7d41e6e713f2dc1f5c68b226 21 13 27 207118.071462
TRANSACTION 1587190016.732659 356392293863f5eab4d23b71e2b55b42 3 6 3 207118.087349
TRANSACTION 1587190016.806068 8fc7d0a21bfbb237143e23a26e9259f5 5 4 38 207118.162041
TRANSACTION 1587190016.830507 a3681bcd0fe7ddb48def4083e84bf05b 13 21 281 207118.185693
TRANSACTION 1587190016.904977 8e40eb5368295a5ccbb5578029a38ad5 7 10 121 207118.261936
TRANSACTION 1587190016.940533 427f0b36f3afeb1e629f1b61e44f11f5 14 2 2 207118.297139
TRANSACTION 1587190017.110117 298c8dee0ca7ece5e418d3fb099625e7 14 8 1 207118.466965
TRANSACTION 1587190017.147515 2e6c16c94a1e45fb95c8bed3f48189a8 19 20 3 207118.504312
TRANSACTION 1587190017.167917 50e057274fa285ab1c82ab33407cd17a 17 22 1 207118.523087
TRANSACTION 1587190017.200528 a2fab480f5f6ff1f76713e5d9e28e72c 5 19 7 207118.558540
TRANSACTION 1587190017.200303 56a0f6c923f06ce1cbe60da7c6b03180 15 6 196 207118.558550
TRANSACTION 1587190017.232846 aacaa3cdf917adbd21aa037bdfdce0ff 1 21 453 207118.587046
TRANSACTION 1587190017.445431 ba69de686d6447710b31fb2925cdb3eb 5 21 1 207118.800390
TRANSACTION 1587190017.449834 72ca889648495da54fa3022db31794c1 13 3 14 207118.808254
TRANSACTION 1587190017.579278 8f8bd08c8e55fa4d61f5671165981448 8 15 1581 207118.936222
TRANSACTION 1587190017.594782 d1b7a58760133c5de4e2af23b7ff17ec 11 19 941 207118.950509
TRANSACTION 1587190017.675642 9525ba44d86bec1050856fedf39a6f94 8 7 56 207119.032256
TRANSACTION 1587190017.672215 564c99ec5f2af0a42029c546e8622b14 6 19 95 207119.032265
TRANSACTION 1587190017.689931 f672640abc3d34ee2c9d288970b00cf9 1 6 61 207119.044767
TRANSACTION 1587190017.794386 a3bb495a1b83f3a51a9090a1991e8a56 11 3 506 207119.150951
TRANSACTION 1587190017.816816 8978fe97af4b37f5fcc5d7b1e8bbf33b 1 2 38 207119.172325
TRANSACTION 1587190017.870237 52e7c6fd508a49d73ccdbd65af206ca2 5 22 10 207119.227639
TRANSACTION 1587190017.940756 04375d8ced82bd0c2a1229e94cb506b2 10 2 180 207119.301582
TRANSACTION 1587190017.963266 f23e3b502fb2fe370d01b3759a124947 12 14 28 207119.403113
TRANSACTION 1587190017.983681 484b6e4e53ffb3ed34f4b345ff75c755 22 23 10 207119.403125
TRANSACTION 1587190018.000021 3a19ca97997d5f1698438821a8e2bbe3 17 9 1 207119.403136
TRANSACTION 1587190018.078476 0bfca005b6d0a595fb1d9f22b53580d4 21 16 495 207119.429132
TRANSACTION 1587190018.156000 1d6a75c87ae69a8723fcb8ce13e8547e 12 10 3 207119.509859
TRANSACTION 1587190018.164413 b1974a8800a7d50c83f4d7f5f3f160e2 16 23 248 207119.519816
TRANSACTION 1587190018.187735 620ce39b91f93c2ebcd5ff20a289cc80 15 11 6 207119.537483
TRANSACTION 1587190018.204094 9f1001d49fa8c939694eb2b5e063cc77 12 10 4 207119.555028
TRANSACTION 1587190018.248468 0d130ba50f16760e4d55e1e07c615a2e 18 13 391 207119.603137
TRANSACTION 1587190018.384021 68dd51d3cd57636f427e7e4b00c10c98 13 14 252 207119.738751
TRANSACTION 1587190018.406576 ad9beee86df0328520c22f31a6db36a3 19 23 389 207119.762196
TRANSACTION 1587190018.463044 02e35d1bb4f27136de4bd0d0bcba1ec4 6 4 102 207119.814685
TRANSACTION 1587190018.503509 8b554a2d12174250116a66dc60b610ef 21 2 238 207119.858103
TRANSACTION 1587190018.530956 7808514e7941208f734ac3aa03243d9b 10 1 17 207119.880546
TRANSACTION 1587190018.539372 2850b507d1c7fb2fe1f7da48a1e85702 3 13 92 207119.889181
TRANSACTION 1587190018.566709 08acc5c4cd2e61ed192d4b13bfaf007f 0 13 103 207119.922257
TRANSACTION 1587190018.606156 d2e0328326be0f8d20eb6954f1f2fc09 16 1 82 207119.960803
TRANSACTION 1587190018.698684 f46c5bba4eecba8f13e4fafcb46e5dd8 15 4 1425 207120.048172
TRANSACTION 1587190018.783240 34b386737a02419cf84f0c79b7b39244 19 9 447 207120.134200
TRANSACTION 1587190018.847231 316d1b817e5f1a3e4cc7a21b37fde431 3 21 545 207120.202971
TRANSACTION 1587190018.966811 7b018dd1638639210c0ced439f0c93c8 14 9 229 207120.318319
TRANSACTION 1587190018.978413 7313b1bed5162448c744283bcf6c9874 20 12 151 207120.330495
TRANSACTION 1587190018.979923 2584a7dd8d02d9782f83a9b9c68ba0eb 21 13 357 207120.337849
TRANSACTION 1587190019.014387 df3f69e80fd5a596115c3797e40a4025 20 7 2 207120.369042
TRANSACTION 1587190019.014696 3f8e909897b0dfe8d18260a3fb811bdd 22 7 1 207120.373687
TRANSACTION 1587190019.033997 022f01e94bd7bf60428c2d202d11b50a 1 14 29 207120.388468
TRANSACTION 1587190019.055362 050da2bff180b395ea3bfd48531e35e9 20 16 7 207120.407808
TRANSACTION 1587190019.066708 90a9101c100163930a1dbeb789716e92 2 19 253 207120.415810
TRANSACTION 1587190019.121119 35dd8759b9f2b835d3747605af101c9d 15 19 272 207120.471322
TRANSACTION 1587190019.141550 9cf9ac91d9d9214e9c6ab5315ab54c21 6 20 136 207120.494023
TRANSACTION 1587190019.143874 65312f99487927d857956c69cd8b4526 9 19 77 207120.499925
TRANSACTION 1587190019.164224 af9721685eb86adaa1e17647a6b3842a 1 4 69 207120.515219
TRANSACTION 1587190019.184748 606fbef2bf28d8e2a04f352a30cc6514 11 12 57 207120.538533
TRANSACTION 1587190019.320764 d1a50a78b140a1d846efb6040542b048 9 4 427 207120.674931
TRANSACTION 1587190019.332187 6211a5a2c03682959aab1f8ea45bb4fd 18 2 164 207120.682803
TRANSACTION 1587190019.383564 e8f0d9c0870bf1f65f1df54622a393b4 6 7 53 207120.733000
TRANSACTION 1587190019.383844 a96e1f814e3972fc6b4ab9e19e4e0309 2 9 141 207120.741353
TRANSACTION 1587190019.454253 8f25cf52279a559ee974ce89bcf168c8 8 18 119 207120.809248
TRANSACTION 1587190019.500741 62b543ae9e489fdb7ddd5a02857e540f 12 18 160 207120.854964
TRANSACTION 1587190019.576717 1b4bee49ef59a002474a8d8a20b77d7d 23 12 381 207120.926423
TRANSACTION 1587190019.575242 4df3a6132ab9e00a3123a0127dc54d80 11 12 32 207120.930275
TRANSACTION 1587190019.652129 f99d97644c62a9c742096c71b8952553 15 2 81 207121.002572
TRANSACTION 1587190019.672541 58a4190d4476e7c718070feabf9cecbc 0 21 123 207121.025289
TRANSACTION 1587190019.720919 f10fc53da150bbe5b6e53b9fcae5c4c4 4 17 57 207121.070105
TRANSACTION 1587190019.859463 e60f039ccab6b7b8d9b71936db7b04d3 3 14 74 207121.209760
TRANSACTION 1587190019.983150 68ae18f0078d4b05fcce0331657cc86d 16 14 62 207121.335252
TRANSACTION 1587190019.996394 76f21d9dce1a4e444f5a2f9fb2240c8f 16 7 44 207121.348766
TRANSACTION 1587190020.034797 3370f00fdfe20ec5f8d01bb07ca36f3c 6 16 14 207121.389541
TRANSACTION 1587190020.100299 f6151973319aa898b8b2a2ca3dfe3d3c 3 18 5 207121.455092
TRANSACTION 1587190020.241208 c95efae69b777a30abfeaf3294159ac1 19 12 366 207121.595414
TRANSACTION 1587190020.502561 30bd1be9d1d20cc249d50f57280324bd 3 11 1 207121.852554
TRANSACTION 1587190020.517028 42b8e24919491958f04e4a0db9317333 7 9 62 207121.871198
TRANSACTION 1587190020.614945 c905104eae9feeb6f3610341366e9168 11 21 618 207121.966335
TRANSACTION 1587190020.668601 3620b75ea7b0aa6efc8f0ac0ec50d268 19 7 93 207122.022400
TRANSACTION 1587190020.696095 9aef17e9c6ff56db989f01b54b1c7060 0 22 681 207122.045404
TRANSACTION 1587190020.699671 2c484db9e84e6f9f11fa87cbdcc13be7 10 23 74 207122.054769
TRANSACTION 1587190020.740062 b2baa2808d3d8a0108e3ceee0dfc1a04 12 3 818 207122.091753
TRANSACTION 1587190020.838702 8a6f73731017db620e925809c32fc357 14 3 129 207122.188678
TRANSACTION 1587190020.866203 0ee12244a2ad2a2c3ae6275b68db5554 23 17 235 207122.215766
TRANSACTION 1587190020.978647 fec0315cf91b52bb00eb60f13474bcae 18 9 72 207122.334134
TRANSACTION 1587190021.008118 d6a6dbe0d8d45ec13151477c83903480 18 16 236 207122.361253
TRANSACTION 1587190021.071025 c0dc17f7430806a924e9851874280759 6 3 3 207122.422777
TRANSACTION 1587190021.172954 9d4dcb305b9022a6ca514b405487f98c 2 11 1163 207122.525237
TRANSACTION 1587190021.283003 e13ea4c1a46b9dff0675e97fd29d70a3 21 23 494 207122.636504
TRANSACTION 1587190021.303719 05868a73feed43242255ac7e47d71571 12 19 4 207122.655036
TRANSACTION 1587190021.310080 92bda082c446fa36d5ff259bc159b851 21 22 401 207122.659342
TRANSACTION 1587190021.339503 243423c485ebaa9e93dc740f4be76c8e 17 12 192 207122.689305
TRANSACTION 1587190021.391019 643ae806e7a24d056c71edab05c24bbe 21 9 72 207122.741989
TRANSACTION 1587190021.507673 fc2e3516806cd4b9d9a9217e890ff770 23 24 1070 207122.856945
TRANSACTION 1587190021.576167 529a25bf477d7e7d2cf2b7736ce72c8f 21 8 8 207122.927083
TRANSACTION 1587190021.623727 b4f60c6cdf36bd85f45adc962e245c18 21 12 17 207122.974946
TRANSACTION 1587190021.667265 87333cc79d2f121e999b8d64e996f094 7 16 23 207123.021201
TRANSACTION 1587190021.677795 2775ff3fcb834e02cdcacb6c663b529d 18 6 2 207123.027121
TRANSACTION 1587190021.783257 1e9b173adca155a1fb32c8dfe9ef13a8 21 3 17 207123.132810
TRANSACTION 1587190021.869246 5ecf52220aeeb04ac3fd65c303eba0b6 0 18 375 207123.220619
TRANSACTION 1587190021.877313 4e8bea235943e0a3475871ddbb01d439 6 24 25 207123.227934
TRANSACTION 1587190021.954122 736c3df05c7f2179f4f260dd822bd9ae 6 13 9 207123.306009
TRANSACTION 1587190021.970712 9e332ac29868baf83069dcb99e3404ee 18 5 66 207123.323900
TRANSACTION 1587190022.018177 4f98fa47dfcccc349d9a61b9d2bf89a2 5 16 175 207123.367176
TRANSACTION 1587190022.051711 031fffce83605d0ee9f33f80b1ff95da 10 20 10 207123.403752
TRANSACTION 1587190022.125369 f94efc82fb520d6f96e333aab73ab295 3 12 36 207123.478453
TRANSACTION 1587190022.204900 ef9a8a4b642446e3a8d54794fabc5474 11 6 82 207123.557775
TRANSACTION 1587190022.278506 dfcbc600ee498ecaf0093ac0e6b53978 3 20 491 207123.631143
TRANSACTION 1587190022.399287 2bca3a8e2c4bc8d7e46de8626c20205b 3 22 161 207123.752542
TRANSACTION 1587190022.416664 dc57fc839c553a73408e4bfb2c864915 12 23 143 207123.768721
TRANSACTION 1587190022.452102 ba9617c8ea792d2b317704cbe5bae7fe 10 3 55 207123.804953
TRANSACTION 1587190022.514729 93531708292180ef0ca2ac3547952206 17 9 58 207123.865701
TRANSACTION 1587190022.704029 128aca01759a3860ce7ac211cd8f23f9 16 19 6 207124.057539
TRANSACTION 1587190023.057919 e5f14f84695c6de5a0b13052206d5b6a 24 18 725 207124.409566
TRANSACTION 1587190023.074385 11a6014391304f50c84bed0f1d77a70c 12 18 80 207124.425783
TRANSACTION 1587190023.491032 8e23ad416740e55d5756740d4dff6abe 9 20 1128 207124.845512
TRANSACTION 1587190023.602947 1bc7faed95741e30450fc9bcba9f4d54 4 16 2055 207124.954568
TRANSACTION 1587190023.638461 beb06d558c3c5a8d0a1000408164a24a 15 22 315 207124.988368
TRANSACTION 1587190023.665910 f09198e4b4bc59f153d6116879ccd087 6 24 126 207125.015244
TRANSACTION 1587190023.759444 789113e7b7b559d97337700a5558f896 12 2 1 207125.110856
TRANSACTION 1587190024.002900 88447f95766f5b6211d547581555ccab 5 7 235 207125.351828
TRANSACTION 1587190024.063315 b1c2b1221be3e26c6a6355ac47c1ddc4 1 8 168 207125.414608
TRANSACTION 1587190024.101837 5f3d82a6ac0ef10a13d13a6bcfaa76c2 10 23 30 207125.454528
TRANSACTION 1587190024.130380 f5e99026ceea0c691d0c18fb5948b52e 14 20 750 207125.481729
TRANSACTION 1587190024.130632 3f2ae39f63efdaad4217e3c76086840a 5 3 37 207125.483024
TRANSACTION 1587190024.171409 635da05b4ff9bc41d036be0697eccd78 16 25 1140 207125.522569
TRANSACTION 1587190024.187881 cefded37ce62792ca62868251261dc1a 10 7 2 207125.537427
TRANSACTION 1587190024.205380 ae5c9f23da4a450b37f94e4b99eca40c 24 14 170 207125.555676
TRANSACTION 1587190024.254041 0f660dca2897ec25b34d410c1a5be00b 16 11 301 207125.605886
TRANSACTION 1587190024.374495 a9667c9ccbb7019035c7aa9c1b827d50 2 18 188 207125.726211
TRANSACTION 1587190024.495066 c2416f73f6572ddac2c6fd3d55d338be 3 5 233 207125.844425
TRANSACTION 1587190024.530654 1558bc9908475678357a8320625c5c34 20 25 1725 207125.881526
TRANSACTION 1587190024.738286 3ba71ab8c97c743037115c8400d28381 6 12 162 207126.088797
TRANSACTION 1587190024.946436 a08c1990ca95f15dd7f735ed9e642798 19 12 244 207126.296805
TRANSACTION 1587190025.217201 c08ac03f8fc672ca0337891ceae234fa 2 10 516 207126.567333
TRANSACTION 1587190025.390797 daa2324c7b463d2d328fbcb74db5af18 0 1 962 207126.739900
TRANSACTION 1587190025.407277 4b57411323f3c2ffca5b046676ecd615 1 15 1496 207126.757919
TRANSACTION 1587190025.565387 67ca40a884bdde97ca7356d1cf646cf5 14 2 53 207126.914958
TRANSACTION 1587190026.191675 c5abb2af22bd7e5d4ce484c24bf302d0 7 22 27 207127.541355
TRANSACTION 1587190026.687782 cfe42eea8f33822bcce875e0bffe0920 18 21 10 207128.037134
TRANSACTION 1587190026.988749 d30258652705e4c217fd50a261e2b18f 8 9 20 207128.338376
TRANSACTION 1587190027.259691 04e9065eab9de31b8c536fbb6fb9eb17 11 2 16 207128.609550
TRANSACTION 1587190027.941990 671df7463eddfc4e4d445ff52fe1ae72 24 15 98 207129.291491
TRANSACTION 1587190028.054802 8ef0cb48046a9046fccfa713961672d7 19 5 1104 207129.404301
TRANSACTION 1587190028.332290 4c5acae72e17b9ef472b7941af4c02a5 26 2 209 207129.681598
TRANSACTION 1587190028.362641 b0bc9b1b21a2b6edaec3d9f27d755f4e 14 5 359 207129.712561
TRANSACTION 1587190028.690807 7a4f248c687a9a20c4f999b3bb85169c 25 16 160 207130.039914
TRANSACTION 1587190028.710228 3dcbc5bfa36b0696028d8da766c614d6 24 18 414 207130.059568
TRANSACTION 1587190029.060933 a5d302ddf63ab896c069bcf3d5b87b94 5 3 10 207130.410472
TRANSACTION 1587190029.273344 7eb49638206986b75c103156b35eb565 18 23 219 207130.622645
TRANSACTION 1587190029.849451 8370635da8d91b9d8029fdceb09ba6cd 17 19 5 207131.199140
TRANSACTION 1587190031.792796 a31c78846619cb6ebf4ea5383de03919 9 8 8 207133.142008
TRANSACTION 1587190032.569826 f1b6a43f89e11d5f45f650dfecf4afcd 17 4 83 207133.919499
TRANSACTION 1587190032.781368 b1ecf5f92f41aba82547307ed563f349 8 25 35 207134.130900
TRANSACTION 1587190033.050891 42135c29cdb17e0af90a65d7ecfebc43 15 9 934 207134.400315
TRANSACTION 1587190033.070287 403f583a68a10d1ea316214c49abd270 23 29 87 207134.420161
TRANSACTION 1587190033.183497 67fb7a91916c0ee33c632ce7e0903a2e 1 2 671 207134.532760
TRANSACTION 1587190033.241423 3af33e052117b24863fdd9f948a5427d 6 27 512 207134.590640
TRANSACTION 1587190033.274737 e58130a8a245726b8bc94f60483dfa7a 3 4 70 207134.625211
TRANSACTION 1587190033.383707 e291c6b357211523ac03898480386e26 7 13 48 207134.733962
TRANSACTION 1587190033.437445 a91295acd0413e113634dd9dbb08afa9 24 2 338 207134.787749
TRANSACTION 1587190033.448987 ab66292ef944a72e2c17991d63517fd5 21 23 20 207134.799226
TRANSACTION 1587190033.561772 cce5bb2fc553d5e818d8b8848419d82d 5 15 46 207134.911199
TRANSACTION 1587190034.016246 a1fe3a36337319e63a8fedf969f899ee 9 24 467 207135.366014
TRANSACTION 1587190034.029984 b623afadaeef0740b6841a1f068c8d6c 22 16 8 207135.378893
TRANSACTION 1587190034.138084 b2187560a920955115477a3b498911db 30 1 33 207135.487367
TRANSACTION 1587190034.313315 7dc086d23289334d072951337abef5a6 29 7 4 207135.663070
TRANSACTION 1587190034.438455 416d44baa36045a0590c63f4011e64a1 20 14 22 207135.787873
TRANSACTION 1587190034.951012 a8d4f8acf544fdeb757d7023f45d813c 15 8 1622 207136.301600
TRANSACTION 1587190035.117902 34f755ffb5b2d83b6f5251f00a70b2e4 12 6 48 207136.467524
TRANSACTION 1587190035.313125 0c15c98c52797aa6679c6f40056daa79 22 14 575 207136.664712
TRANSACTION 1587190035.894188 f018fe3af69eb2d9b05ccee51c7973bc 1 20 30 207137.244247
TRANSACTION 1587190036.051675 f731a2eb11e04ab5f33b55e92aa29cd6 6 21 288 207137.401117
TRANSACTION 1587190037.438641 f723a317454f6a3874202494e249b704 0 33 763 207138.788004
TRANSACTION 1587190037.881703 56596be9bfac306a9a5f34e802a26fab 29 1 308 207139.230978
TRANSACTION 1587190038.006464 9a9fd31d1c6fc883fd2cf65f061aae57 10 8 186 207139.355965
TRANSACTION 1587190038.622553 cb16675f6709f4c9ace4cbb119f91911 23 30 28 207139.972001
TRANSACTION 1587190038.666242 65aef691983b0472d8251863a825281a 10 7 105 207140.015631
TRANSACTION 1587190038.847049 b1a2e379b9b2b961f2143ff47f3e5bcf 29 8 1140 207140.196122
TRANSACTION 1587190038.975036 5fd576f412ac110f1efa4546fd2c1361 2 35 65 207140.324720
TRANSACTION 1587190039.173852 9cd4d97b574b6b73d2506dd188190613 3 8 9 207140.523240
TRANSACTION 1587190039.711222 a11235432a66ac111761a5fedc423536 10 5 59 207141.060577
TRANSACTION 1587190040.051861 1c6e5caedd62d89a4579c1eef6d845c3 31 24 429 207141.401385
TRANSACTION 1587190040.195954 24d84b39a7a4e09d7a2e83e8aba1f0dd 13 23 334 207141.545181
TRANSACTION 1587190040.445125 ba40026d00ea3b0629b9f75edd4dcbf7 13 27 79 207141.794583
TRANSACTION 1587190041.249089 9d51d315bc9bc4fc566aebc4495d13ed 13 6 1 207142.598951
TRANSACTION 1587190041.713287 01a3b328dc74c379f62ca72f8fc9e803 32 4 15 207143.062633
TRANSACTION 1587190041.812164 6aad123c618c067abd57790fc745ba74 24 28 47 207143.161513
TRANSACTION 1587190041.920831 205f4afd8a9abbc1a779cd45ab7ace2b 14 8 17 207143.270714
TRANSACTION 1587190042.094253 30bafd491ad5936f33736453219e14f5 29 18 17 207143.443537
TRANSACTION 1587190043.310564 5d1b5aad6e9eb9a8606e4df75245021c 22 6 162 207144.660274
TRANSACTION 1587190043.396302 3132627ab868cdd975a54cbf6898cbb8 13 31 24 207144.746342
TRANSACTION 1587190043.943062 b3c0415a7d3a2e2419a607049a233fb9 18 9 47 207145.292440
TRANSACTION 1587190043.958482 8d85f273ce9ca4ba67772ea48bd1252e 28 17 1467 207145.308662
TRANSACTION 1587190044.367803 61fdfea13192882e3821a3eb41caf8fb 14 32 34 207145.717067
TRANSACTION 1587190044.487285 4a26c9de043e15897565825ff8931522 5 36 682 207145.837616
TRANSACTION 1587190044.512920 11314a9e805a499a2cc3ae3bcb870e2c 20 36 2 207145.862414
TRANSACTION 1587190045.011393 d4b0b1d2db4befde5f2ce6cddf265d30 9 30 52 207146.362263
TRANSACTION 1587190045.403803 82cd84beb10954061b61de45a8e9d70b 19 16 171 207146.752740
TRANSACTION 1587190045.925643 e775bb5913222d6c683f5397f92e24fb 36 34 4 207147.275593
TRANSACTION 1587190046.191019 97ab02bf96e1a85253d7e70c423e2538 13 36 38 207147.540631
TRANSACTION 1587190046.458423 2ab0a4a7239dc57d27692874f8c47656 7 26 358 207147.807900
TRANSACTION 1587190046.479825 9e4c84d3b11b69eb68f67fcf67141d21 24 27 123 207147.829123
TRANSACTION 1587190046.915286 ef6341235a7536ad8f72530b109958a1 18 33 4 207148.264642
TRANSACTION 1587190047.258219 3719a8264115da5a7e784874600f04c7 25 16 8 207148.607496
TRANSACTION 1587190047.496824 7b9d353abc63ae2ec7d918c263ae49ce 33 21 211 207148.847039
TRANSACTION 1587190047.524260 dfad006ee115ede100ebebe3ca05dfc6 31 30 450 207148.873788
TRANSACTION 1587190047.881386 388829ff6d4067c899600701079617d5 19 4 140 207149.231023
TRANSACTION 1587190047.882903 4644aa66ed00df54be92b5d8921c7b56 1 11 466 207149.232965
TRANSACTION 1587190047.918556 8b5141f5a53cd89bdaa04916aa10f729 26 14 7 207149.267986
TRANSACTION 1587190048.450400 7eee041fb320814b22d6e99023cc927e 21 26 157 207149.799606
TRANSACTION 1587190048.747842 6c3cd12699ec79b31af994d086bce83c 31 23 25 207150.097182
TRANSACTION 1587190050.779170 486a91e7f72ecdb14b74b57866459ccf 22 15 65 207152.128599
TRANSACTION 1587190050.844040 06c20796779dd983a982ed2ce4119294 22 20 13 207152.194229
TRANSACTION 1587190051.863774 b3973a228e46ada1086795aedb795eb7 38 11 1 207153.213189
