TRANSACTION 1587190006.525465 34fb0bb602700d3b9aa4a116ba713a31 3 8 17 207108.345307
TRANSACTION 1587190006.845755 05284cfe5bc4a9995ca13c3c72d26eb3 7 3 433 207108.345343
TRANSACTION 1587190007.001086 16a994a3dbda0a5ed6953f52d769ada9 3 9 51 207108.369802
TRANSACTION 1587190007.074403 7f669f162b94f0573a44631c3078de16 9 2 45 207108.432686
TRANSACTION 1587190007.127938 f78cede42a8f7cb7d54df01f20d20a3b 3 8 143 207108.482170
TRANSACTION 1587190007.188504 9a660a43c79fb93fec107b121c968e02 4 9 85 207108.542212
TRANSACTION 1587190007.242953 73531223ff2b1dba59accf55beb15a93 1 3 429 207108.594159
TRANSACTION 1587190007.265365 4dc8b8d82742695f2f77d12a53004441 2 8 1318 207108.616721
TRANSACTION 1587190007.273664 f2c4297f7959ea4b5fe51088806c7557 8 5 2507 207108.625743
TRANSACTION 1587190007.312984 d97d864b82099eada4ef17f0050ca013 7 6 16 207108.665982
TRANSACTION 1587190007.323417 4e8a44206c224c869d3d255ad9a7fe28 4 8 43 207108.676661
TRANSACTION 1587190007.353857 035da1977b2c5f49e4d4111fc6c552e3 9 10 11 207108.705934
TRANSACTION 1587190007.422320 eb5c2c662e9fd5f27912a42a5e508629 5 4 1065 207108.772702
TRANSACTION 1587190007.423774 a8613ad8a73ee8cb4a6b66dafe15efa1 8 3 114 207108.773493
TRANSACTION 1587190007.443091 49bc78ac0afd7bfe4142dd72e25ee419 2 9 316 207108.795274
TRANSACTION 1587190007.466430 974b07bb085aea82ddb5b3468902a86b 5 6 246 207108.816447
TRANSACTION 1587190007.472202 dba5a2226721ec6982feef54e9b5f6be 3 2 75 207108.826873
TRANSACTION 1587190007.482514 9eddabdf42a0a68003df4677e7bc2c02 8 7 1 207108.834067
TRANSACTION 1587190007.496830 362b86b9436f5485422dfc5e322d636b 5 2 620 207108.846235
TRANSACTION 1587190007.542199 aaa796a5e7d4497e425f75bb9fb27dfc 3 10 99 207108.894107
TRANSACTION 1587190007.650780 b76b188f281deb016e7932c486ee25df 9 5 114 207109.000053
TRANSACTION 1587190007.678200 c66a870663fa288a4cb55e8b23143800 3 7 455 207109.028091
TRANSACTION 1587190007.699520 91740dee9b2e66e14f8374292e4d7c56 0 6 753 207109.048516
TRANSACTION 1587190007.740889 b19c09ea3bbb1a92621d2fcb8afbc9ba 9 5 197 207109.091636
TRANSACTION 1587190007.796356 1d12066f20aa2e32bcd26c268fc9b359 10 5 106 207109.145588
TRANSACTION 1587190007.965948 0d19a24490f62110995fbd7e27ebdd5d 5 7 313 207109.314938
TRANSACTION 1587190007.973421 88a609df5893b1d7104fd6489dbecec9 6 7 473 207109.322711
TRANSACTION 1587190008.023864 366ebf1758e5ee64ce967710c51d5886 9 4 38 207109.373254
TRANSACTION 1587190008.044289 2ff1e5c3d08b428b20685e2a55d97214 2 3 372 207109.393618
TRANSACTION 1587190008.092738 12ef01f1e49ea6d8bf7b1955052675fd 9 11 15 207109.442680
TRANSACTION 1587190008.101129 788d8f182cf149fc0766803587166a5e 2 3 23 207109.451876
TRANSACTION 1587190008.252629 b1a556a1c942eddb6c92f202db7f963a 9 5 29 207109.602046
TRANSACTION 1587190008.272049 b723986204e88322b1df33ac3901eaed 9 6 3 207109.623744
TRANSACTION 1587190008.291373 26621f3c68986c122c03b7296303d694 8 6 4 207109.640405
TRANSACTION 1587190008.385816 ffea4bc28366e3990ac0d4774012aa78 10 5 4 207109.737108
TRANSACTION 1587190008.681578 db1faf32fbd3bd0da9f8de433415cfe7 11 12 11 207110.032630
TRANSACTION 1587190008.697013 eb637c37440e98bc203e016a13f4806d 11 7 3 207110.046936
TRANSACTION 1587190008.713386 ece1fce8495e0a0fa9cc190f57e540ce 10 9 7 207110.064028
TRANSACTION 1587190008.771802 9ff75fb9534e45b31775e4a2dd685821 11 5 1 207110.121340
TRANSACTION 1587190008.864313 fe6734177efd789c58543647780d8b77 3 13 238 207110.216509
TRANSACTION 1587190008.990905 9582c8aa9db86180dba30219dd69e1a0 13 14 177 207110.342019
TRANSACTION 1587190009.044404 b0415855326b5ec6cbf6673019329a50 1 9 466 207110.394671
TRANSACTION 1587190009.075822 8ff1d752808b4bb49b973c7759a5ba1d 7 11 631 207110.427861
TRANSACTION 1587190009.144252 879b1c944bb424a3dd0c7d769eae9108 11 2 209 207110.494042
TRANSACTION 1587190009.288825 1dcf17edd49f09aa065337bdf9171398 2 6 224 207110.639766
TRANSACTION 1587190009.366313 ca897c6482bf92898787223d0d484a50 2 6 134 207110.715606
TRANSACTION 1587190009.373779 8194294fdd8ca96d56e9fa1c1f48061a 1 2 46 207110.723151
TRANSACTION 1587190009.462239 03c4de758f6d6f70f3c4bbaa3b675f6d 3 13 124 207110.814690
TRANSACTION 1587190009.502724 80f26ada1ec2871c2baaea681890215f 6 9 778 207110.853202
TRANSACTION 1587190009.571203 ee8e8a9a241e87f5e384da9d569db64c 9 13 227 207110.923202
TRANSACTION 1587190009.641711 39a38e99c3277dc646cad4b7b7bc9b4b 1 3 183 207110.992340
TRANSACTION 1587190009.679143 b630dbf81206d77dbe8cddec825b7996 4 7 302 207111.029623
TRANSACTION 1587190009.724550 58bb037cd30b9e6c49c3da913e6abb18 12 15 1 207111.075377
TRANSACTION 1587190009.852087 5a813674c0e94c0a7d466a5be6cae509 8 14 1 207111.205430
TRANSACTION 1587190009.862521 5333fac3a33deb4bd602e1c8d2a34637 12 10 5 207111.216723
TRANSACTION 1587190009.881821 dc3b4f3b26d900123f48d6ef16e46c7c 5 1 280 207111.231298
TRANSACTION 1587190009.885121 9ac844c4c5307244e53ef2a02b1931e2 1 7 215 207111.245018
TRANSACTION 1587190009.967541 2206593f7edc8d601ecd147ca70b42a0 15 6 1 207111.317553
TRANSACTION 1587190009.979982 6be18ee82c31519f73269a9f9cb9c393 4 13 223 207111.329629
TRANSACTION 1587190010.007350 b369760a07d3c40c959b1751f7aab853 0 3 96 207111.356958
TRANSACTION 1587190010.052709 e85454b8bf52fd53b80d5dc710db96fc 5 8 242 207111.404928
TRANSACTION 1587190010.058053 275306193402d92d48c8ad4ce5a26f98 0 13 674 207111.412272
TRANSACTION 1587190010.195535 d4ceec5dec25d91c7a174445ef0806c6 13 2 1253 207111.546496
TRANSACTION 1587190010.269053 cc6aaa2d66172c119953fc32113104b3 11 7 145 207111.620867
TRANSACTION 1587190010.326525 c780ff449cb899ff3cb4cd3f5ba1994c 11 8 15 207111.677843
TRANSACTION 1587190010.396012 222194d2a63f2c178086f5e4af12149a 7 15 323 207111.746653
TRANSACTION 1587190010.406410 27217e366c17a0f50a5c25e8f79de66e 11 1 107 207111.755484
TRANSACTION 1587190010.449770 68bf6d38d93803d690c912d75cfe17ac 3 14 294 207111.799314
TRANSACTION 1587190010.494227 b93081aa362a7c08c859c53082a5e421 8 10 61 207111.844228
TRANSACTION 1587190010.509611 f4bc2f35a76f67e6b971018b875a5d7c 11 14 38 207111.859604
TRANSACTION 1587190010.514935 4e2493ed5b824652cfaf61fb2ab220b7 15 14 279 207111.866211
TRANSACTION 1587190010.515141 03b85fcb9ca549c2aa9d0bf5b6e34000 9 11 852 207111.870147
TRANSACTION 1587190010.535421 b1299a2cb016ac714618115067e19e2d 8 4 173 207111.885368
TRANSACTION 1587190010.542743 cb8cbfc536a0af07c4a04dd0258df4bd 5 3 178 207111.893108
TRANSACTION 1587190010.699290 bc0842161e6547509200d71ca0b3a5a0 14 1 29 207112.050704
TRANSACTION 1587190010.715740 1919db850bbc53557b68ab5621e865b8 1 12 78 207112.065148
TRANSACTION 1587190010.762090 b70e36b05728f147650734e767e2461d 1 11 10 207112.111213
TRANSACTION 1587190010.772435 400851c4215fbf9fee4fc379f46b1299 5 3 28 207112.123242
TRANSACTION 1587190010.817798 f08a1ac25a9e1ebaf33f04314924f710 15 9 16 207112.167403
TRANSACTION 1587190010.867247 6934053aee470f972514e21ea59c2dce 0 3 578 207112.219760
TRANSACTION 1587190010.872710 034aacb3cfd6755afd78df707306e8ae 15 7 11 207112.221609
TRANSACTION 1587190010.905103 3d7659324baf075bff9c222d3f35b3ff 0 8 573 207112.257370
TRANSACTION 1587190011.004690 deb5198fbe4430fba5f91aacf6195b8c 8 2 343 207112.354741
TRANSACTION 1587190011.060292 593e24838971a1d1166e482e7431abfe 8 4 15 207112.411953
TRANSACTION 1587190011.272980 a78407d0b4ed2641f18cfa4fbb7206bf 4 13 178 207112.623567
TRANSACTION 1587190011.316638 9634b6763bbfc60460b60069c2ef4df1 7 15 554 207112.666062
TRANSACTION 1587190011.383264 39444d9515aec0439cc05e2b7f2a23ad 8 11 19 207112.734490
TRANSACTION 1587190011.443868 07d8abde015c8202f53469763d14b6c6 0 14 739 207112.794931
TRANSACTION 1587190011.447345 40f8ccfd6d1cab2374bb101844321a11 15 13 116 207112.800156
TRANSACTION 1587190011.509712 5ba1b98184ffc0f1f554b73af0c298dc 3 1 260 207112.860604
TRANSACTION 1587190011.527212 080ba8f8b9668c57a2f070366254ff2d 3 16 354 207112.876566
TRANSACTION 1587190011.816857 c34a5ec25b94c5683ac507332f79e31c 5 3 4 207113.166391
TRANSACTION 1587190011.829284 c0b9b716ee1348b7afcf7e80387ee2a1 11 17 251 207113.178287
TRANSACTION 1587190011.901720 b53b6b99b062d876c06da4764caf23d0 5 16 58 207113.252345
TRANSACTION 1587190012.022287 54c122b81bcaecf48a0ef344f64ac0a5 4 3 454 207113.373091
TRANSACTION 1587190012.064774 0d3b6c57524e2e275d43195750184343 5 4 8 207113.415380
TRANSACTION 1587190012.133249 e9fa3c24a08cbcffea40ee3452c77c25 0 16 439 207113.484519
TRANSACTION 1587190012.205786 6bf80274b379b99f51cb3b809b7a29b1 15 7 304 207113.556673
TRANSACTION 1587190012.227239 70282db9ae7d170483a1bc8eca7911fd 1 5 379 207113.576338
TRANSACTION 1587190012.230604 8151efd884ccac187f2adce73fc4cfa3 15 14 134 207113.583488
TRANSACTION 1587190012.385111 bf717e358da3131783477fef5de2a933 2 15 1084 207113.738055
TRANSACTION 1587190012.466671 46e02d354017b371dccd68ee4f250eaa 9 15 168 207113.816740
TRANSACTION 1587190012.793489 71ad3e627f502e6118b581463f5acc5e 8 17 116 207114.144937
TRANSACTION 1587190012.890059 6e02ab1d6bba9386e61c9de4c5db7d06 15 6 831 207114.241118
TRANSACTION 1587190012.927525 311b435f6d7b89bfdcd0472421d31f6f 14 15 1330 207114.279708
TRANSACTION 1587190013.044078 6f00cb497854b2bbcca4fb74d26b999e 10 7 21 207114.396526
TRANSACTION 1587190013.167852 77bd6a2c9ecf50a699ae19694ff1f5ba 8 11 56 207114.518988
TRANSACTION 1587190013.180264 6a10d03f26a4ba3636007c3c8c05ae97 11 7 496 207114.529435
TRANSACTION 1587190013.183615 abb456d3e1a3c8e66b9fb65c2d27ed77 4 9 138 207114.536227
TRANSACTION 1587190013.335376 b658e52a6a759fb7200d15866ee398d8 8 15 16 207114.686595
TRANSACTION 1587190013.463962 c8f8ad95626eec70868a75420a05f0bc 1 13 115 207114.815135
TRANSACTION 1587190013.467373 d088c5684e4c7d5194a3d9ab06f530ec 10 15 25 207114.826029
TRANSACTION 1587190013.505760 ff3b5d2b801d8bdc23f2bc291cbd47d7 13 9 281 207114.855041
TRANSACTION 1587190013.522163 6285e680c85270d9d0a28d1ebf7473fa 16 5 419 207114.872719
TRANSACTION 1587190013.556551 94e50c5615ae7728d038cfecb7a5dd64 3 12 452 207114.907764
TRANSACTION 1587190013.581993 11c55ca89cbbece3144c2cfe10ef417f 14 18 208 207114.930971
TRANSACTION 1587190013.655627 1039fc89ac1b769eb86c6cbd0d827784 14 19 21 207115.004958
TRANSACTION 1587190013.716145 018f962e26775557f6dd3ad1dc2058cc 17 9 73 207115.068953
TRANSACTION 1587190013.743618 6219e451f7b96063001a8b5b5d804c69 18 19 85 207115.094350
TRANSACTION 1587190013.877139 043d4a6759b023be0d9b60f961286d0e 15 7 1219 207115.230116
TRANSACTION 1587190014.005814 2222dbd9de66caba6b0973597229f6c8 14 19 9 207115.355221
TRANSACTION 1587190014.061321 73626fcfb5b0c44c6fefa98a1e550592 9 10 95 207115.412480
TRANSACTION 1587190014.183879 745297b573cf77a6dc7fd1267f73b10d 16 15 245 207115.535568
TRANSACTION 1587190014.200287 ddc08c947578ce8d7b7ef5917deb51a1 3 7 85 207115.552519
TRANSACTION 1587190014.223663 eef7003eabaf5dcb6133a2fa73aaa711 15 4 607 207115.574875
TRANSACTION 1587190014.236038 e6e3b92b866c0740e351ffa511c334f3 13 10 46 207115.586611
TRANSACTION 1587190014.263384 8d628ff341ec7da2d984e0c226aea4c7 14 6 10 207115.614210
TRANSACTION 1587190014.288762 a898dfb72b5265f25197e3e58d0b5f43 16 19 149 207115.639473
TRANSACTION 1587190014.488355 613e6ffafcc41babf58a9170eacca454 7 15 1380 207115.839425
TRANSACTION 1587190014.522814 68718858bac8b5b8e78596cfd0663624 2 17 510 207115.873499
TRANSACTION 1587190014.571248 9e47805ca3d6756d1ae19e962f537549 5 17 471 207115.924149
TRANSACTION 1587190014.644759 5898717b6b2964031a5cb7ac4cd5744b 6 15 775 207115.995542
TRANSACTION 1587190014.649167 4273cae0c0f4b9d6c0925b1d706c9aa8 8 3 14 207116.004887
TRANSACTION 1587190014.674516 18b3e75c71ff1a5da00289b906479769 19 3 194 207116.025266
TRANSACTION 1587190014.719916 b7afe65e236c83f71b5c77181cd3bd42 4 15 483 207116.071226
TRANSACTION 1587190014.869493 dac6b175b57db62e0206e5c25379dc3f 10 17 126 207116.221271
TRANSACTION 1587190015.100228 9ed622b66709666277cb1db7abc3918b 5 15 172 207116.451902
TRANSACTION 1587190015.106699 4a406708ed07290d2e35f70f510bc2a5 7 5 520 207116.459990
TRANSACTION 1587190015.164085 7dd9d64162c194e3dd171be8c45b1ed8 12 9 261 207116.517634
TRANSACTION 1587190015.232009 aed40e872839ee0da6c4d7224e07d4f1 17 18 1265 207116.582928
TRANSACTION 1587190015.357474 403be3e3dae471fca06f530b600ccf30 6 18 113 207116.710824
TRANSACTION 1587190015.396958 f7ad68c3c819ee5917e2092cb6b68621 1 20 28 207116.749213
TRANSACTION 1587190015.422369 42ea99b060b06bb35f7a351439135ac0 15 2 2636 207116.774252
TRANSACTION 1587190015.467740 8c37c68691c567c82d29671daa4405b7 14 2 39 207116.818674
TRANSACTION 1587190015.550209 51050d5e22249c93ad7991bf9b33ecbe 19 8 20 207116.901331
TRANSACTION 1587190015.557685 59b9779b146d128ec1056eac02d77096 20 15 1 207116.906868
TRANSACTION 1587190015.615177 6c9dd88e7a6f77d4f9f95200c8db2c59 12 1 191 207116.965068
TRANSACTION 1587190015.654661 4393f61f1af355e8f414fd2088f798a6 12 6 47 207117.004207
TRANSACTION 1587190015.741221 f69f9f099715c03a3d16bf8f446834b9 19 17 1 207117.095152
TRANSACTION 1587190015.782705 873629446c67883bc926bc926c3a5907 0 7 51 207117.136519
TRANSACTION 1587190015.786077 ac6751241ea1f24f66488da21c192173 9 20 57 207117.137798
TRANSACTION 1587190015.864490 8cd79217f8197ecf7e604c01804b3a65 7 10 351 207117.218176
TRANSACTION 1587190015.917963 d600329b3f72135dc35b854accfa945b 16 19 15 207117.268109
TRANSACTION 1587190015.953427 c16715f4fd05da69b35e2ea45b8c10df 8 15 18 207117.306445
TRANSACTION 1587190016.004997 fddf7d17ff2bba9f0ff16ffe8d983f63 5 4 217 207117.356247
TRANSACTION 1587190016.033781 edeb603ddd26b97eaad1d6af80ccb4f3 5 6 308 207117.383310
TRANSACTION 1587190016.030453 904a94efcc6989f59b68a21a9e5bda81 19 14 16 207117.383319
TRANSACTION 1587190016.049064 a7aa94c5c5038aabdc482779056d8c72 18 8 1453 207117.399559
TRANSACTION 1587190016.076378 91a1fce0570f1c2b383713d3bb27acac 6 21 261 207117.428617
TRANSACTION 1587190016.122718 b647eb5a88130fba06e832e934fe3c9d 14 15 3 207117.472276
TRANSACTION 1587190016.208171 4724cb55babbed39dda46e98771c5a8f 15 8 11 207117.561799
TRANSACTION 1587190016.233871 754d11f4eabff985ebf4290da334580b 9 20 255 207117.582982
TRANSACTION 1587190016.233631 c0f3b8e6c5443a208ac9e40cf39ea7ec 17 2 99 207117.593618
TRANSACTION 1587190016.278198 94cd322fc71c5013293ddd29b32a7311 10 9 261 207117.631152
TRANSACTION 1587190016.346637 da84b428f46d3392fe998993b3ce2051 5 20 86 207117.699270
TRANSACTION 1587190016.398098 27cf14b59655889577d13cdf7b89d2be 21 13 146 207117.750843
TRANSACTION 1587190016.418491 c9e0d4ae02dcb2f45ab10a9a778eaa99 17 8 36 207117.768501
TRANSACTION 1587190016.425854 ed62f4fe60c4db9321c29d3611238210 3 8 279 207117.775385
TRANSACTION 1587190016.521566 58e7317be2f7222542604c1e7018c974 7 1 178 207117.870547
TRANSACTION 1587190016.538965 9a6c6039c0ad3d55f7be0f7a46b6fb26 16 3 15 207117.889015
TRANSACTION 1587190016.649866 947208651160affb53d9fdaacd68a2f4 2 11 1857 207118.003405
TRANSACTION 1587190016.722254 da241b0e7d41e6e713f2dc1f5c68b226 21 13 27 207118.072281
TRANSACTION 1587190016.732659 356392293863f5eab4d23b71e2b55b42 3 6 3 207118.081710
TRANSACTION 1587190016.806068 8fc7d0a21bfbb237143e23a26e9259f5 5 4 38 207118.158674
TRANSACTION 1587190016.830507 a3681bcd0fe7ddb48def4083e84bf05b 13 21 281 207118.182533
TRANSACTION 1587190016.904977 8e40eb5368295a5ccbb5578029a38ad5 7 10 121 207118.256755
TRANSACTION 1587190016.940533 427f0b36f3afeb1e629f1b61e44f11f5 14 2 2 207118.293620
TRANSACTION 1587190017.110117 298c8dee0ca7ece5e418d3fb099625e7 14 8 1 207118.462472
TRANSACTION 1587190017.147515 2e6c16c94a1e45fb95c8bed3f48189a8 19 20 3 207118.497008
TRANSACTION 1587190017.167917 50e057274fa285ab1c82ab33407cd17a 17 22 1 207118.518121
TRANSACTION 1587190017.200528 a2fab480f5f6ff1f76713e5d9e28e72c 5 19 7 207118.551657
TRANSACTION 1587190017.200303 56a0f6c923f06ce1cbe60da7c6b03180 15 6 196 207118.552860
TRANSACTION 1587190017.232846 aacaa3cdf917adbd21aa037bdfdce0ff 1 21 453 207118.582236
TRANSACTION 1587190017.445431 ba69de686d6447710b31fb2925cdb3eb 5 21 1 207118.797564
TRANSACTION 1587190017.449834 72ca889648495da54fa3022db31794c1 13 3 14 207118.804851
TRANSACTION 1587190017.579278 8f8bd08c8e55fa4d61f5671165981448 8 15 1581 207118.930489
TRANSACTION 1587190017.594782 d1b7a58760133c5de4e2af23b7ff17ec 11 19 941 207118.947892
TRANSACTION 1587190017.675642 9525ba44d86bec1050856fedf39a6f94 8 7 56 207119.025546
TRANSACTION 1587190017.672215 564c99ec5f2af0a42029c546e8622b14 6 19 95 207119.028496
TRANSACTION 1587190017.689931 f672640abc3d34ee2c9d288970b00cf9 1 6 61 207119.040581
TRANSACTION 1587190017.794386 a3bb495a1b83f3a51a9090a1991e8a56 11 3 506 207119.147433
TRANSACTION 1587190017.816816 8978fe97af4b37f5fcc5d7b1e8bbf33b 1 2 38 207119.166007
TRANSACTION 1587190017.870237 52e7c6fd508a49d73ccdbd65af206ca2 5 22 10 207119.221590
TRANSACTION 1587190017.940756 04375d8ced82bd0c2a1229e94cb506b2 10 2 180 207119.290514
TRANSACTION 1587190017.963266 f23e3b502fb2fe370d01b3759a124947 12 14 28 207119.315709
TRANSACTION 1587190017.983681 484b6e4e53ffb3ed34f4b345ff75c755 22 23 10 207119.367984
TRANSACTION 1587190018.000021 3a19ca97997d5f1698438821a8e2bbe3 17 9 1 207119.385726
TRANSACTION 1587190018.078476 0bfca005b6d0a595fb1d9f22b53580d4 21 16 495 207119.430325
TRANSACTION 1587190018.156000 1d6a75c87ae69a8723fcb8ce13e8547e 12 10 3 207119.506938
TRANSACTION 1587190018.164413 b1974a8800a7d50c83f4d7f5f3f160e2 16 23 248 207119.513493
TRANSACTION 1587190018.187735 620ce39b91f93c2ebcd5ff20a289cc80 15 11 6 207119.541204
TRANSACTION 1587190018.204094 9f1001d49fa8c939694eb2b5e063cc77 12 10 4 207119.557127
TRANSACTION 1587190018.248468 0d130ba50f16760e4d55e1e07c615a2e 18 13 391 207119.598893
TRANSACTION 1587190018.384021 68dd51d3cd57636f427e7e4b00c10c98 13 14 252 207119.736164
TRANSACTION 1587190018.406576 ad9beee86df0328520c22f31a6db36a3 19 23 389 207119.758394
TRANSACTION 1587190018.463044 02e35d1bb4f27136de4bd0d0bcba1ec4 6 4 102 207119.816542
TRANSACTION 1587190018.503509 8b554a2d12174250116a66dc60b610ef 21 2 238 207119.855063
TRANSACTION 1587190018.530956 7808514e7941208f734ac3aa03243d9b 10 1 17 207119.883242
TRANSACTION 1587190018.539372 2850b507d1c7fb2fe1f7da48a1e85702 3 13 92 207119.891690
TRANSACTION 1587190018.566709 08acc5c4cd2e61ed192d4b13bfaf007f 0 13 103 207119.918318
TRANSACTION 1587190018.606156 d2e0328326be0f8d20eb6954f1f2fc09 16 1 82 207119.958165
TRANSACTION 1587190018.698684 f46c5bba4eecba8f13e4fafcb46e5dd8 15 4 1425 207120.048421
TRANSACTION 1587190018.783240 34b386737a02419cf84f0c79b7b39244 19 9 447 207120.135363
TRANSACTION 1587190018.847231 316d1b817e5f1a3e4cc7a21b37fde431 3 21 545 207120.199989
TRANSACTION 1587190018.966811 7b018dd1638639210c0ced439f0c93c8 14 9 229 207120.317278
TRANSACTION 1587190018.979923 2584a7dd8d02d9782f83a9b9c68ba0eb 21 13 357 207120.328910
TRANSACTION 1587190018.978413 7313b1bed5162448c744283bcf6c9874 20 12 151 207120.328989
TRANSACTION 1587190019.014387 df3f69e80fd5a596115c3797e40a4025 20 7 2 207120.364526
TRANSACTION 1587190019.014696 3f8e909897b0dfe8d18260a3fb811bdd 22 7 1 207120.374979
TRANSACTION 1587190019.033997 022f01e94bd7bf60428c2d202d11b50a 1 14 29 207120.384201
TRANSACTION 1587190019.055362 050da2bff180b395ea3bfd48531e35e9 20 16 7 207120.408692
TRANSACTION 1587190019.066708 90a9101c100163930a1dbeb789716e92 2 19 253 207120.417495
TRANSACTION 1587190019.121119 35dd8759b9f2b835d3747605af101c9d 15 19 272 207120.472885
TRANSACTION 1587190019.143874 65312f99487927d857956c69cd8b4526 9 19 77 207120.494724
TRANSACTION 1587190019.141550 9cf9ac91d9d9214e9c6ab5315ab54c21 6 20 136 207120.498563
TRANSACTION 1587190019.164224 af9721685eb86adaa1e17647a6b3842a 1 4 69 207120.514489
TRANSACTION 1587190019.184748 606fbef2bf28d8e2a04f352a30cc6514 11 12 57 207120.535063
TRANSACTION 1587190019.320764 d1a50a78b140a1d846efb6040542b048 9 4 427 207120.673025
TRANSACTION 1587190019.332187 6211a5a2c03682959aab1f8ea45bb4fd 18 2 164 207120.682248
TRANSACTION 1587190019.383844 a96e1f814e3972fc6b4ab9e19e4e0309 2 9 141 207120.735335
TRANSACTION 1587190019.383564 e8f0d9c0870bf1f65f1df54622a393b4 6 7 53 207120.735345
TRANSACTION 1587190019.454253 8f25cf52279a559ee974ce89bcf168c8 8 18 119 207120.804895
TRANSACTION 1587190019.500741 62b543ae9e489fdb7ddd5a02857e540f 12 18 160 207120.850509
TRANSACTION 1587190019.576717 1b4bee49ef59a002474a8d8a20b77d7d 23 12 381 207120.926699
TRANSACTION 1587190019.575242 4df3a6132ab9e00a3123a0127dc54d80 11 12 32 207120.927540
TRANSACTION 1587190019.652129 f99d97644c62a9c742096c71b8952553 15 2 81 207121.004547
TRANSACTION 1587190019.672541 58a4190d4476e7c718070feabf9cecbc 0 21 123 207121.022871
TRANSACTION 1587190019.720919 f10fc53da150bbe5b6e53b9fcae5c4c4 4 17 57 207121.070580
TRANSACTION 1587190019.859463 e60f039ccab6b7b8d9b71936db7b04d3 3 14 74 207121.212953
TRANSACTION 1587190019.983150 68ae18f0078d4b05fcce0331657cc86d 16 14 62 207121.339971
TRANSACTION 1587190019.996394 76f21d9dce1a4e444f5a2f9fb2240c8f 16 7 44 207121.345843
TRANSACTION 1587190020.034797 3370f00fdfe20ec5f8d01bb07ca36f3c 6 16 14 207121.387075
TRANSACTION 1587190020.100299 f6151973319aa898b8b2a2ca3dfe3d3c 3 18 5 207121.451040
TRANSACTION 1587190020.241208 c95efae69b777a30abfeaf3294159ac1 19 12 366 207121.593628
TRANSACTION 1587190020.382796 740f5bbddf4a3fecabde1c50e8bf0356 7 5 109 207121.734453
TRANSACTION 1587190020.502561 30bd1be9d1d20cc249d50f57280324bd 3 11 1 207121.853721
TRANSACTION 1587190020.517028 42b8e24919491958f04e4a0db9317333 7 9 62 207121.867278
TRANSACTION 1587190020.523475 67b3574b9cfc8258625b25285f5e630a 16 23 10 207121.872917
TRANSACTION 1587190020.614945 c905104eae9feeb6f3610341366e9168 11 21 618 207121.970108
TRANSACTION 1587190020.668601 3620b75ea7b0aa6efc8f0ac0ec50d268 19 7 93 207122.023418
TRANSACTION 1587190020.699671 2c484db9e84e6f9f11fa87cbdcc13be7 10 23 74 207122.049898
TRANSACTION 1587190020.950140 02ea011b3f45418a3f401f19cfcb090c 13 5 62 207122.299878
TRANSACTION 1587190020.978647 fec0315cf91b52bb00eb60f13474bcae 18 9 72 207122.331206
TRANSACTION 1587190021.008118 d6a6dbe0d8d45ec13151477c83903480 18 16 236 207122.357761
TRANSACTION 1587190021.283003 e13ea4c1a46b9dff0675e97fd29d70a3 21 23 494 207122.632878
TRANSACTION 1587190021.310080 92bda082c446fa36d5ff259bc159b851 21 22 401 207122.659217
TRANSACTION 1587190021.391019 643ae806e7a24d056c71edab05c24bbe 21 9 72 207122.740912
TRANSACTION 1587190021.507673 fc2e3516806cd4b9d9a9217e890ff770 23 24 1070 207122.858143
TRANSACTION 1587190021.576167 529a25bf477d7e7d2cf2b7736ce72c8f 21 8 8 207122.925702
TRANSACTION 1587190021.667265 87333cc79d2f121e999b8d64e996f094 7 16 23 207123.017321
TRANSACTION 1587190021.970712 9e332ac29868baf83069dcb99e3404ee 18 5 66 207123.322060
TRANSACTION 1587190022.204900 ef9a8a4b642446e3a8d54794fabc5474 11 6 82 207123.555579
TRANSACTION 1587190022.278506 dfcbc600ee498ecaf0093ac0e6b53978 3 20 491 207123.629537
TRANSACTION 1587190022.411873 7a7dbbc10f4980838c50801edca1770f 0 14 812 207123.761440
TRANSACTION 1587190022.416435 5f07337768ef85884f7785d67ef18548 14 15 563 207123.766590
TRANSACTION 1587190022.514729 93531708292180ef0ca2ac3547952206 17 9 58 207123.864559
TRANSACTION 1587190022.788275 6352359d6afc1edebe8a832606271a1f 16 11 133 207124.138158
TRANSACTION 1587190023.009409 c4224d4c6e0f29a0c510a2c43d780aff 0 14 798 207124.358530
TRANSACTION 1587190023.184745 bee098cc466d302423f56a2072ce2166 0 19 654 207124.534533
TRANSACTION 1587190023.491032 8e23ad416740e55d5756740d4dff6abe 9 20 1128 207124.841826
TRANSACTION 1587190024.136959 bfedd8e719ee8b0a01d93b052f61b324 18 19 942 207125.486060
TRANSACTION 1587190024.187881 cefded37ce62792ca62868251261dc1a 10 7 2 207125.537281
TRANSACTION 1587190024.254041 0f660dca2897ec25b34d410c1a5be00b 16 11 301 207125.604097
TRANSACTION 1587190024.374495 a9667c9ccbb7019035c7aa9c1b827d50 2 18 188 207125.724748
TRANSACTION 1587190024.495066 c2416f73f6572ddac2c6fd3d55d338be 3 5 233 207125.846263
TRANSACTION 1587190025.711085 9ae1a8816b246407728d3e97eae3fc89 20 24 161 207127.060706
TRANSACTION 1587190025.816993 69073879a71e623629ba6728d63ebd9c 5 11 86 207127.166193
TRANSACTION 1587190026.025581 f7746d8650cb1b43af5ce439a5f95300 18 14 11 207127.375434
TRANSACTION 1587190026.191675 c5abb2af22bd7e5d4ce484c24bf302d0 7 22 27 207127.541620
TRANSACTION 1587190026.579969 74cef1cc03c5665f81132eef853febcd 7 12 2 207127.930260
TRANSACTION 1587190026.687782 cfe42eea8f33822bcce875e0bffe0920 18 21 10 207128.037455
TRANSACTION 1587190027.057245 36ccd170b540722231342a56fb0b53c7 2 13 82 207128.407983
TRANSACTION 1587190027.586682 f33407ed4f930cc09e3744cae1b9c4e0 17 3 302 207128.935896
TRANSACTION 1587190027.794136 6cb554d91eb2d55e7a0e0a0a4e39a774 0 6 402 207129.143866
TRANSACTION 1587190027.937605 7e3154617fbb3591af7096e54f1bc7fc 25 11 3 207129.287031
TRANSACTION 1587190029.474654 ac9f960e889f7f8e3448de024a96a369 21 6 324 207130.823781
TRANSACTION 1587190037.782790 f77e519c4f646b5bd5448634d6bf81dd 14 32 17 207139.131924
TRANSACTION 1587190046.246909 6cf4600f0fc0f1349ad91bcf06834cc4 18 6 34 207147.596595
TRANSACTION 1587190056.023448 ad680cbe3d23b8fcc13010c9374a0026 9 1 366 207157.372467
TRANSACTION 1587190061.360958 17f0c98a36fafaa31bbf3604014bacad 22 13 26 207162.709963
TRANSACTION 1587190061.940563 70c85378e8fe69874f1eb595572feed7 35 22 108 207163.289668
TRANSACTION 1587190063.431857 57e8bb53434cd2ba858acfe0d13e52a6 18 41 591 207164.781044
TRANSACTION 1587190064.794294 bf983ca8ed4ad9b49f77235954b9150e 22 4 1817 207166.143466
TRANSACTION 1587190066.026268 4b9619ac37cac28bab627fd7cb467fbc 32 10 6 207167.375313
TRANSACTION 1587190073.280080 73481f460c6eb647fedc5d2a7b0e85e4 8 36 3 207174.629173
TRANSACTION 1587190081.501004 35fe1079439ea6716269ed0a9cbdc12f 49 38 3 207182.850064
TRANSACTION 1587190084.848377 e1a786587ac3a08645064cbda9980a8e 44 26 57 207186.197392
TRANSACTION 1587190085.407934 1a8db53e0b312b6a7fc728d745cd48cc 29 50 328 207186.757063
TRANSACTION 1587190085.422243 26d5390ff0877e8ffabcd02a956d2af6 34 3 26 207186.771236
TRANSACTION 1587190097.354715 84d8de265c1430c16ba0d2fb9830e007 0 52 928 207198.703799
TRANSACTION 1587190099.321920 8a62596f764606e6f65673df6b4bc5a4 14 46 13 207200.670984
TRANSACTION 1587190103.138346 79001ef0b86723ff06fbda11c1169627 19 59 491 207204.487406
TRANSACTION 1587190109.729071 71f3fcda6913224ff5420473d42eccd2 13 26 1486 207211.078087
TRANSACTION 1587190126.814142 12877262a4762e3df9e5b59ffcffa087 13 4 275 207228.163275
TRANSACTION 1587190131.570930 ae6718cb9526ff18e347e1a8edd56df5 27 15 131 207232.920024
TRANSACTION 1587190137.490380 84881ff232799ec4b701732afddf21f7 7 56 25 207238.839633
TRANSACTION 1587190138.648973 15d1fe704608434f38fa630248c1d172 53 33 80 207239.998090
TRANSACTION 1587190143.383140 9e9072fa1c3ec6a555437c4c46e7ef5a 21 70 281 207244.732167
TRANSACTION 1587190153.503622 9db81352df716f76dfa4da5bd9323db2 51 26 1404 207254.852779
TRANSACTION 1587190163.956924 471b603571d43bf6029976eb5b15c2d9 23 61 343 207265.306091
TRANSACTION 1587190168.362223 6020ed918d7f06a9cc38aa5da7019f1f 64 16 74 207269.711278
TRANSACTION 1587190169.794307 788559eef585059085ad676b1535c454 3 36 73 207271.143499
TRANSACTION 1587190175.506262 d4f4274b779aa77ab7648a91a055fe5e 30 73 20 207276.855345
TRANSACTION 1587190181.622925 baf28fed15dbaa7b4d008795f31926ea 5 61 471 207282.972116
TRANSACTION 1587190181.984055 22e0a645f89de39811387f38b04c1b58 80 86 121 207283.333158
TRANSACTION 1587190204.720126 92ee08a5506333cd6908a3e6855f9b7c 78 40 130 207306.069170
TRANSACTION 1587190208.443244 eec0bf6310154fa5169f856ed60b94ba 89 3 295 207309.792359
