TRANSACTION 1587190006.060255 517ed4a5657089e7c1b944b3f9efefb7 1 5 89 207108.245762
TRANSACTION 1587190006.088533 a065478c1ba2893c549fda3bbb7dbed8 5 6 291 207108.248411
TRANSACTION 1587190006.518889 f9522a5d39d0751189d7fd8e0f1ffb82 6 5 30 207108.248420
TRANSACTION 1587190006.387441 ce131dd01744df63c79fe07d14a2bdb7 1 5 198 207108.263801
TRANSACTION 1587190006.239843 3695d3560eb128a520c9c1b75948e931 2 5 131 207108.274024
TRANSACTION 1587190005.979359 340d784a17e994858c96389f9d8cbb17 2 1 137 207108.283062
TRANSACTION 1587190006.493417 00b8195bd9146dfce78d2ea984923f09 5 7 453 207108.292106
TRANSACTION 1587190006.525465 34fb0bb602700d3b9aa4a116ba713a31 3 8 17 207108.359048
TRANSACTION 1587190006.845755 05284cfe5bc4a9995ca13c3c72d26eb3 7 3 433 207108.359058
TRANSACTION 1587190007.001086 16a994a3dbda0a5ed6953f52d769ada9 3 9 51 207108.375142
TRANSACTION 1587190007.074403 7f669f162b94f0573a44631c3078de16 9 2 45 207108.440238
TRANSACTION 1587190007.127938 f78cede42a8f7cb7d54df01f20d20a3b 3 8 143 207108.492173
TRANSACTION 1587190007.188504 9a660a43c79fb93fec107b121c968e02 4 9 85 207108.553860
TRANSACTION 1587190007.242953 73531223ff2b1dba59accf55beb15a93 1 3 429 207108.607664
TRANSACTION 1587190007.265365 4dc8b8d82742695f2f77d12a53004441 2 8 1318 207108.637718
TRANSACTION 1587190007.273664 f2c4297f7959ea4b5fe51088806c7557 8 5 2507 207108.637728
TRANSACTION 1587190007.312984 d97d864b82099eada4ef17f0050ca013 7 6 16 207108.688529
TRANSACTION 1587190007.323417 4e8a44206c224c869d3d255ad9a7fe28 4 8 43 207108.688540
TRANSACTION 1587190007.353857 035da1977b2c5f49e4d4111fc6c552e3 9 10 11 207108.718156
TRANSACTION 1587190007.423774 a8613ad8a73ee8cb4a6b66dafe15efa1 8 3 114 207108.808686
TRANSACTION 1587190007.422320 eb5c2c662e9fd5f27912a42a5e508629 5 4 1065 207108.808696
TRANSACTION 1587190007.443091 49bc78ac0afd7bfe4142dd72e25ee419 2 9 316 207108.808699
TRANSACTION 1587190007.466430 974b07bb085aea82ddb5b3468902a86b 5 6 246 207108.864358
TRANSACTION 1587190007.472202 dba5a2226721ec6982feef54e9b5f6be 3 2 75 207108.864369
TRANSACTION 1587190007.482514 9eddabdf42a0a68003df4677e7bc2c02 8 7 1 207108.864372
TRANSACTION 1587190007.496830 362b86b9436f5485422dfc5e322d636b 5 2 620 207108.864447
TRANSACTION 1587190007.542199 aaa796a5e7d4497e425f75bb9fb27dfc 3 10 99 207108.907520
TRANSACTION 1587190007.650780 b76b188f281deb016e7932c486ee25df 9 5 114 207109.015254
TRANSACTION 1587190007.678200 c66a870663fa288a4cb55e8b23143800 3 7 455 207109.041011
TRANSACTION 1587190007.699520 91740dee9b2e66e14f8374292e4d7c56 0 6 753 207109.063459
TRANSACTION 1587190007.740889 b19c09ea3bbb1a92621d2fcb8afbc9ba 9 5 197 207109.105570
TRANSACTION 1587190007.796356 1d12066f20aa2e32bcd26c268fc9b359 10 5 106 207109.161884
TRANSACTION 1587190007.965948 0d19a24490f62110995fbd7e27ebdd5d 5 7 313 207109.338891
TRANSACTION 1587190007.973421 88a609df5893b1d7104fd6489dbecec9 6 7 473 207109.338902
TRANSACTION 1587190008.023864 366ebf1758e5ee64ce967710c51d5886 9 4 38 207109.389367
TRANSACTION 1587190008.044289 2ff1e5c3d08b428b20685e2a55d97214 2 3 372 207109.406586
TRANSACTION 1587190008.092738 12ef01f1e49ea6d8bf7b1955052675fd 9 11 15 207109.465995
TRANSACTION 1587190008.101129 788d8f182cf149fc0766803587166a5e 2 3 23 207109.466006
TRANSACTION 1587190008.252629 b1a556a1c942eddb6c92f202db7f963a 9 5 29 207109.616917
TRANSACTION 1587190008.272049 b723986204e88322b1df33ac3901eaed 9 6 3 207109.633909
TRANSACTION 1587190008.291373 26621f3c68986c122c03b7296303d694 8 6 4 207109.653070
TRANSACTION 1587190008.385816 ffea4bc28366e3990ac0d4774012aa78 10 5 4 207109.750920
TRANSACTION 1587190008.681578 db1faf32fbd3bd0da9f8de433415cfe7 11 12 11 207110.045486
TRANSACTION 1587190008.697013 eb637c37440e98bc203e016a13f4806d 11 7 3 207110.058774
TRANSACTION 1587190008.713386 ece1fce8495e0a0fa9cc190f57e540ce 10 9 7 207110.075299
TRANSACTION 1587190008.771802 9ff75fb9534e45b31775e4a2dd685821 11 5 1 207110.135573
TRANSACTION 1587190008.864313 fe6734177efd789c58543647780d8b77 3 13 238 207110.227884
TRANSACTION 1587190008.990905 9582c8aa9db86180dba30219dd69e1a0 13 14 177 207110.354987
TRANSACTION 1587190009.044404 b0415855326b5ec6cbf6673019329a50 1 9 466 207110.408308
TRANSACTION 1587190009.075822 8ff1d752808b4bb49b973c7759a5ba1d 7 11 631 207110.438141
TRANSACTION 1587190009.144252 879b1c944bb424a3dd0c7d769eae9108 11 2 209 207110.507744
TRANSACTION 1587190009.288825 1dcf17edd49f09aa065337bdf9171398 2 6 224 207110.653043
TRANSACTION 1587190009.366313 ca897c6482bf92898787223d0d484a50 2 6 134 207110.738721
TRANSACTION 1587190009.373779 8194294fdd8ca96d56e9fa1c1f48061a 1 2 46 207110.738732
TRANSACTION 1587190009.462239 03c4de758f6d6f70f3c4bbaa3b675f6d 3 13 124 207110.826436
TRANSACTION 1587190009.502724 80f26ada1ec2871c2baaea681890215f 6 9 778 207110.865154
TRANSACTION 1587190009.571203 ee8e8a9a241e87f5e384da9d569db64c 9 13 227 207110.936339
TRANSACTION 1587190009.641711 39a38e99c3277dc646cad4b7b7bc9b4b 1 3 183 207111.005688
TRANSACTION 1587190009.679143 b630dbf81206d77dbe8cddec825b7996 4 7 302 207111.041766
TRANSACTION 1587190009.724550 58bb037cd30b9e6c49c3da913e6abb18 12 15 1 207111.088035
TRANSACTION 1587190009.852087 5a813674c0e94c0a7d466a5be6cae509 8 14 1 207111.227914
TRANSACTION 1587190009.862521 5333fac3a33deb4bd602e1c8d2a34637 12 10 5 207111.227926
TRANSACTION 1587190009.881821 dc3b4f3b26d900123f48d6ef16e46c7c 5 1 280 207111.242967
TRANSACTION 1587190009.885121 9ac844c4c5307244e53ef2a02b1931e2 1 7 215 207111.256594
TRANSACTION 1587190009.967541 2206593f7edc8d601ecd147ca70b42a0 15 6 1 207111.343159
TRANSACTION 1587190009.979982 6be18ee82c31519f73269a9f9cb9c393 4 13 223 207111.343170
TRANSACTION 1587190010.007350 b369760a07d3c40c959b1751f7aab853 0 3 96 207111.369556
TRANSACTION 1587190010.052709 e85454b8bf52fd53b80d5dc710db96fc 5 8 242 207111.425619
TRANSACTION 1587190010.058053 275306193402d92d48c8ad4ce5a26f98 0 13 674 207111.425629
TRANSACTION 1587190010.195535 d4ceec5dec25d91c7a174445ef0806c6 13 2 1253 207111.560530
TRANSACTION 1587190010.269053 cc6aaa2d66172c119953fc32113104b3 11 7 145 207111.633559
TRANSACTION 1587190010.326525 c780ff449cb899ff3cb4cd3f5ba1994c 11 8 15 207111.691403
TRANSACTION 1587190010.396012 222194d2a63f2c178086f5e4af12149a 7 15 323 207111.770295
TRANSACTION 1587190010.406410 27217e366c17a0f50a5c25e8f79de66e 11 1 107 207111.770306
TRANSACTION 1587190010.449770 68bf6d38d93803d690c912d75cfe17ac 3 14 294 207111.813233
TRANSACTION 1587190010.494227 b93081aa362a7c08c859c53082a5e421 8 10 61 207111.858320
TRANSACTION 1587190010.509611 f4bc2f35a76f67e6b971018b875a5d7c 11 14 38 207111.908618
TRANSACTION 1587190010.514935 4e2493ed5b824652cfaf61fb2ab220b7 15 14 279 207111.908629
TRANSACTION 1587190010.515141 03b85fcb9ca549c2aa9d0bf5b6e34000 9 11 852 207111.908632
TRANSACTION 1587190010.535421 b1299a2cb016ac714618115067e19e2d 8 4 173 207111.908634
TRANSACTION 1587190010.542743 cb8cbfc536a0af07c4a04dd0258df4bd 5 3 178 207111.908637
TRANSACTION 1587190010.699290 bc0842161e6547509200d71ca0b3a5a0 14 1 29 207112.063358
TRANSACTION 1587190010.715740 1919db850bbc53557b68ab5621e865b8 1 12 78 207112.077731
TRANSACTION 1587190016.904977 8e40eb5368295a5ccbb5578029a38ad5 7 10 121 207118.254248
TRANSACTION 1587190019.141550 9cf9ac91d9d9214e9c6ab5315ab54c21 6 20 136 207120.490549
TRANSACTION 1587190019.983150 68ae18f0078d4b05fcce0331657cc86d 16 14 62 207121.332520
TRANSACTION 1587190029.241936 b6d75c108379ddf6424a16e51fbfbcd1 4 16 11 207130.591048
TRANSACTION 1587190029.530121 414483e07d6c68e348a32c23731108b5 2 18 285 207130.879269
TRANSACTION 1587190030.386055 90f5454849d66effa7a2b351e7d52dd0 17 22 7 207131.735566
TRANSACTION 1587190040.372226 ce4b054299e41f2834ce52cc4f1df4c5 14 22 564 207141.721388
TRANSACTION 1587190056.681532 a9f5ce1dc631a99806ca7c19a219cf94 9 5 35 207158.030704
TRANSACTION 1587190060.725884 ad5b25bf27c0ff11dc7bce35440e84d1 21 7 22 207162.074900
TRANSACTION 1587190060.861685 5e8339d40c32f57aed68690041d5fefb 16 25 172 207162.210657
TRANSACTION 1587190064.486839 6c09639c59a4a37fcad04bc687c70110 26 44 299 207165.835910
TRANSACTION 1587190069.814357 71d5f4a583937803f4b9f55142631137 39 19 64 207171.163358
TRANSACTION 1587190070.212804 c9a33fdc652172517a204ddc9870e0aa 21 41 77 207171.561806
TRANSACTION 1587190074.201631 359519b93354f08f9ae13fdfc6e8903c 11 1 760 207175.550748
TRANSACTION 1587190074.232003 6dbea928bba28a7d58dd000364d5a4f5 17 6 8 207175.581064
TRANSACTION 1587190075.439763 e3f16b5598b57ed70d3fc7eeff1fbd03 8 42 81 207176.788783
TRANSACTION 1587190082.566785 d3d7ea4ead223723140da3fc32a89212 17 26 213 207183.915826
TRANSACTION 1587190085.085918 24423bce0eb9d6928d894f1ebf2f96ec 8 24 30 207186.435028
TRANSACTION 1587190088.989451 63ea4f2c92ae6f5d963f4681bc35c060 4 48 372 207190.338452
TRANSACTION 1587190101.193842 ea77fef1f597e02ea18514ea6d8161c3 25 54 413 207202.543016
TRANSACTION 1587190115.970831 f87e447a25a6c31c2c009a070bb988ca 11 54 66 207217.320034
TRANSACTION 1587190119.200935 f1d9856471ef01a4fb11ea412c53fbe9 6 40 356 207220.550110
TRANSACTION 1587190120.991614 746db7381b6844f28fa9a6f4bd6386b2 42 58 15 207222.340786
TRANSACTION 1587190122.246109 c31b04ea0a1de0d63ffca3d39abd448e 35 11 418 207223.595179
TRANSACTION 1587190130.201820 d149bd8b0066c94c9630ae27d51989cb 8 74 9 207231.550945
TRANSACTION 1587190135.873070 044570c79fe64a9366f893528c1113d3 57 43 313 207237.222085
TRANSACTION 1587190138.392053 946925fc315a82741b809474035069db 1 68 118 207239.741138
TRANSACTION 1587190142.197966 291b92b447ae597be64ee36d7b9a0520 66 4 38 207243.547188
TRANSACTION 1587190142.748000 831e75c32ad3ff981df7d06e7a7c0226 2 72 48 207244.096990
TRANSACTION 1587190147.347524 50fbb10eadc1d12eec5def8c3ae7155a 31 77 136 207248.696581
TRANSACTION 1587190155.412491 8284143d02cff0add71e149171117354 36 7 15 207256.761638
TRANSACTION 1587190159.147312 0da6d5961c5026e4bbe0c565db604ffa 28 45 1202 207260.496563
TRANSACTION 1587190168.051920 1ab163d43927a3f7206ab7d2f8a839f0 10 24 256 207269.401154
TRANSACTION 1587190168.311996 dd55a17403575578acc113f2fa552d3a 0 80 61 207269.661144
TRANSACTION 1587190168.399819 fcdac1ddaab9073d849da9715c3c13cb 52 45 13 207269.748975
TRANSACTION 1587190169.330127 52d70b7c4c3a6c7f3a988558e9dd6884 5 16 64 207270.679274
TRANSACTION 1587190172.036123 71f32f27d6c91e7bd1d7cdc13dfa5a2c 7 85 1 207273.385281
TRANSACTION 1587190187.751631 7ee686e1a7264ba0211caf726d0b928b 67 54 16 207289.100785
TRANSACTION 1587190194.643106 145ede0777ce287ca2161b854a94d2f9 11 24 153 207295.992176
TRANSACTION 1587190206.642355 5a5af9c74d8c04f9ea3372a303743098 83 94 162 207307.991506
