TRANSACTION 1587190007.074403 7f669f162b94f0573a44631c3078de16 9 2 45 207108.424014
TRANSACTION 1587190007.127938 f78cede42a8f7cb7d54df01f20d20a3b 3 8 143 207108.481872
TRANSACTION 1587190007.188504 9a660a43c79fb93fec107b121c968e02 4 9 85 207108.537449
TRANSACTION 1587190007.242953 73531223ff2b1dba59accf55beb15a93 1 3 429 207108.597331
TRANSACTION 1587190007.265365 4dc8b8d82742695f2f77d12a53004441 2 8 1318 207108.619901
TRANSACTION 1587190007.273664 f2c4297f7959ea4b5fe51088806c7557 8 5 2507 207108.628030
TRANSACTION 1587190007.312984 d97d864b82099eada4ef17f0050ca013 7 6 16 207108.662272
TRANSACTION 1587190007.323417 4e8a44206c224c869d3d255ad9a7fe28 4 8 43 207108.673899
TRANSACTION 1587190007.353857 035da1977b2c5f49e4d4111fc6c552e3 9 10 11 207108.708368
TRANSACTION 1587190007.423774 a8613ad8a73ee8cb4a6b66dafe15efa1 8 3 114 207108.779383
TRANSACTION 1587190007.422320 eb5c2c662e9fd5f27912a42a5e508629 5 4 1065 207108.779393
TRANSACTION 1587190007.443091 49bc78ac0afd7bfe4142dd72e25ee419 2 9 316 207108.797753
TRANSACTION 1587190007.466430 974b07bb085aea82ddb5b3468902a86b 5 6 246 207108.820685
TRANSACTION 1587190007.472202 dba5a2226721ec6982feef54e9b5f6be 3 2 75 207108.831985
TRANSACTION 1587190007.482514 9eddabdf42a0a68003df4677e7bc2c02 8 7 1 207108.839949
TRANSACTION 1587190007.496830 362b86b9436f5485422dfc5e322d636b 5 2 620 207108.852619
TRANSACTION 1587190007.542199 aaa796a5e7d4497e425f75bb9fb27dfc 3 10 99 207108.897968
TRANSACTION 1587190007.650780 b76b188f281deb016e7932c486ee25df 9 5 114 207109.006121
TRANSACTION 1587190007.678200 c66a870663fa288a4cb55e8b23143800 3 7 455 207109.032847
TRANSACTION 1587190007.699520 91740dee9b2e66e14f8374292e4d7c56 0 6 753 207109.054195
TRANSACTION 1587190007.740889 b19c09ea3bbb1a92621d2fcb8afbc9ba 9 5 197 207109.095758
TRANSACTION 1587190007.796356 1d12066f20aa2e32bcd26c268fc9b359 10 5 106 207109.151147
TRANSACTION 1587190007.965948 0d19a24490f62110995fbd7e27ebdd5d 5 7 313 207109.321246
TRANSACTION 1587190007.973421 88a609df5893b1d7104fd6489dbecec9 6 7 473 207109.328842
TRANSACTION 1587190008.023864 366ebf1758e5ee64ce967710c51d5886 9 4 38 207109.379473
TRANSACTION 1587190008.044289 2ff1e5c3d08b428b20685e2a55d97214 2 3 372 207109.398524
TRANSACTION 1587190008.092738 12ef01f1e49ea6d8bf7b1955052675fd 9 11 15 207109.448338
TRANSACTION 1587190008.101129 788d8f182cf149fc0766803587166a5e 2 3 23 207109.456136
TRANSACTION 1587190008.252629 b1a556a1c942eddb6c92f202db7f963a 9 5 29 207109.607665
TRANSACTION 1587190008.272049 b723986204e88322b1df33ac3901eaed 9 6 3 207109.621201
TRANSACTION 1587190008.291373 26621f3c68986c122c03b7296303d694 8 6 4 207109.645702
TRANSACTION 1587190008.385816 ffea4bc28366e3990ac0d4774012aa78 10 5 4 207109.741985
TRANSACTION 1587190008.681578 db1faf32fbd3bd0da9f8de433415cfe7 11 12 11 207110.037636
TRANSACTION 1587190008.697013 eb637c37440e98bc203e016a13f4806d 11 7 3 207110.051129
TRANSACTION 1587190008.713386 ece1fce8495e0a0fa9cc190f57e540ce 10 9 7 207110.062392
TRANSACTION 1587190008.771802 9ff75fb9534e45b31775e4a2dd685821 11 5 1 207110.127340
TRANSACTION 1587190008.864313 fe6734177efd789c58543647780d8b77 3 13 238 207110.220320
TRANSACTION 1587190008.990905 9582c8aa9db86180dba30219dd69e1a0 13 14 177 207110.347027
TRANSACTION 1587190009.044404 b0415855326b5ec6cbf6673019329a50 1 9 466 207110.400447
TRANSACTION 1587190009.075822 8ff1d752808b4bb49b973c7759a5ba1d 7 11 631 207110.430849
TRANSACTION 1587190009.144252 879b1c944bb424a3dd0c7d769eae9108 11 2 209 207110.500661
TRANSACTION 1587190009.288825 1dcf17edd49f09aa065337bdf9171398 2 6 224 207110.644934
TRANSACTION 1587190009.366313 ca897c6482bf92898787223d0d484a50 2 6 134 207110.722172
TRANSACTION 1587190009.373779 8194294fdd8ca96d56e9fa1c1f48061a 1 2 46 207110.728572
TRANSACTION 1587190009.462239 03c4de758f6d6f70f3c4bbaa3b675f6d 3 13 124 207110.818923
TRANSACTION 1587190009.502724 80f26ada1ec2871c2baaea681890215f 6 9 778 207110.852251
TRANSACTION 1587190009.571203 ee8e8a9a241e87f5e384da9d569db64c 9 13 227 207110.927803
TRANSACTION 1587190009.641711 39a38e99c3277dc646cad4b7b7bc9b4b 1 3 183 207110.998151
TRANSACTION 1587190009.679143 b630dbf81206d77dbe8cddec825b7996 4 7 302 207111.034798
TRANSACTION 1587190009.724550 58bb037cd30b9e6c49c3da913e6abb18 12 15 1 207111.080597
TRANSACTION 1587190009.852087 5a813674c0e94c0a7d466a5be6cae509 8 14 1 207111.205288
TRANSACTION 1587190009.862521 5333fac3a33deb4bd602e1c8d2a34637 12 10 5 207111.218339
TRANSACTION 1587190009.881821 dc3b4f3b26d900123f48d6ef16e46c7c 5 1 280 207111.234087
TRANSACTION 1587190009.885121 9ac844c4c5307244e53ef2a02b1931e2 1 7 215 207111.244049
TRANSACTION 1587190009.967541 2206593f7edc8d601ecd147ca70b42a0 15 6 1 207111.321747
TRANSACTION 1587190009.979982 6be18ee82c31519f73269a9f9cb9c393 4 13 223 207111.334884
TRANSACTION 1587190010.007350 b369760a07d3c40c959b1751f7aab853 0 3 96 207111.361847
TRANSACTION 1587190010.052709 e85454b8bf52fd53b80d5dc710db96fc 5 8 242 207111.403515
TRANSACTION 1587190010.058053 275306193402d92d48c8ad4ce5a26f98 0 13 674 207111.410216
TRANSACTION 1587190010.195535 d4ceec5dec25d91c7a174445ef0806c6 13 2 1253 207111.551197
TRANSACTION 1587190010.269053 cc6aaa2d66172c119953fc32113104b3 11 7 145 207111.624247
TRANSACTION 1587190010.326525 c780ff449cb899ff3cb4cd3f5ba1994c 11 8 15 207111.682220
TRANSACTION 1587190010.396012 222194d2a63f2c178086f5e4af12149a 7 15 323 207111.751512
TRANSACTION 1587190010.406410 27217e366c17a0f50a5c25e8f79de66e 11 1 107 207111.761153
TRANSACTION 1587190010.449770 68bf6d38d93803d690c912d75cfe17ac 3 14 294 207111.804921
TRANSACTION 1587190010.494227 b93081aa362a7c08c859c53082a5e421 8 10 61 207111.849616
TRANSACTION 1587190010.509611 f4bc2f35a76f67e6b971018b875a5d7c 11 14 38 207111.872905
TRANSACTION 1587190010.514935 4e2493ed5b824652cfaf61fb2ab220b7 15 14 279 207111.872914
TRANSACTION 1587190010.515141 03b85fcb9ca549c2aa9d0bf5b6e34000 9 11 852 207111.872917
TRANSACTION 1587190010.535421 b1299a2cb016ac714618115067e19e2d 8 4 173 207111.884688
TRANSACTION 1587190010.542743 cb8cbfc536a0af07c4a04dd0258df4bd 5 3 178 207111.897000
TRANSACTION 1587190010.699290 bc0842161e6547509200d71ca0b3a5a0 14 1 29 207112.055229
TRANSACTION 1587190010.715740 1919db850bbc53557b68ab5621e865b8 1 12 78 207112.070271
TRANSACTION 1587190010.762090 b70e36b05728f147650734e767e2461d 1 11 10 207112.118123
TRANSACTION 1587190010.772435 400851c4215fbf9fee4fc379f46b1299 5 3 28 207112.127570
TRANSACTION 1587190010.817798 f08a1ac25a9e1ebaf33f04314924f710 15 9 16 207112.173311
TRANSACTION 1587190010.867247 6934053aee470f972514e21ea59c2dce 0 3 578 207112.226622
TRANSACTION 1587190010.872710 034aacb3cfd6755afd78df707306e8ae 15 7 11 207112.226632
TRANSACTION 1587190010.905103 3d7659324baf075bff9c222d3f35b3ff 0 8 573 207112.259756
TRANSACTION 1587190011.004690 deb5198fbe4430fba5f91aacf6195b8c 8 2 343 207112.360024
TRANSACTION 1587190011.060292 593e24838971a1d1166e482e7431abfe 8 4 15 207112.409507
TRANSACTION 1587190011.272980 a78407d0b4ed2641f18cfa4fbb7206bf 4 13 178 207112.628507
TRANSACTION 1587190011.316638 9634b6763bbfc60460b60069c2ef4df1 7 15 554 207112.671096
TRANSACTION 1587190011.383264 39444d9515aec0439cc05e2b7f2a23ad 8 11 19 207112.738335
TRANSACTION 1587190011.443868 07d8abde015c8202f53469763d14b6c6 0 14 739 207112.802795
TRANSACTION 1587190011.447345 40f8ccfd6d1cab2374bb101844321a11 15 13 116 207112.802804
TRANSACTION 1587190011.509712 5ba1b98184ffc0f1f554b73af0c298dc 3 1 260 207112.858873
TRANSACTION 1587190011.527212 080ba8f8b9668c57a2f070366254ff2d 3 16 354 207112.880922
TRANSACTION 1587190011.816857 c34a5ec25b94c5683ac507332f79e31c 5 3 4 207113.171496
TRANSACTION 1587190011.829284 c0b9b716ee1348b7afcf7e80387ee2a1 11 17 251 207113.183045
TRANSACTION 1587190011.901720 b53b6b99b062d876c06da4764caf23d0 5 16 58 207113.250761
TRANSACTION 1587190012.022287 54c122b81bcaecf48a0ef344f64ac0a5 4 3 454 207113.377261
TRANSACTION 1587190012.064774 0d3b6c57524e2e275d43195750184343 5 4 8 207113.419632
TRANSACTION 1587190012.133249 e9fa3c24a08cbcffea40ee3452c77c25 0 16 439 207113.488600
TRANSACTION 1587190012.205786 6bf80274b379b99f51cb3b809b7a29b1 15 7 304 207113.560882
TRANSACTION 1587190012.227239 70282db9ae7d170483a1bc8eca7911fd 1 5 379 207113.585597
TRANSACTION 1587190012.230604 8151efd884ccac187f2adce73fc4cfa3 15 14 134 207113.585612
TRANSACTION 1587190012.385111 bf717e358da3131783477fef5de2a933 2 15 1084 207113.740237
TRANSACTION 1587190012.466671 46e02d354017b371dccd68ee4f250eaa 9 15 168 207113.822446
TRANSACTION 1587190012.793489 71ad3e627f502e6118b581463f5acc5e 8 17 116 207114.148867
TRANSACTION 1587190012.890059 6e02ab1d6bba9386e61c9de4c5db7d06 15 6 831 207114.244849
TRANSACTION 1587190012.927525 311b435f6d7b89bfdcd0472421d31f6f 14 15 1330 207114.276918
TRANSACTION 1587190013.044078 6f00cb497854b2bbcca4fb74d26b999e 10 7 21 207114.400064
TRANSACTION 1587190013.167852 77bd6a2c9ecf50a699ae19694ff1f5ba 8 11 56 207114.524178
TRANSACTION 1587190013.180264 6a10d03f26a4ba3636007c3c8c05ae97 11 7 496 207114.539414
TRANSACTION 1587190013.183615 abb456d3e1a3c8e66b9fb65c2d27ed77 4 9 138 207114.539423
TRANSACTION 1587190013.335376 b658e52a6a759fb7200d15866ee398d8 8 15 16 207114.690390
TRANSACTION 1587190013.463962 c8f8ad95626eec70868a75420a05f0bc 1 13 115 207114.819529
TRANSACTION 1587190013.467373 d088c5684e4c7d5194a3d9ab06f530ec 10 15 25 207114.825328
TRANSACTION 1587190013.505760 ff3b5d2b801d8bdc23f2bc291cbd47d7 13 9 281 207114.860562
TRANSACTION 1587190013.522163 6285e680c85270d9d0a28d1ebf7473fa 16 5 419 207114.876388
TRANSACTION 1587190013.556551 94e50c5615ae7728d038cfecb7a5dd64 3 12 452 207114.911599
TRANSACTION 1587190013.581993 11c55ca89cbbece3144c2cfe10ef417f 14 18 208 207114.936468
TRANSACTION 1587190013.655627 1039fc89ac1b769eb86c6cbd0d827784 14 19 21 207115.010806
TRANSACTION 1587190013.716145 018f962e26775557f6dd3ad1dc2058cc 17 9 73 207115.071601
TRANSACTION 1587190013.743618 6219e451f7b96063001a8b5b5d804c69 18 19 85 207115.097797
TRANSACTION 1587190013.877139 043d4a6759b023be0d9b60f961286d0e 15 7 1219 207115.232707
TRANSACTION 1587190014.005814 2222dbd9de66caba6b0973597229f6c8 14 19 9 207115.361189
TRANSACTION 1587190014.061321 73626fcfb5b0c44c6fefa98a1e550592 9 10 95 207115.417170
TRANSACTION 1587190014.183879 745297b573cf77a6dc7fd1267f73b10d 16 15 245 207115.533163
TRANSACTION 1587190014.200287 ddc08c947578ce8d7b7ef5917deb51a1 3 7 85 207115.549241
TRANSACTION 1587190014.223663 eef7003eabaf5dcb6133a2fa73aaa711 15 4 607 207115.572815
TRANSACTION 1587190014.236038 e6e3b92b866c0740e351ffa511c334f3 13 10 46 207115.590306
TRANSACTION 1587190014.263384 8d628ff341ec7da2d984e0c226aea4c7 14 6 10 207115.617802
TRANSACTION 1587190014.288762 a898dfb72b5265f25197e3e58d0b5f43 16 19 149 207115.643027
TRANSACTION 1587190014.488355 613e6ffafcc41babf58a9170eacca454 7 15 1380 207115.844204
TRANSACTION 1587190014.522814 68718858bac8b5b8e78596cfd0663624 2 17 510 207115.877584
TRANSACTION 1587190014.571248 9e47805ca3d6756d1ae19e962f537549 5 17 471 207115.920517
TRANSACTION 1587190014.649167 4273cae0c0f4b9d6c0925b1d706c9aa8 8 3 14 207115.998116
TRANSACTION 1587190014.644759 5898717b6b2964031a5cb7ac4cd5744b 6 15 775 207116.001638
TRANSACTION 1587190014.674516 18b3e75c71ff1a5da00289b906479769 19 3 194 207116.029973
TRANSACTION 1587190014.719916 b7afe65e236c83f71b5c77181cd3bd42 4 15 483 207116.076272
TRANSACTION 1587190014.869493 dac6b175b57db62e0206e5c25379dc3f 10 17 126 207116.226387
TRANSACTION 1587190015.100228 9ed622b66709666277cb1db7abc3918b 5 15 172 207116.463703
TRANSACTION 1587190015.106699 4a406708ed07290d2e35f70f510bc2a5 7 5 520 207116.463713
TRANSACTION 1587190015.164085 7dd9d64162c194e3dd171be8c45b1ed8 12 9 261 207116.520499
TRANSACTION 1587190015.232009 aed40e872839ee0da6c4d7224e07d4f1 17 18 1265 207116.588006
TRANSACTION 1587190015.357474 403be3e3dae471fca06f530b600ccf30 6 18 113 207116.713926
TRANSACTION 1587190015.396958 f7ad68c3c819ee5917e2092cb6b68621 1 20 28 207116.754540
TRANSACTION 1587190015.422369 42ea99b060b06bb35f7a351439135ac0 15 2 2636 207116.779631
TRANSACTION 1587190015.467740 8c37c68691c567c82d29671daa4405b7 14 2 39 207116.824381
TRANSACTION 1587190015.550209 51050d5e22249c93ad7991bf9b33ecbe 19 8 20 207116.913486
TRANSACTION 1587190015.557685 59b9779b146d128ec1056eac02d77096 20 15 1 207116.913496
TRANSACTION 1587190015.615177 6c9dd88e7a6f77d4f9f95200c8db2c59 12 1 191 207116.972574
TRANSACTION 1587190015.654661 4393f61f1af355e8f414fd2088f798a6 12 6 47 207117.011344
TRANSACTION 1587190015.741221 f69f9f099715c03a3d16bf8f446834b9 19 17 1 207117.098855
TRANSACTION 1587190015.782705 873629446c67883bc926bc926c3a5907 0 7 51 207117.145620
TRANSACTION 1587190015.786077 ac6751241ea1f24f66488da21c192173 9 20 57 207117.145630
TRANSACTION 1587190015.864490 8cd79217f8197ecf7e604c01804b3a65 7 10 351 207117.221498
TRANSACTION 1587190015.917963 d600329b3f72135dc35b854accfa945b 16 19 15 207117.275342
TRANSACTION 1587190015.953427 c16715f4fd05da69b35e2ea45b8c10df 8 15 18 207117.310234
TRANSACTION 1587190016.004997 fddf7d17ff2bba9f0ff16ffe8d983f63 5 4 217 207117.362038
TRANSACTION 1587190016.030453 904a94efcc6989f59b68a21a9e5bda81 19 14 16 207117.391435
TRANSACTION 1587190016.033781 edeb603ddd26b97eaad1d6af80ccb4f3 5 6 308 207117.391444
TRANSACTION 1587190016.049064 a7aa94c5c5038aabdc482779056d8c72 18 8 1453 207117.404804
TRANSACTION 1587190016.076378 91a1fce0570f1c2b383713d3bb27acac 6 21 261 207117.432340
TRANSACTION 1587190016.122718 b647eb5a88130fba06e832e934fe3c9d 14 15 3 207117.479507
TRANSACTION 1587190016.208171 4724cb55babbed39dda46e98771c5a8f 15 8 11 207117.565819
TRANSACTION 1587190016.233871 754d11f4eabff985ebf4290da334580b 9 20 255 207117.596559
TRANSACTION 1587190016.233631 c0f3b8e6c5443a208ac9e40cf39ea7ec 17 2 99 207117.596568
TRANSACTION 1587190016.278198 94cd322fc71c5013293ddd29b32a7311 10 9 261 207117.627161
TRANSACTION 1587190017.029239 4b78c3d15f9c17295b36849ad9faa8c3 20 14 26 207118.378252
TRANSACTION 1587190017.200528 a2fab480f5f6ff1f76713e5d9e28e72c 5 19 7 207118.549727
TRANSACTION 1587190017.594782 d1b7a58760133c5de4e2af23b7ff17ec 11 19 941 207118.943951
TRANSACTION 1587190017.689931 f672640abc3d34ee2c9d288970b00cf9 1 6 61 207119.039034
TRANSACTION 1587190017.870237 52e7c6fd508a49d73ccdbd65af206ca2 5 22 10 207119.219564
TRANSACTION 1587190018.847231 316d1b817e5f1a3e4cc7a21b37fde431 3 21 545 207120.196642
TRANSACTION 1587190020.034797 3370f00fdfe20ec5f8d01bb07ca36f3c 6 16 14 207121.384010
TRANSACTION 1587190020.614945 c905104eae9feeb6f3610341366e9168 11 21 618 207121.964332
TRANSACTION 1587190021.092423 894a3b28c932a4a3d6e5be6a44705e98 22 5 488 207122.441371
TRANSACTION 1587190021.970712 9e332ac29868baf83069dcb99e3404ee 18 5 66 207123.321050
TRANSACTION 1587190024.944990 bdae4d3562bc352b5383160816e3f67a 0 5 378 207126.294043
TRANSACTION 1587190024.950106 c77a7b8d4a6f5a55763fbc4f5271ac08 8 2 665 207126.299808
TRANSACTION 1587190025.063130 c80fb517e888ce5f0e7395c8408e4fdb 20 12 553 207126.412232
TRANSACTION 1587190025.341249 41c3164758fb5f03203e521ed5919777 16 18 418 207126.690941
TRANSACTION 1587190027.544188 075aea2daa101555227aa188dfab8b77 4 22 42 207128.893761
TRANSACTION 1587190029.398206 79b9cd629fc2af8ad4ac44ca7bb90331 2 6 57 207130.747733
TRANSACTION 1587190029.583585 7765a5d737b126279fa40cadb2833120 3 5 20 207130.933008
TRANSACTION 1587190029.979369 65a86fe39f5d2bf1d223329a2ce435ce 9 13 119 207131.328545
TRANSACTION 1587190029.984101 8d6184a21614e045dfdb89ddafe431cf 0 12 680 207131.332959
TRANSACTION 1587190030.523926 0ff3b2cb2c86f48f9aefeb756a8c6d8d 13 15 917 207131.872940
TRANSACTION 1587190032.267834 d8cee091f573ab912d4617d59986fe1f 17 4 85 207133.618362
TRANSACTION 1587190032.486351 7baac4efa8c77673acd330b1d5870d84 24 29 49 207133.835923
TRANSACTION 1587190033.697082 4a8a48a47ce5ceb1ff3e7394acb83578 7 13 146 207135.046075
TRANSACTION 1587190034.382996 b306bc78ec5cd2050bd856b50b91068b 20 4 290 207135.732079
TRANSACTION 1587190035.406585 e97d0311a922d11a0dd74fda7ed246d8 26 1 53 207136.755694
TRANSACTION 1587190036.004217 376d2a6e037cff5db6657eaee8320dcd 8 25 161 207137.353679
TRANSACTION 1587190037.313993 4216474b8a33d848754a008b3c5d49a9 14 29 1221 207138.663223
TRANSACTION 1587190037.592976 87edc5399c35c28ed99dadd5fcfcddb9 15 32 212 207138.941997
TRANSACTION 1587190039.288112 4acb41f84217a7e388f69e0633dc5643 29 13 224 207140.637311
TRANSACTION 1587190039.657870 10270e1097e92bddc35d18dec53ecf71 14 5 482 207141.007332
TRANSACTION 1587190040.103413 705a708ed7944990e7a2c8d42075ada8 29 33 202 207141.452536
TRANSACTION 1587190040.648521 ecce763c1cf0cf3c63664332a0994ea7 12 6 202 207141.997980
TRANSACTION 1587190043.598155 1ca3058ff4a8545be7cda03fbe9bb033 4 5 669 207144.947532
TRANSACTION 1587190044.004955 a1e676eddef6f29a70e1c33178c236a8 16 19 361 207145.354724
TRANSACTION 1587190044.320117 3d04ff02630a6a4720f9f2956d753d7c 4 28 47 207145.669368
TRANSACTION 1587190045.057879 18411c90bfbdafef3b0b42f638030075 18 24 82 207146.407303
TRANSACTION 1587190046.940103 d5f9c45305f41cb53a168647ed48425c 12 34 2 207148.289142
TRANSACTION 1587190047.893204 ce2f7d7b72c7ca26457e7d765f0541ee 33 7 732 207149.243915
TRANSACTION 1587190048.039016 5f1b935c02d9e268ac283184ac838271 22 34 1 207149.388413
TRANSACTION 1587190048.402983 4bdebbafb0718f49fbcd5ef5de9c735c 20 13 767 207149.752392
TRANSACTION 1587190048.825351 559061381dd4b8da2352c117c2c05abf 2 10 313 207150.174813
TRANSACTION 1587190049.328130 f73e949c3df75f3bd6940443cbdfa1c4 33 2 52 207150.677100
TRANSACTION 1587190050.793607 8156173052a9fd3d88cf70708ddfafc5 13 31 3 207152.142482
TRANSACTION 1587190051.015505 79c062cd6af4c5f289a28c724995ec71 35 29 82 207152.364773
TRANSACTION 1587190053.057791 5499e0b427fe2732007b5abb07922cf7 7 15 288 207154.406765
TRANSACTION 1587190053.478354 709388109f5d7d8d8515f4207b3dfb0a 24 9 386 207154.827555
TRANSACTION 1587190054.192800 30626d4b47b1fee12be396c5e500b6e4 17 6 209 207155.542723
TRANSACTION 1587190054.199196 af3244e19a0fd021dd790767f876536f 9 6 250 207155.548557
TRANSACTION 1587190054.412808 28ff759c2d08761868b30b7bc4e4ed55 12 16 293 207155.761743
TRANSACTION 1587190054.447221 04e9ad9a93489fb38f82ad3090cb1de5 2 34 51 207155.796478
TRANSACTION 1587190055.159445 0a401fa1c35810288599da2fc0ff7cea 1 20 1316 207156.508478
TRANSACTION 1587190055.777424 2d5c1397b1d64363a4f2a1c1cffae20b 20 14 71 207157.126390
TRANSACTION 1587190056.312495 2bbf69c8c2bda68ea39cb9c70ef93567 3 5 1174 207157.661393
TRANSACTION 1587190056.453435 0ed0e9482672f4dd8f682361f8a53090 41 18 21 207157.802902
TRANSACTION 1587190056.500898 2b11930f186920ddb6aaa8333a05f2ef 39 14 231 207157.850187
TRANSACTION 1587190057.529286 9d89482a671535e98b211a0f87f70640 19 36 607 207158.878544
TRANSACTION 1587190058.149440 033eb08390c08b7f5572126ad86b6831 21 12 316 207159.498721
TRANSACTION 1587190059.309271 4504baa0c059b6294c6a8b6e092871ae 21 27 90 207160.658782
TRANSACTION 1587190060.838059 7fc91a7fd8944f9f7997f20179db51ab 44 3 154 207162.187232
TRANSACTION 1587190060.985146 74c1ee67e07d90dcdebcaa012ab9dc33 24 31 162 207162.334617
TRANSACTION 1587190061.325031 4f102902a3766229c092943c50040944 45 5 144 207162.673903
TRANSACTION 1587190062.117682 a7c390a592863167a10836a98486fcb8 35 16 388 207163.467240
TRANSACTION 1587190063.725751 aab9b42746252ca03af5e5d8e4782a22 3 5 117 207165.074977
TRANSACTION 1587190066.496650 3b61ab1fb4f1e8f8ff97c15ffe1c37d7 14 22 30 207167.845929
TRANSACTION 1587190066.757787 2e8ef74a205563c74f23d949dadf496f 22 24 94 207168.107677
TRANSACTION 1587190067.581391 33220036655eb2bc54ab7355e98f81ff 32 33 22 207168.930756
TRANSACTION 1587190068.653384 89cc387c364ffc31822f0137639151e1 26 35 1 207170.002861
TRANSACTION 1587190068.786910 5b0d46ba07411c8646002cd1f1864b83 13 33 84 207170.136144
TRANSACTION 1587190068.880227 ce8ad741e40d77e650ab891b0d1ea858 7 15 7 207170.229446
TRANSACTION 1587190068.938990 13e5fa8fd9dfa0230c748a53c94e33cf 1 24 1529 207170.288010
TRANSACTION 1587190069.592170 88345828eab9c07d15a59c8c8a4985de 3 40 1 207170.941532
TRANSACTION 1587190069.798741 cded8341d525249298dfba3fc39b893a 45 17 14 207171.148072
TRANSACTION 1587190071.302092 cbd81424af6879376a45c6f00d8e624e 2 1 441 207172.651403
TRANSACTION 1587190071.802344 4556516a60c4708ce9336704ec6ed8ef 27 7 229 207173.151782
TRANSACTION 1587190072.538170 fe54557fbd7dc4aba1f8546117737a6f 43 8 11 207173.887606
TRANSACTION 1587190072.613934 2e97cd4c04b00e90a9a3999f8629767a 3 7 18 207173.963291
TRANSACTION 1587190073.867784 5a17f7d089125de04d8a635cd0988463 12 23 240 207175.217395
TRANSACTION 1587190075.188729 99eefdd0e50b472d38cb3a593fc0594c 23 38 44 207176.537613
TRANSACTION 1587190075.474079 52b7b1a4a2e1f395185da8cf80fac850 18 34 680 207176.822996
TRANSACTION 1587190075.583206 29fb1003bebc33d88da807bfbd6ae8b7 6 39 258 207176.932540
TRANSACTION 1587190075.959743 c9830082f642159a49e4dcf096094e06 24 22 1222 207177.308928
TRANSACTION 1587190076.122880 eb0d7227631321faee805f0680a56ee8 4 13 550 207177.472176
TRANSACTION 1587190076.589447 c37bb1b0728cee39d52fd874173cc6d9 36 6 751 207177.938321
TRANSACTION 1587190076.950681 f2e5c55b9de46fa02e3b73c0dca2beec 40 42 9 207178.300105
TRANSACTION 1587190076.956090 9357091e538cb96b16ce39cdac80c22b 27 45 2 207178.305207
TRANSACTION 1587190077.103982 9a5e4a91bc32fb65a9d9d0c55c4ec08d 16 32 178 207178.453339
TRANSACTION 1587190078.273027 b787c3ef6cdc7738589f418e9626080d 46 36 33 207179.622326
TRANSACTION 1587190078.275688 058dfa7ca5b28c868256ed50d2781482 6 17 654 207179.624750
TRANSACTION 1587190079.093790 3fffd2a736515a8aa9000f9c17f989e0 0 48 847 207180.443089
TRANSACTION 1587190080.043713 679f1a359883e275b925d658b85f57d8 0 6 665 207181.393175
TRANSACTION 1587190081.728044 b50c54839f4bd10ffb8d4e1e923e5403 22 4 25 207183.076967
TRANSACTION 1587190081.765408 1ce0bdd62a2413b301449758947f049f 16 46 272 207183.114826
TRANSACTION 1587190082.550480 8c697cd20389c4be55a5a4cfd6d73bd6 24 40 3 207183.899628
TRANSACTION 1587190082.628778 bf707ca21eff768ba2ca2e5e51c57ad9 41 36 712 207183.977787
TRANSACTION 1587190082.877656 d7151af339a5f03bdbaf98879224a1d2 21 2 8 207184.227042
TRANSACTION 1587190084.423061 9959a218eb4ece250a39aa79322d51ae 22 51 20 207185.772502
TRANSACTION 1587190084.664954 53a9110d559d00c587b7b854ab2741e3 47 5 17 207186.014213
TRANSACTION 1587190085.380404 c4c231807f23b84978d75024115bb3bf 50 3 45 207186.730066
TRANSACTION 1587190086.171373 f38d61f9c1cab0b6d1dea99e0ae2f3e3 17 24 632 207187.520431
TRANSACTION 1587190086.426265 80fdaed1b86fdaa5c0786f383082d903 42 21 256 207187.775786
TRANSACTION 1587190086.521520 140019ab7bae5c96142b79ad6531452d 12 39 109 207187.870548
TRANSACTION 1587190086.741202 6b689d2916412bed4c1b375caa729677 18 43 4 207188.090681
TRANSACTION 1587190087.979803 bbc28fa19f0aa80f40ad6fa6b15e5020 32 15 1412 207189.329647
TRANSACTION 1587190088.531265 56c168087c0be36f445fb5bbef8ac936 14 24 17 207189.880299
TRANSACTION 1587190089.260134 a6edea19efe65ad8e0632c4b4b4c3e7a 3 42 70 207190.609178
TRANSACTION 1587190089.789016 21dca07286ae2c96b15188e6319a67e9 6 17 436 207191.138444
TRANSACTION 1587190090.308647 86985a1b2d070bfd4f82ca5958a33f7a 29 49 1908 207191.657957
TRANSACTION 1587190090.864043 678eae112e5806b800cbd32fcc288cc2 43 8 60 207192.213341
TRANSACTION 1587190090.928493 2bbe3db3026ee761cd7890f8656f9fd9 8 15 283 207192.277476
TRANSACTION 1587190091.044958 e4e4d3d8d8d8ff562ee27473aba1e006 40 55 123 207192.394379
TRANSACTION 1587190092.879983 86bfcec15ebb467222cd172cceacd959 26 18 16 207194.229096
TRANSACTION 1587190093.299052 10c8aab1e574ef5475fc057427080d35 52 4 492 207194.648508
TRANSACTION 1587190093.497684 c4e723d569e656237f09cd1b6f5d3460 21 14 39 207194.847200
TRANSACTION 1587190093.928861 1cca1be718d780664263b58f182797c4 50 34 415 207195.277850
TRANSACTION 1587190095.259506 d309df6b0775cea49848891615c7d4d7 48 5 270 207196.608805
TRANSACTION 1587190095.398549 fdaec3d1411487ca2465e4f2a68586e8 21 48 348 207196.748099
TRANSACTION 1587190096.597139 dd544d663388ec146c449ad3dfec1688 26 46 411 207197.946151
TRANSACTION 1587190099.156423 7ea853bf70aa7cad342ba9ffcfff8af0 49 28 175 207200.505982
TRANSACTION 1587190099.629988 1e480f58d5b7fd50fc8b364a7d0d1fcc 8 33 17 207200.979442
TRANSACTION 1587190100.040899 60be72a10bee14aefe36895f3fb5f107 2 20 76 207201.390466
TRANSACTION 1587190101.435389 89857fc688799caac240c49f87028239 33 63 110 207202.784274
TRANSACTION 1587190103.505461 d8d85e4396f88d9e667190a06ae32d80 3 27 2 207204.854982
TRANSACTION 1587190103.849481 d292888b07120364684595934fb2684f 65 59 127 207205.198546
TRANSACTION 1587190105.135270 ce1390fbb301bc233c32e629756b6dcc 48 13 482 207206.484591
TRANSACTION 1587190106.038873 25c0f324bb68530803a4e98413bb2127 34 59 40 207207.388378
TRANSACTION 1587190106.066270 7408033eb119602372beeefebead2d1d 3 22 2 207207.415213
TRANSACTION 1587190108.600073 9c1ec36d32c9edc72d6a04749666e408 46 56 1 207209.949255
TRANSACTION 1587190109.418318 d5ee190cd9872e34417869d730dfa310 42 57 13 207210.767539
TRANSACTION 1587190109.748414 459295d9d351c45dab85fe7a9b2ab691 32 31 301 207211.097776
TRANSACTION 1587190111.354547 b9ef044d9038d460248c7247158e44f6 38 61 24 207212.703800
TRANSACTION 1587190112.280541 9ccbad2218bc426e5831d5667ec08f7e 53 5 732 207213.629860
TRANSACTION 1587190112.593677 1fc71ab478f1287a2fe1181483dd46e8 55 29 102 207213.942638
TRANSACTION 1587190114.150208 bf9d46e2fd84c29c048936def88d9f24 14 62 105 207215.499593
TRANSACTION 1587190115.059704 96ca71dc12bde40bf4f534e31299a7c2 11 61 313 207216.408947
TRANSACTION 1587190115.727839 ae91636caee051831a493b500f7e06b5 34 7 118 207217.077269
TRANSACTION 1587190118.092715 094f99b3d11b9c642b9375c638c0c558 64 53 98 207219.442021
TRANSACTION 1587190118.136461 e566732aec0ba0cad6464c0ee4d8c255 62 4 21 207219.485383
TRANSACTION 1587190119.482351 f649ebe5e98d21bfce815426833bdbe8 24 50 33 207220.831461
TRANSACTION 1587190119.505659 f601902de6ef043516364cc822a7f76d 69 57 227 207220.854941
TRANSACTION 1587190120.251582 462aede5766f96e63191efcc042dff1c 56 41 1973 207221.600923
TRANSACTION 1587190122.256583 297e9b417ef3d05fd4c6112ad6cf042c 41 55 1292 207223.605737
TRANSACTION 1587190122.703268 1c75652e25d5b931559e3f5b60988069 68 62 191 207224.052747
TRANSACTION 1587190123.403530 c4bc875c0f64b997dd837f6436931541 56 71 5 207224.752853
TRANSACTION 1587190123.843497 abc04272bf13cb7d9b5aaf6624602a17 1 57 2 207225.193078
TRANSACTION 1587190125.611886 55511833509c4494bde66a065c0db329 65 3 12 207226.961108
TRANSACTION 1587190126.324231 c8486f3fea21dd2aaedc9b8a34de064a 2 14 778 207227.673648
TRANSACTION 1587190127.679904 1b7a404f02e3851b89c8b10925491d79 22 41 211 207229.028886
TRANSACTION 1587190128.506520 5bfc4e4614abcbab8e780c3af9758e40 21 70 141 207229.855889
TRANSACTION 1587190128.885701 a0220ec895b3c7f6263c8435accc9ae4 53 5 44 207230.235036
TRANSACTION 1587190128.903012 eb9ee342dbde6c096a4fefe639ff6771 23 49 7 207230.252510
TRANSACTION 1587190129.911671 6ee4e7dade45f1a8788dd6850a2e0f7e 58 27 18 207231.260991
TRANSACTION 1587190131.197562 4d8e357367ce59a3e75634ebb79f2dd7 12 9 321 207232.546811
TRANSACTION 1587190131.484798 a66bab14d9b9ab9892c7a5e4254308c9 19 21 282 207232.834279
TRANSACTION 1587190131.585322 5f8ef7fa9a5b3853d0b28ae57630feb4 61 63 393 207232.935464
TRANSACTION 1587190132.700226 0657eb35d933ba8e26095c63f5fc9c9b 21 14 1292 207234.049528
TRANSACTION 1587190134.892396 f3f2502a38a82f3db68a5f94bd4158a4 46 58 1 207236.241733
TRANSACTION 1587190135.096947 dcc440b5dd395c14a6291d8ff4820a76 74 59 2 207236.446422
TRANSACTION 1587190137.751703 d5543b39a4d5d97a08c4b8e29f4a61c9 50 29 41 207239.100928
TRANSACTION 1587190137.828106 f5da7904b609b4c3e9065023b08fa4c0 71 5 427 207239.177358
TRANSACTION 1587190140.320679 ade9a0832fc2bb35f735c0f792e8223b 24 8 11 207241.669974
TRANSACTION 1587190143.136547 7ea253a9b10644cc0c18448daa3ef4a1 15 14 103 207244.486027
TRANSACTION 1587190143.973689 b2e53d40cc022324c4f034fb288e0987 40 20 39 207245.323132
TRANSACTION 1587190144.091255 f306bc19ed8f894421d615ab61c119cd 21 57 29 207245.440200
TRANSACTION 1587190146.291391 1cba95f251863e17d64d01d36704f951 27 43 27 207247.640663
TRANSACTION 1587190146.846824 b39059b80bea5180ea6b6187501acb37 25 40 58 207248.195898
TRANSACTION 1587190147.947948 85ede353a95d0eb3533bef4a8609f724 6 11 14 207249.296864
TRANSACTION 1587190148.458218 13a2f5c641f2378b783c08fe55ca032f 75 41 288 207249.807240
TRANSACTION 1587190149.321413 bd49d74f0d829d08463ea26c541c1725 44 55 29 207250.670370
TRANSACTION 1587190150.827574 db4508fd44ca6ebc6c8b8060220e82d6 46 75 164 207252.176849
TRANSACTION 1587190151.184765 b67fd93c186775f8bda250923385203d 60 33 1 207252.534148
TRANSACTION 1587190153.395862 38bdb809c7f916e79f3646b4ae184fc3 50 67 227 207254.745061
TRANSACTION 1587190153.748883 713cc7c4e451989ba26fe3678a44a70f 46 27 57 207255.098380
TRANSACTION 1587190154.212076 aa4c394e9d1e827ebc6c537ce6a160d9 68 2 5 207255.561231
TRANSACTION 1587190154.497600 603d77b0cd0b2b0fac50d6fb8c65b96a 33 19 47 207255.846576
TRANSACTION 1587190156.544094 1692d7ee8de7b1ad9cfdcbd2ce349596 74 73 6 207257.893237
TRANSACTION 1587190161.222931 3c523b1bc8b5ab8e7fa27efef4503a3a 54 60 637 207262.572105
TRANSACTION 1587190162.775518 aa93f1d037156806eebf08d2cd25ef0b 43 71 6 207264.124880
TRANSACTION 1587190162.893369 c21e97fb2f17604125b7ef4c3906ef29 20 22 138 207264.242778
TRANSACTION 1587190163.716604 aef2cf66d8849321b898eca70bf7e475 41 17 177 207265.065754
TRANSACTION 1587190163.933388 5e59f474c6264ab3d963059330dd41c4 19 9 63 207265.282827
TRANSACTION 1587190164.727258 4cf52b7c8a05804168528cade9e7c538 59 28 25 207266.076629
TRANSACTION 1587190166.923228 93e279342a967323f565dc9a7695d2fc 63 34 583 207268.272451
TRANSACTION 1587190167.076274 96ea452320a636805b124b67e526f55a 73 15 3 207268.426108
TRANSACTION 1587190167.255056 d5dcd84e813480b098fa6c572f6c373a 41 53 57 207268.605487
TRANSACTION 1587190169.597436 e113e8a434e5ac3e6f5d565f24609513 78 41 867 207270.946742
TRANSACTION 1587190170.230393 cb58a1f1f8a3fc80618658c58e3d90cd 70 47 362 207271.579663
TRANSACTION 1587190170.605757 017040520f83e6effd88efb3375b9eed 2 27 209 207271.955041
TRANSACTION 1587190170.882910 fa4f1401c3e45d0e20e0111e71dfff58 58 55 1113 207272.231799
TRANSACTION 1587190171.933525 3acdea9d9b3e035d0167179c147bcf3a 40 6 6 207273.282705
TRANSACTION 1587190172.989506 c360387562a8226d8585c22797894e45 65 55 16 207274.338856
TRANSACTION 1587190173.234152 1e4616b63df3cde9f7952aedee3d06ca 67 71 60 207274.583591
TRANSACTION 1587190173.344159 0f797af029ce2852ede883b54760a588 8 73 349 207274.693648
TRANSACTION 1587190173.678741 a81d3163c0d2e4ecc8a37ffb19d03032 40 77 1 207275.028399
TRANSACTION 1587190174.993510 c81dac61abd2eb4ce0d75178e6b4216d 25 81 42 207276.342845
TRANSACTION 1587190175.145275 f521f1dced1a3084adfe20a8ca390591 54 12 21 207276.494626
TRANSACTION 1587190175.427829 eaf5a88591f98e05c93d1a48e88d53d7 59 68 4 207276.777165
TRANSACTION 1587190175.951475 b457dc253e9a157002309ce3fccb8262 46 17 29 207277.300982
TRANSACTION 1587190177.820066 7194445dfa1b22d66959742fd88e5578 4 53 1 207279.169500
TRANSACTION 1587190180.758739 4be1b0b0d7032407976668e865608f63 88 29 172 207282.107726
TRANSACTION 1587190181.900283 8b6e28152bb7e6f7019b98a5666ded9b 40 62 3 207283.249330
TRANSACTION 1587190181.954031 b482c50026a5656164057940eb7d84e6 16 87 15 207283.303490
TRANSACTION 1587190182.777911 458db131a196174942239236645a33e2 28 79 1982 207284.127365
TRANSACTION 1587190183.288092 ff143a60c09858a2451b746d231a0f8b 81 47 2 207284.637362
TRANSACTION 1587190184.200068 acc55ff9d4f24d503fe567f40deecbad 67 66 128 207285.549344
TRANSACTION 1587190184.305577 0ed17574a5f7c9ffa8d2aa5c059c725e 56 85 17 207285.655079
TRANSACTION 1587190185.236657 0e45bafd60b4f446577f8c1086cdd2a3 54 67 8 207286.586083
TRANSACTION 1587190186.194834 61a2e412daf0f972bada0f147c8acaef 56 64 75 207287.544212
TRANSACTION 1587190186.267470 50788a28ed51710fca14210cfb768d47 45 6 955 207287.616734
TRANSACTION 1587190188.382228 c23d59a0bc365110c307936dbf42a619 20 71 565 207289.731211
TRANSACTION 1587190188.855912 94dae9a6b34dfd6c99667109aae1a0ce 82 84 64 207290.205219
TRANSACTION 1587190188.957327 f3c95d4ccdba7fb01cc4975f640915c9 32 79 708 207290.306741
TRANSACTION 1587190191.930660 eab44cff0eb08ee2fc4bc90bb236d2af 11 66 61 207293.280049
TRANSACTION 1587190192.292658 d7c7076547975b8c9fd5c12b80a9acb4 40 13 328 207293.642057
TRANSACTION 1587190192.452055 5a5880e6adcb833bcd42e542999cd009 18 53 84 207293.801525
TRANSACTION 1587190193.561939 abfa49a458b8a020606e998a95ffc079 92 55 2 207294.911265
TRANSACTION 1587190196.899519 5ad997eac7d3cc2f70b08d25a4a54a28 27 79 7 207298.248592
TRANSACTION 1587190197.790480 66bf5e1c9b78b04840e272f9dc8d6082 52 82 70 207299.139767
TRANSACTION 1587190197.810894 ff4ab033599d4e6cf196dad3954199f8 61 72 139 207299.160108
TRANSACTION 1587190198.278992 242db842b78d4d853eb2e92912cce84d 62 6 9 207299.628200
TRANSACTION 1587190198.473922 ffd2d02b625a97b03e6514e1e4de1831 8 1 2 207299.823457
TRANSACTION 1587190199.443585 4bf7beff6e7a8713d560a97841884e8e 65 68 725 207300.792695
TRANSACTION 1587190201.086928 333451902c4d96dfa790dd61870ce050 11 65 4 207302.436365
TRANSACTION 1587190201.820224 a624254a627cd14c3974a5fc3698be33 80 38 13 207303.169772
TRANSACTION 1587190202.878239 c7c172e26172fcd41c2b1ba0e374d2ac 73 88 842 207304.227116
TRANSACTION 1587190203.297164 185ae8d027b6853ede00c5271d4cac1e 23 20 97 207304.646695
TRANSACTION 1587190203.794730 c354e444ee5d87f0d08f5efc6791fdd4 83 23 104 207305.144185
TRANSACTION 1587190203.887283 69a85ff89651af34bd1ab7ec32f3cfbc 41 20 60 207305.236706
TRANSACTION 1587190205.111976 c1c38ce2b0057bf7e0f3990ab6bab82b 11 51 11 207306.461262
TRANSACTION 1587190207.149533 3bb6eca11fc8d2f762d60ec5e1d020bb 17 16 26 207308.498465
TRANSACTION 1587190208.083607 ad4df6da197a66e11e77c07255865477 77 15 25 207309.433257
TRANSACTION 1587190208.206479 66486e0fab0293828aa74791a14eeebc 4 33 63 207309.555789
TRANSACTION 1587190208.278733 5eac8abad84b21210939db1fd3f991df 58 91 10 207309.627606
TRANSACTION 1587190208.473695 16ac80c3eb5f8ed3f8d59fade5d53e38 1 74 171 207309.823088
TRANSACTION 1587190209.329570 d3a3e75dff1a815173636524c5f80cb7 30 76 532 207310.678866
TRANSACTION 1587190210.249321 9c1450d0306fdf584bebb7e27af6e7de 38 45 51 207311.598563
TRANSACTION 1587190210.499541 bf4fd68463b289b1086e06eb03f19050 48 6 2 207311.848911
TRANSACTION 1587190211.953159 c6cf6a5442e4fdfde4112013aca2c31d 58 12 313 207313.302403
