TRANSACTION 1587190006.525465 34fb0bb602700d3b9aa4a116ba713a31 3 8 17 207108.362199
TRANSACTION 1587190006.845755 05284cfe5bc4a9995ca13c3c72d26eb3 7 3 433 207108.362236
TRANSACTION 1587190007.001086 16a994a3dbda0a5ed6953f52d769ada9 3 9 51 207108.362271
TRANSACTION 1587190007.074403 7f669f162b94f0573a44631c3078de16 9 2 45 207108.429415
TRANSACTION 1587190007.127938 f78cede42a8f7cb7d54df01f20d20a3b 3 8 143 207108.478540
TRANSACTION 1587190007.188504 9a660a43c79fb93fec107b121c968e02 4 9 85 207108.541560
TRANSACTION 1587190007.242953 73531223ff2b1dba59accf55beb15a93 1 3 429 207108.595752
TRANSACTION 1587190007.265365 4dc8b8d82742695f2f77d12a53004441 2 8 1318 207108.617296
TRANSACTION 1587190007.273664 f2c4297f7959ea4b5fe51088806c7557 8 5 2507 207108.626894
TRANSACTION 1587190007.312984 d97d864b82099eada4ef17f0050ca013 7 6 16 207108.667683
TRANSACTION 1587190007.323417 4e8a44206c224c869d3d255ad9a7fe28 4 8 43 207108.679504
TRANSACTION 1587190007.353857 035da1977b2c5f49e4d4111fc6c552e3 9 10 11 207108.709544
TRANSACTION 1587190007.423774 a8613ad8a73ee8cb4a6b66dafe15efa1 8 3 114 207108.781597
TRANSACTION 1587190007.422320 eb5c2c662e9fd5f27912a42a5e508629 5 4 1065 207108.781607
TRANSACTION 1587190007.443091 49bc78ac0afd7bfe4142dd72e25ee419 2 9 316 207108.793409
TRANSACTION 1587190007.466430 974b07bb085aea82ddb5b3468902a86b 5 6 246 207108.822047
TRANSACTION 1587190007.472202 dba5a2226721ec6982feef54e9b5f6be 3 2 75 207108.832610
TRANSACTION 1587190007.482514 9eddabdf42a0a68003df4677e7bc2c02 8 7 1 207108.839262
TRANSACTION 1587190007.496830 362b86b9436f5485422dfc5e322d636b 5 2 620 207108.853051
TRANSACTION 1587190007.542199 aaa796a5e7d4497e425f75bb9fb27dfc 3 10 99 207108.898852
TRANSACTION 1587190007.650780 b76b188f281deb016e7932c486ee25df 9 5 114 207109.006930
TRANSACTION 1587190007.678200 c66a870663fa288a4cb55e8b23143800 3 7 455 207109.033715
TRANSACTION 1587190007.699520 91740dee9b2e66e14f8374292e4d7c56 0 6 753 207109.055270
TRANSACTION 1587190007.740889 b19c09ea3bbb1a92621d2fcb8afbc9ba 9 5 197 207109.097071
TRANSACTION 1587190007.796356 1d12066f20aa2e32bcd26c268fc9b359 10 5 106 207109.152435
TRANSACTION 1587190007.965948 0d19a24490f62110995fbd7e27ebdd5d 5 7 313 207109.322135
TRANSACTION 1587190007.973421 88a609df5893b1d7104fd6489dbecec9 6 7 473 207109.329642
TRANSACTION 1587190008.023864 366ebf1758e5ee64ce967710c51d5886 9 4 38 207109.378728
TRANSACTION 1587190008.044289 2ff1e5c3d08b428b20685e2a55d97214 2 3 372 207109.399091
TRANSACTION 1587190008.092738 12ef01f1e49ea6d8bf7b1955052675fd 9 11 15 207109.449309
TRANSACTION 1587190008.101129 788d8f182cf149fc0766803587166a5e 2 3 23 207109.455474
TRANSACTION 1587190008.252629 b1a556a1c942eddb6c92f202db7f963a 9 5 29 207109.608621
TRANSACTION 1587190008.272049 b723986204e88322b1df33ac3901eaed 9 6 3 207109.626804
TRANSACTION 1587190008.291373 26621f3c68986c122c03b7296303d694 8 6 4 207109.645505
TRANSACTION 1587190008.385816 ffea4bc28366e3990ac0d4774012aa78 10 5 4 207109.741759
TRANSACTION 1587190008.681578 db1faf32fbd3bd0da9f8de433415cfe7 11 12 11 207110.037126
TRANSACTION 1587190008.697013 eb637c37440e98bc203e016a13f4806d 11 7 3 207110.050739
TRANSACTION 1587190008.713386 ece1fce8495e0a0fa9cc190f57e540ce 10 9 7 207110.067647
TRANSACTION 1587190008.771802 9ff75fb9534e45b31775e4a2dd685821 11 5 1 207110.126606
TRANSACTION 1587190008.864313 fe6734177efd789c58543647780d8b77 3 13 238 207110.219560
TRANSACTION 1587190008.990905 9582c8aa9db86180dba30219dd69e1a0 13 14 177 207110.346460
TRANSACTION 1587190009.044404 b0415855326b5ec6cbf6673019329a50 1 9 466 207110.399326
TRANSACTION 1587190009.075822 8ff1d752808b4bb49b973c7759a5ba1d 7 11 631 207110.430157
TRANSACTION 1587190009.144252 879b1c944bb424a3dd0c7d769eae9108 11 2 209 207110.499691
TRANSACTION 1587190009.288825 1dcf17edd49f09aa065337bdf9171398 2 6 224 207110.643960
TRANSACTION 1587190009.366313 ca897c6482bf92898787223d0d484a50 2 6 134 207110.721546
TRANSACTION 1587190009.373779 8194294fdd8ca96d56e9fa1c1f48061a 1 2 46 207110.728087
TRANSACTION 1587190009.462239 03c4de758f6d6f70f3c4bbaa3b675f6d 3 13 124 207110.818134
TRANSACTION 1587190009.502724 80f26ada1ec2871c2baaea681890215f 6 9 778 207110.857593
TRANSACTION 1587190009.571203 ee8e8a9a241e87f5e384da9d569db64c 9 13 227 207110.927406
TRANSACTION 1587190009.641711 39a38e99c3277dc646cad4b7b7bc9b4b 1 3 183 207110.996625
TRANSACTION 1587190009.679143 b630dbf81206d77dbe8cddec825b7996 4 7 302 207111.033421
TRANSACTION 1587190009.724550 58bb037cd30b9e6c49c3da913e6abb18 12 15 1 207111.078799
TRANSACTION 1587190009.852087 5a813674c0e94c0a7d466a5be6cae509 8 14 1 207111.206595
TRANSACTION 1587190009.862521 5333fac3a33deb4bd602e1c8d2a34637 12 10 5 207111.218745
TRANSACTION 1587190009.881821 dc3b4f3b26d900123f48d6ef16e46c7c 5 1 280 207111.233033
TRANSACTION 1587190009.885121 9ac844c4c5307244e53ef2a02b1931e2 1 7 215 207111.248567
TRANSACTION 1587190009.967541 2206593f7edc8d601ecd147ca70b42a0 15 6 1 207111.322706
TRANSACTION 1587190009.979982 6be18ee82c31519f73269a9f9cb9c393 4 13 223 207111.333536
TRANSACTION 1587190010.007350 b369760a07d3c40c959b1751f7aab853 0 3 96 207111.360346
TRANSACTION 1587190010.052709 e85454b8bf52fd53b80d5dc710db96fc 5 8 242 207111.403958
TRANSACTION 1587190010.058053 275306193402d92d48c8ad4ce5a26f98 0 13 674 207111.415286
TRANSACTION 1587190010.195535 d4ceec5dec25d91c7a174445ef0806c6 13 2 1253 207111.544804
TRANSACTION 1587190010.269053 cc6aaa2d66172c119953fc32113104b3 11 7 145 207111.626594
TRANSACTION 1587190010.326525 c780ff449cb899ff3cb4cd3f5ba1994c 11 8 15 207111.683847
TRANSACTION 1587190010.396012 222194d2a63f2c178086f5e4af12149a 7 15 323 207111.753781
TRANSACTION 1587190010.406410 27217e366c17a0f50a5c25e8f79de66e 11 1 107 207111.762655
TRANSACTION 1587190010.449770 68bf6d38d93803d690c912d75cfe17ac 3 14 294 207111.806915
TRANSACTION 1587190010.494227 b93081aa362a7c08c859c53082a5e421 8 10 61 207111.851792
TRANSACTION 1587190010.509611 f4bc2f35a76f67e6b971018b875a5d7c 11 14 38 207111.876990
TRANSACTION 1587190010.514935 4e2493ed5b824652cfaf61fb2ab220b7 15 14 279 207111.876999
TRANSACTION 1587190010.515141 03b85fcb9ca549c2aa9d0bf5b6e34000 9 11 852 207111.877002
TRANSACTION 1587190010.535421 b1299a2cb016ac714618115067e19e2d 8 4 173 207111.898941
TRANSACTION 1587190010.542743 cb8cbfc536a0af07c4a04dd0258df4bd 5 3 178 207111.898951
TRANSACTION 1587190010.699290 bc0842161e6547509200d71ca0b3a5a0 14 1 29 207112.057102
TRANSACTION 1587190010.715740 1919db850bbc53557b68ab5621e865b8 1 12 78 207112.065022
TRANSACTION 1587190010.762090 b70e36b05728f147650734e767e2461d 1 11 10 207112.119563
TRANSACTION 1587190010.772435 400851c4215fbf9fee4fc379f46b1299 5 3 28 207112.128330
TRANSACTION 1587190010.817798 f08a1ac25a9e1ebaf33f04314924f710 15 9 16 207112.174687
TRANSACTION 1587190010.867247 6934053aee470f972514e21ea59c2dce 0 3 578 207112.228946
TRANSACTION 1587190010.872710 034aacb3cfd6755afd78df707306e8ae 15 7 11 207112.228956
TRANSACTION 1587190010.905103 3d7659324baf075bff9c222d3f35b3ff 0 8 573 207112.261230
TRANSACTION 1587190011.004690 deb5198fbe4430fba5f91aacf6195b8c 8 2 343 207112.362126
TRANSACTION 1587190011.060292 593e24838971a1d1166e482e7431abfe 8 4 15 207112.417374
TRANSACTION 1587190011.272980 a78407d0b4ed2641f18cfa4fbb7206bf 4 13 178 207112.629589
TRANSACTION 1587190011.316638 9634b6763bbfc60460b60069c2ef4df1 7 15 554 207112.672865
TRANSACTION 1587190011.383264 39444d9515aec0439cc05e2b7f2a23ad 8 11 19 207112.739597
TRANSACTION 1587190011.443868 07d8abde015c8202f53469763d14b6c6 0 14 739 207112.804877
TRANSACTION 1587190011.447345 40f8ccfd6d1cab2374bb101844321a11 15 13 116 207112.804887
TRANSACTION 1587190011.509712 5ba1b98184ffc0f1f554b73af0c298dc 3 1 260 207112.865439
TRANSACTION 1587190011.527212 080ba8f8b9668c57a2f070366254ff2d 3 16 354 207112.881710
TRANSACTION 1587190011.816857 c34a5ec25b94c5683ac507332f79e31c 5 3 4 207113.172610
TRANSACTION 1587190011.829284 c0b9b716ee1348b7afcf7e80387ee2a1 11 17 251 207113.183960
TRANSACTION 1587190011.901720 b53b6b99b062d876c06da4764caf23d0 5 16 58 207113.258319
TRANSACTION 1587190012.022287 54c122b81bcaecf48a0ef344f64ac0a5 4 3 454 207113.379088
TRANSACTION 1587190012.064774 0d3b6c57524e2e275d43195750184343 5 4 8 207113.420505
TRANSACTION 1587190012.133249 e9fa3c24a08cbcffea40ee3452c77c25 0 16 439 207113.489717
TRANSACTION 1587190012.205786 6bf80274b379b99f51cb3b809b7a29b1 15 7 304 207113.562484
TRANSACTION 1587190012.227239 70282db9ae7d170483a1bc8eca7911fd 1 5 379 207113.587935
TRANSACTION 1587190012.230604 8151efd884ccac187f2adce73fc4cfa3 15 14 134 207113.587950
TRANSACTION 1587190012.385111 bf717e358da3131783477fef5de2a933 2 15 1084 207113.741663
TRANSACTION 1587190012.466671 46e02d354017b371dccd68ee4f250eaa 9 15 168 207113.815939
TRANSACTION 1587190012.793489 71ad3e627f502e6118b581463f5acc5e 8 17 116 207114.150959
TRANSACTION 1587190012.890059 6e02ab1d6bba9386e61c9de4c5db7d06 15 6 831 207114.246723
TRANSACTION 1587190012.927525 311b435f6d7b89bfdcd0472421d31f6f 14 15 1330 207114.284034
TRANSACTION 1587190013.044078 6f00cb497854b2bbcca4fb74d26b999e 10 7 21 207114.402000
TRANSACTION 1587190013.167852 77bd6a2c9ecf50a699ae19694ff1f5ba 8 11 56 207114.526329
TRANSACTION 1587190013.180264 6a10d03f26a4ba3636007c3c8c05ae97 11 7 496 207114.542705
TRANSACTION 1587190013.183615 abb456d3e1a3c8e66b9fb65c2d27ed77 4 9 138 207114.542714
TRANSACTION 1587190013.335376 b658e52a6a759fb7200d15866ee398d8 8 15 16 207114.692893
TRANSACTION 1587190013.463962 c8f8ad95626eec70868a75420a05f0bc 1 13 115 207114.822302
TRANSACTION 1587190013.467373 d088c5684e4c7d5194a3d9ab06f530ec 10 15 25 207114.833519
TRANSACTION 1587190013.505760 ff3b5d2b801d8bdc23f2bc291cbd47d7 13 9 281 207114.863052
TRANSACTION 1587190013.522163 6285e680c85270d9d0a28d1ebf7473fa 16 5 419 207114.878598
TRANSACTION 1587190013.556551 94e50c5615ae7728d038cfecb7a5dd64 3 12 452 207114.913591
TRANSACTION 1587190013.581993 11c55ca89cbbece3144c2cfe10ef417f 14 18 208 207114.938661
TRANSACTION 1587190013.655627 1039fc89ac1b769eb86c6cbd0d827784 14 19 21 207115.013279
TRANSACTION 1587190013.716145 018f962e26775557f6dd3ad1dc2058cc 17 9 73 207115.065283
TRANSACTION 1587190013.743618 6219e451f7b96063001a8b5b5d804c69 18 19 85 207115.100024
TRANSACTION 1587190013.877139 043d4a6759b023be0d9b60f961286d0e 15 7 1219 207115.235150
TRANSACTION 1587190014.005814 2222dbd9de66caba6b0973597229f6c8 14 19 9 207115.364089
TRANSACTION 1587190014.061321 73626fcfb5b0c44c6fefa98a1e550592 9 10 95 207115.419899
TRANSACTION 1587190014.183879 745297b573cf77a6dc7fd1267f73b10d 16 15 245 207115.542288
TRANSACTION 1587190014.200287 ddc08c947578ce8d7b7ef5917deb51a1 3 7 85 207115.557236
TRANSACTION 1587190014.223663 eef7003eabaf5dcb6133a2fa73aaa711 15 4 607 207115.581334
TRANSACTION 1587190014.236038 e6e3b92b866c0740e351ffa511c334f3 13 10 46 207115.592821
TRANSACTION 1587190014.263384 8d628ff341ec7da2d984e0c226aea4c7 14 6 10 207115.620651
TRANSACTION 1587190014.288762 a898dfb72b5265f25197e3e58d0b5f43 16 19 149 207115.645787
TRANSACTION 1587190014.488355 613e6ffafcc41babf58a9170eacca454 7 15 1380 207115.846533
TRANSACTION 1587190014.522814 68718858bac8b5b8e78596cfd0663624 2 17 510 207115.879897
TRANSACTION 1587190014.571248 9e47805ca3d6756d1ae19e962f537549 5 17 471 207115.929297
TRANSACTION 1587190014.644759 5898717b6b2964031a5cb7ac4cd5744b 6 15 775 207116.009693
TRANSACTION 1587190014.649167 4273cae0c0f4b9d6c0925b1d706c9aa8 8 3 14 207116.009709
TRANSACTION 1587190014.674516 18b3e75c71ff1a5da00289b906479769 19 3 194 207116.031387
TRANSACTION 1587190014.719916 b7afe65e236c83f71b5c77181cd3bd42 4 15 483 207116.078228
TRANSACTION 1587190014.869493 dac6b175b57db62e0206e5c25379dc3f 10 17 126 207116.227944
TRANSACTION 1587190015.100228 9ed622b66709666277cb1db7abc3918b 5 15 172 207116.465987
TRANSACTION 1587190015.106699 4a406708ed07290d2e35f70f510bc2a5 7 5 520 207116.465998
TRANSACTION 1587190015.164085 7dd9d64162c194e3dd171be8c45b1ed8 12 9 261 207116.522113
TRANSACTION 1587190015.232009 aed40e872839ee0da6c4d7224e07d4f1 17 18 1265 207116.589335
TRANSACTION 1587190015.357474 403be3e3dae471fca06f530b600ccf30 6 18 113 207116.715203
TRANSACTION 1587190015.396958 f7ad68c3c819ee5917e2092cb6b68621 1 20 28 207116.755224
TRANSACTION 1587190015.422369 42ea99b060b06bb35f7a351439135ac0 15 2 2636 207116.780299
TRANSACTION 1587190015.467740 8c37c68691c567c82d29671daa4405b7 14 2 39 207116.825052
TRANSACTION 1587190015.550209 51050d5e22249c93ad7991bf9b33ecbe 19 8 20 207116.914694
TRANSACTION 1587190015.557685 59b9779b146d128ec1056eac02d77096 20 15 1 207116.914708
TRANSACTION 1587190015.615177 6c9dd88e7a6f77d4f9f95200c8db2c59 12 1 191 207116.973694
TRANSACTION 1587190015.654661 4393f61f1af355e8f414fd2088f798a6 12 6 47 207117.012081
TRANSACTION 1587190015.741221 f69f9f099715c03a3d16bf8f446834b9 19 17 1 207117.099612
TRANSACTION 1587190015.782705 873629446c67883bc926bc926c3a5907 0 7 51 207117.146627
TRANSACTION 1587190015.786077 ac6751241ea1f24f66488da21c192173 9 20 57 207117.146638
TRANSACTION 1587190015.864490 8cd79217f8197ecf7e604c01804b3a65 7 10 351 207117.222181
TRANSACTION 1587190015.917963 d600329b3f72135dc35b854accfa945b 16 19 15 207117.276015
TRANSACTION 1587190015.953427 c16715f4fd05da69b35e2ea45b8c10df 8 15 18 207117.310929
TRANSACTION 1587190016.004997 fddf7d17ff2bba9f0ff16ffe8d983f63 5 4 217 207117.362707
TRANSACTION 1587190016.033781 edeb603ddd26b97eaad1d6af80ccb4f3 5 6 308 207117.392257
TRANSACTION 1587190016.030453 904a94efcc6989f59b68a21a9e5bda81 19 14 16 207117.392266
TRANSACTION 1587190016.049064 a7aa94c5c5038aabdc482779056d8c72 18 8 1453 207117.405364
TRANSACTION 1587190016.076378 91a1fce0570f1c2b383713d3bb27acac 6 21 261 207117.432927
TRANSACTION 1587190016.122718 b647eb5a88130fba06e832e934fe3c9d 14 15 3 207117.479934
TRANSACTION 1587190016.208171 4724cb55babbed39dda46e98771c5a8f 15 8 11 207117.566278
TRANSACTION 1587190016.233871 754d11f4eabff985ebf4290da334580b 9 20 255 207117.597077
TRANSACTION 1587190016.233631 c0f3b8e6c5443a208ac9e40cf39ea7ec 17 2 99 207117.597086
TRANSACTION 1587190016.278198 94cd322fc71c5013293ddd29b32a7311 10 9 261 207117.634677
TRANSACTION 1587190016.346637 da84b428f46d3392fe998993b3ce2051 5 20 86 207117.703855
TRANSACTION 1587190016.398098 27cf14b59655889577d13cdf7b89d2be 21 13 146 207117.755373
TRANSACTION 1587190016.418491 c9e0d4ae02dcb2f45ab10a9a778eaa99 17 8 36 207117.782711
TRANSACTION 1587190016.425854 ed62f4fe60c4db9321c29d3611238210 3 8 279 207117.782720
TRANSACTION 1587190016.521566 58e7317be2f7222542604c1e7018c974 7 1 178 207117.879026
TRANSACTION 1587190016.538965 9a6c6039c0ad3d55f7be0f7a46b6fb26 16 3 15 207117.896031
TRANSACTION 1587190016.649866 947208651160affb53d9fdaacd68a2f4 2 11 1857 207118.006528
TRANSACTION 1587190016.722254 da241b0e7d41e6e713f2dc1f5c68b226 21 13 27 207118.078939
TRANSACTION 1587190016.732659 356392293863f5eab4d23b71e2b55b42 3 6 3 207118.087624
TRANSACTION 1587190016.806068 8fc7d0a21bfbb237143e23a26e9259f5 5 4 38 207118.162672
TRANSACTION 1587190016.830507 a3681bcd0fe7ddb48def4083e84bf05b 13 21 281 207118.185982
TRANSACTION 1587190016.904977 8e40eb5368295a5ccbb5578029a38ad5 7 10 121 207118.262239
TRANSACTION 1587190016.940533 427f0b36f3afeb1e629f1b61e44f11f5 14 2 2 207118.297390
TRANSACTION 1587190017.110117 298c8dee0ca7ece5e418d3fb099625e7 14 8 1 207118.467234
TRANSACTION 1587190017.147515 2e6c16c94a1e45fb95c8bed3f48189a8 19 20 3 207118.496573
TRANSACTION 1587190017.167917 50e057274fa285ab1c82ab33407cd17a 17 22 1 207118.523340
TRANSACTION 1587190017.200528 a2fab480f5f6ff1f76713e5d9e28e72c 5 19 7 207118.558972
TRANSACTION 1587190017.200303 56a0f6c923f06ce1cbe60da7c6b03180 15 6 196 207118.558982
TRANSACTION 1587190017.232846 aacaa3cdf917adbd21aa037bdfdce0ff 1 21 453 207118.587274
TRANSACTION 1587190017.445431 ba69de686d6447710b31fb2925cdb3eb 5 21 1 207118.800638
TRANSACTION 1587190017.449834 72ca889648495da54fa3022db31794c1 13 3 14 207118.807049
TRANSACTION 1587190017.579278 8f8bd08c8e55fa4d61f5671165981448 8 15 1581 207118.936000
TRANSACTION 1587190017.594782 d1b7a58760133c5de4e2af23b7ff17ec 11 19 941 207118.950304
TRANSACTION 1587190017.672215 564c99ec5f2af0a42029c546e8622b14 6 19 95 207119.031936
TRANSACTION 1587190017.675642 9525ba44d86bec1050856fedf39a6f94 8 7 56 207119.031946
TRANSACTION 1587190017.689931 f672640abc3d34ee2c9d288970b00cf9 1 6 61 207119.043926
TRANSACTION 1587190017.794386 a3bb495a1b83f3a51a9090a1991e8a56 11 3 506 207119.149308
TRANSACTION 1587190017.816816 8978fe97af4b37f5fcc5d7b1e8bbf33b 1 2 38 207119.170534
TRANSACTION 1587190017.870237 52e7c6fd508a49d73ccdbd65af206ca2 5 22 10 207119.226017
TRANSACTION 1587190017.940756 04375d8ced82bd0c2a1229e94cb506b2 10 2 180 207119.298895
TRANSACTION 1587190017.963266 f23e3b502fb2fe370d01b3759a124947 12 14 28 207119.321978
TRANSACTION 1587190017.983681 484b6e4e53ffb3ed34f4b345ff75c755 22 23 10 207119.379538
TRANSACTION 1587190018.000021 3a19ca97997d5f1698438821a8e2bbe3 17 9 1 207119.384432
TRANSACTION 1587190018.078476 0bfca005b6d0a595fb1d9f22b53580d4 21 16 495 207119.432670
TRANSACTION 1587190018.156000 1d6a75c87ae69a8723fcb8ce13e8547e 12 10 3 207119.511510
TRANSACTION 1587190018.164413 b1974a8800a7d50c83f4d7f5f3f160e2 16 23 248 207119.521074
TRANSACTION 1587190018.187735 620ce39b91f93c2ebcd5ff20a289cc80 15 11 6 207119.537028
TRANSACTION 1587190018.204094 9f1001d49fa8c939694eb2b5e063cc77 12 10 4 207119.554228
TRANSACTION 1587190018.248468 0d130ba50f16760e4d55e1e07c615a2e 18 13 391 207119.598169
TRANSACTION 1587190018.384021 68dd51d3cd57636f427e7e4b00c10c98 13 14 252 207119.733599
TRANSACTION 1587190018.406576 ad9beee86df0328520c22f31a6db36a3 19 23 389 207119.760688
TRANSACTION 1587190018.463044 02e35d1bb4f27136de4bd0d0bcba1ec4 6 4 102 207119.815159
TRANSACTION 1587190018.503509 8b554a2d12174250116a66dc60b610ef 21 2 238 207119.859132
TRANSACTION 1587190018.530956 7808514e7941208f734ac3aa03243d9b 10 1 17 207119.881601
TRANSACTION 1587190018.539372 2850b507d1c7fb2fe1f7da48a1e85702 3 13 92 207119.890076
TRANSACTION 1587190018.566709 08acc5c4cd2e61ed192d4b13bfaf007f 0 13 103 207119.920840
TRANSACTION 1587190018.606156 d2e0328326be0f8d20eb6954f1f2fc09 16 1 82 207119.961935
TRANSACTION 1587190018.698684 f46c5bba4eecba8f13e4fafcb46e5dd8 15 4 1425 207120.054462
TRANSACTION 1587190018.783240 34b386737a02419cf84f0c79b7b39244 19 9 447 207120.132577
TRANSACTION 1587190018.847231 316d1b817e5f1a3e4cc7a21b37fde431 3 21 545 207120.203986
TRANSACTION 1587190018.966811 7b018dd1638639210c0ced439f0c93c8 14 9 229 207120.323017
TRANSACTION 1587190018.978413 7313b1bed5162448c744283bcf6c9874 20 12 151 207120.338614
TRANSACTION 1587190018.979923 2584a7dd8d02d9782f83a9b9c68ba0eb 21 13 357 207120.340387
TRANSACTION 1587190019.014387 df3f69e80fd5a596115c3797e40a4025 20 7 2 207120.369865
TRANSACTION 1587190019.014696 3f8e909897b0dfe8d18260a3fb811bdd 22 7 1 207120.372304
TRANSACTION 1587190019.033997 022f01e94bd7bf60428c2d202d11b50a 1 14 29 207120.389451
TRANSACTION 1587190019.055362 050da2bff180b395ea3bfd48531e35e9 20 16 7 207120.406276
TRANSACTION 1587190019.066708 90a9101c100163930a1dbeb789716e92 2 19 253 207120.421381
TRANSACTION 1587190019.121119 35dd8759b9f2b835d3747605af101c9d 15 19 272 207120.477412
TRANSACTION 1587190019.141550 9cf9ac91d9d9214e9c6ab5315ab54c21 6 20 136 207120.492259
TRANSACTION 1587190019.143874 65312f99487927d857956c69cd8b4526 9 19 77 207120.503915
TRANSACTION 1587190019.164224 af9721685eb86adaa1e17647a6b3842a 1 4 69 207120.519929
TRANSACTION 1587190019.184748 606fbef2bf28d8e2a04f352a30cc6514 11 12 57 207120.539970
TRANSACTION 1587190019.320764 d1a50a78b140a1d846efb6040542b048 9 4 427 207120.676758
TRANSACTION 1587190019.332187 6211a5a2c03682959aab1f8ea45bb4fd 18 2 164 207120.687481
TRANSACTION 1587190019.383844 a96e1f814e3972fc6b4ab9e19e4e0309 2 9 141 207120.743031
TRANSACTION 1587190019.383564 e8f0d9c0870bf1f65f1df54622a393b4 6 7 53 207120.743044
TRANSACTION 1587190019.454253 8f25cf52279a559ee974ce89bcf168c8 8 18 119 207120.804054
TRANSACTION 1587190019.500741 62b543ae9e489fdb7ddd5a02857e540f 12 18 160 207120.856400
TRANSACTION 1587190019.576717 1b4bee49ef59a002474a8d8a20b77d7d 23 12 381 207120.935847
TRANSACTION 1587190019.575242 4df3a6132ab9e00a3123a0127dc54d80 11 12 32 207120.935858
TRANSACTION 1587190019.652129 f99d97644c62a9c742096c71b8952553 15 2 81 207121.009023
TRANSACTION 1587190019.672541 58a4190d4476e7c718070feabf9cecbc 0 21 123 207121.027730
TRANSACTION 1587190019.720919 f10fc53da150bbe5b6e53b9fcae5c4c4 4 17 57 207121.075709
TRANSACTION 1587190019.859463 e60f039ccab6b7b8d9b71936db7b04d3 3 14 74 207121.208914
TRANSACTION 1587190019.983150 68ae18f0078d4b05fcce0331657cc86d 16 14 62 207121.334462
TRANSACTION 1587190019.996394 76f21d9dce1a4e444f5a2f9fb2240c8f 16 7 44 207121.350160
TRANSACTION 1587190020.034797 3370f00fdfe20ec5f8d01bb07ca36f3c 6 16 14 207121.388852
TRANSACTION 1587190020.100299 f6151973319aa898b8b2a2ca3dfe3d3c 3 18 5 207121.449577
TRANSACTION 1587190020.241208 c95efae69b777a30abfeaf3294159ac1 19 12 366 207121.590737
TRANSACTION 1587190020.502561 30bd1be9d1d20cc249d50f57280324bd 3 11 1 207121.857500
TRANSACTION 1587190020.517028 42b8e24919491958f04e4a0db9317333 7 9 62 207121.866616
TRANSACTION 1587190020.614945 c905104eae9feeb6f3610341366e9168 11 21 618 207121.967758
TRANSACTION 1587190020.668601 3620b75ea7b0aa6efc8f0ac0ec50d268 19 7 93 207122.021637
TRANSACTION 1587190020.696095 9aef17e9c6ff56db989f01b54b1c7060 0 22 681 207122.050885
TRANSACTION 1587190020.699671 2c484db9e84e6f9f11fa87cbdcc13be7 10 23 74 207122.054135
TRANSACTION 1587190020.740062 b2baa2808d3d8a0108e3ceee0dfc1a04 12 3 818 207122.090973
TRANSACTION 1587190020.838702 8a6f73731017db620e925809c32fc357 14 3 129 207122.189523
TRANSACTION 1587190020.866203 0ee12244a2ad2a2c3ae6275b68db5554 23 17 235 207122.217785
TRANSACTION 1587190020.978647 fec0315cf91b52bb00eb60f13474bcae 18 9 72 207122.333315
TRANSACTION 1587190021.008118 d6a6dbe0d8d45ec13151477c83903480 18 16 236 207122.362033
TRANSACTION 1587190021.071025 c0dc17f7430806a924e9851874280759 6 3 3 207122.421866
TRANSACTION 1587190021.172954 9d4dcb305b9022a6ca514b405487f98c 2 11 1163 207122.522558
TRANSACTION 1587190021.283003 e13ea4c1a46b9dff0675e97fd29d70a3 21 23 494 207122.637078
TRANSACTION 1587190021.303719 05868a73feed43242255ac7e47d71571 12 19 4 207122.654106
TRANSACTION 1587190021.310080 92bda082c446fa36d5ff259bc159b851 21 22 401 207122.663438
TRANSACTION 1587190021.339503 243423c485ebaa9e93dc740f4be76c8e 17 12 192 207122.690873
TRANSACTION 1587190021.391019 643ae806e7a24d056c71edab05c24bbe 21 9 72 207122.742857
TRANSACTION 1587190021.507673 fc2e3516806cd4b9d9a9217e890ff770 23 24 1070 207122.861422
TRANSACTION 1587190021.576167 529a25bf477d7e7d2cf2b7736ce72c8f 21 8 8 207122.927926
TRANSACTION 1587190021.623727 b4f60c6cdf36bd85f45adc962e245c18 21 12 17 207122.975813
TRANSACTION 1587190021.667265 87333cc79d2f121e999b8d64e996f094 7 16 23 207123.022278
TRANSACTION 1587190021.677795 2775ff3fcb834e02cdcacb6c663b529d 18 6 2 207123.028412
TRANSACTION 1587190021.783257 1e9b173adca155a1fb32c8dfe9ef13a8 21 3 17 207123.133815
TRANSACTION 1587190021.869246 5ecf52220aeeb04ac3fd65c303eba0b6 0 18 375 207123.219853
TRANSACTION 1587190021.877313 4e8bea235943e0a3475871ddbb01d439 6 24 25 207123.228842
TRANSACTION 1587190021.954122 736c3df05c7f2179f4f260dd822bd9ae 6 13 9 207123.303400
TRANSACTION 1587190021.970712 9e332ac29868baf83069dcb99e3404ee 18 5 66 207123.324572
TRANSACTION 1587190022.018177 4f98fa47dfcccc349d9a61b9d2bf89a2 5 16 175 207123.368490
TRANSACTION 1587190022.051711 031fffce83605d0ee9f33f80b1ff95da 10 20 10 207123.400957
TRANSACTION 1587190022.125369 f94efc82fb520d6f96e333aab73ab295 3 12 36 207123.479277
TRANSACTION 1587190022.204900 ef9a8a4b642446e3a8d54794fabc5474 11 6 82 207123.558907
TRANSACTION 1587190022.278506 dfcbc600ee498ecaf0093ac0e6b53978 3 20 491 207123.631648
TRANSACTION 1587190022.399287 2bca3a8e2c4bc8d7e46de8626c20205b 3 22 161 207123.748677
TRANSACTION 1587190022.416664 dc57fc839c553a73408e4bfb2c864915 12 23 143 207123.768017
TRANSACTION 1587190022.452102 ba9617c8ea792d2b317704cbe5bae7fe 10 3 55 207123.802591
TRANSACTION 1587190022.514729 93531708292180ef0ca2ac3547952206 17 9 58 207123.866409
TRANSACTION 1587190022.704029 128aca01759a3860ce7ac211cd8f23f9 16 19 6 207124.056430
TRANSACTION 1587190023.057919 e5f14f84695c6de5a0b13052206d5b6a 24 18 725 207124.408709
TRANSACTION 1587190023.074385 11a6014391304f50c84bed0f1d77a70c 12 18 80 207124.425057
TRANSACTION 1587190023.491032 8e23ad416740e55d5756740d4dff6abe 9 20 1128 207124.840967
TRANSACTION 1587190023.602947 1bc7faed95741e30450fc9bcba9f4d54 4 16 2055 207124.953676
TRANSACTION 1587190023.638461 beb06d558c3c5a8d0a1000408164a24a 15 22 315 207124.989519
TRANSACTION 1587190023.665910 f09198e4b4bc59f153d6116879ccd087 6 24 126 207125.016506
TRANSACTION 1587190023.759444 789113e7b7b559d97337700a5558f896 12 2 1 207125.110017
TRANSACTION 1587190024.002900 88447f95766f5b6211d547581555ccab 5 7 235 207125.353397
TRANSACTION 1587190024.063315 b1c2b1221be3e26c6a6355ac47c1ddc4 1 8 168 207125.413541
TRANSACTION 1587190024.101837 5f3d82a6ac0ef10a13d13a6bcfaa76c2 10 23 30 207125.451198
TRANSACTION 1587190024.130380 f5e99026ceea0c691d0c18fb5948b52e 14 20 750 207125.480376
TRANSACTION 1587190024.130632 3f2ae39f63efdaad4217e3c76086840a 5 3 37 207125.482350
TRANSACTION 1587190024.171409 635da05b4ff9bc41d036be0697eccd78 16 25 1140 207125.521231
TRANSACTION 1587190024.187881 cefded37ce62792ca62868251261dc1a 10 7 2 207125.539583
TRANSACTION 1587190024.205380 ae5c9f23da4a450b37f94e4b99eca40c 24 14 170 207125.554643
TRANSACTION 1587190024.254041 0f660dca2897ec25b34d410c1a5be00b 16 11 301 207125.605113
TRANSACTION 1587190024.374495 a9667c9ccbb7019035c7aa9c1b827d50 2 18 188 207125.727188
TRANSACTION 1587190024.495066 c2416f73f6572ddac2c6fd3d55d338be 3 5 233 207125.848528
TRANSACTION 1587190024.530654 1558bc9908475678357a8320625c5c34 20 25 1725 207125.880605
TRANSACTION 1587190024.738286 3ba71ab8c97c743037115c8400d28381 6 12 162 207126.088233
TRANSACTION 1587190024.946436 a08c1990ca95f15dd7f735ed9e642798 19 12 244 207126.296644
TRANSACTION 1587190024.950106 c77a7b8d4a6f5a55763fbc4f5271ac08 8 2 665 207126.301376
TRANSACTION 1587190025.341249 41c3164758fb5f03203e521ed5919777 16 18 418 207126.693287
TRANSACTION 1587190025.407277 4b57411323f3c2ffca5b046676ecd615 1 15 1496 207126.758409
TRANSACTION 1587190025.711085 9ae1a8816b246407728d3e97eae3fc89 20 24 161 207127.062153
TRANSACTION 1587190025.908524 26358925648b05db1da3fc99dde33ee8 7 25 479 207127.258828
TRANSACTION 1587190025.998073 cc5ad3d1b6bbf3b7ff649fb6dc5665b3 24 15 107 207127.347439
TRANSACTION 1587190026.025581 f7746d8650cb1b43af5ce439a5f95300 18 14 11 207127.377781
TRANSACTION 1587190026.331248 9127c0a623573cfd54f5d0229b05d14e 16 13 91 207127.683079
TRANSACTION 1587190026.358781 e0ef5554574a9c924c5e979226d23976 1 24 23 207127.708826
TRANSACTION 1587190026.562203 cd96da3a768bb8a01eb9960b0b541156 3 9 58 207127.912193
TRANSACTION 1587190026.832416 0e6f6c5cb20eaccfa806cb1024367c17 14 4 739 207128.181754
TRANSACTION 1587190027.057245 36ccd170b540722231342a56fb0b53c7 2 13 82 207128.408660
TRANSACTION 1587190027.067681 8b05c5b5b8712609f26fb878b6f9bfb2 20 8 20 207128.417958
TRANSACTION 1587190027.170106 4be3b3ce9f1ee10dfaf463be907a1a19 4 2 261 207128.521639
TRANSACTION 1587190027.259691 04e9065eab9de31b8c536fbb6fb9eb17 11 2 16 207128.610705
TRANSACTION 1587190027.544188 075aea2daa101555227aa188dfab8b77 4 22 42 207128.896260
TRANSACTION 1587190027.665154 28d6a47b54ae40802111736974bd55a7 14 5 491 207129.015721
TRANSACTION 1587190027.991376 cd002d4ed981319f1c0b2102f24173ca 13 5 622 207129.343690
TRANSACTION 1587190028.035830 1514dc649466b6531fa47ba5d70bd11c 8 24 29 207129.385449
TRANSACTION 1587190028.476119 b362580ab712964d846f56dacfd82955 17 13 1073 207129.827910
TRANSACTION 1587190028.710228 3dcbc5bfa36b0696028d8da766c614d6 24 18 414 207130.060210
TRANSACTION 1587190028.830720 e6e6cc2ca69b99b20046497589179658 25 22 159 207130.180478
TRANSACTION 1587190028.875185 961bd8c21595bc16baf586276d16baa9 1 13 5 207130.225337
TRANSACTION 1587190029.060933 a5d302ddf63ab896c069bcf3d5b87b94 5 3 10 207130.411503
TRANSACTION 1587190029.193481 069f0eb44cd5f861da42e460d798d126 4 10 337 207130.544624
TRANSACTION 1587190029.273344 7eb49638206986b75c103156b35eb565 18 23 219 207130.623572
TRANSACTION 1587190029.398206 79b9cd629fc2af8ad4ac44ca7bb90331 2 6 57 207130.749718
TRANSACTION 1587190029.768181 13e5342b7398ed72c2d9a5257e444f70 12 6 23 207131.118313
TRANSACTION 1587190029.782632 b8d2386a3ba5d5274137fdae01f79b8e 20 21 2 207131.133277
TRANSACTION 1587190029.981807 f8c150e0fe0d59ebe7ad734cb3840ad3 23 27 49 207131.331976
TRANSACTION 1587190030.026439 fa0f48db699654f01eb828a27bc963b9 20 14 1 207131.377621
TRANSACTION 1587190030.241094 6269bb7526bc56d4e47806a1fb1bcf25 22 14 69 207131.591074
TRANSACTION 1587190030.314499 2b31a4757e8e32dc91ef38bf07286481 23 11 650 207131.664417
TRANSACTION 1587190030.538442 c3c9c1f494056734897a730630db4378 14 4 131 207131.887474
TRANSACTION 1587190031.022019 2deade9c23de837c08c906e314bcb4b0 25 19 10 207132.374275
TRANSACTION 1587190031.338204 4bb61c96ae1e986e38071e67cce03843 12 2 270 207132.688014
TRANSACTION 1587190031.781419 b7adeb7a626228b81ca3690bf76bdcc1 11 19 896 207133.131237
TRANSACTION 1587190031.854608 5955f0ff5b976e53b33f75f835044c75 28 4 41 207133.204790
TRANSACTION 1587190031.861953 f33724ca391d2108309919a8fbe037ac 7 2 201 207133.210909
TRANSACTION 1587190032.486351 7baac4efa8c77673acd330b1d5870d84 24 29 49 207133.837202
TRANSACTION 1587190032.569826 f1b6a43f89e11d5f45f650dfecf4afcd 17 4 83 207133.920280
TRANSACTION 1587190032.595424 ed300b5d71bd08a4d1ed39408a179e43 12 26 60 207133.944676
TRANSACTION 1587190032.638868 1b3c769891ce276ec984f7e901aa6f1e 30 10 210 207133.989586
TRANSACTION 1587190032.649244 ff4a0add73741b36381582a6bb535355 4 27 353 207133.999666
TRANSACTION 1587190032.751064 c5bb548b492f4d183fdca9f4cfcd087e 30 21 614 207134.101964
TRANSACTION 1587190032.781368 b1ecf5f92f41aba82547307ed563f349 8 25 35 207134.131498
TRANSACTION 1587190032.976315 40b93a4379ea7d197985549ce879fd4d 20 11 261 207134.328320
TRANSACTION 1587190033.070287 403f583a68a10d1ea316214c49abd270 23 29 87 207134.421258
TRANSACTION 1587190033.124668 2a5ffb52489902a69412cebef20e94ee 25 8 49 207134.474460
TRANSACTION 1587190033.193780 65fa075db04e39d9a3097c3057ded822 3 16 75 207134.543437
TRANSACTION 1587190033.233103 1ea3f73387c7a9460d3c18755821badf 7 31 61 207134.582811
TRANSACTION 1587190033.241423 3af33e052117b24863fdd9f948a5427d 6 27 512 207134.591188
TRANSACTION 1587190033.364154 18873728ec0c77de9dde06fb2b63b0bc 30 17 10 207134.715134
TRANSACTION 1587190033.383707 e291c6b357211523ac03898480386e26 7 13 48 207134.734554
TRANSACTION 1587190033.437445 a91295acd0413e113634dd9dbb08afa9 24 2 338 207134.788023
TRANSACTION 1587190033.561772 cce5bb2fc553d5e818d8b8848419d82d 5 15 46 207134.911793
TRANSACTION 1587190034.178487 f889d38196891fee3b0202606f1b0aa5 27 1 185 207135.528197
TRANSACTION 1587190034.215899 c7a39f1c6152d87e4fc30a00c948555f 19 15 1017 207135.567593
TRANSACTION 1587190034.921508 ac997a5adfe37488121eeaa791147198 13 29 108 207136.271378
TRANSACTION 1587190034.992474 5d98550f3b5e06fddd1b09729a8418f5 18 10 9 207136.342188
TRANSACTION 1587190035.042494 77c95582906d03918ec38a5236c90c2b 13 18 95 207136.392477
TRANSACTION 1587190035.313125 0c15c98c52797aa6679c6f40056daa79 22 14 575 207136.663079
TRANSACTION 1587190035.426151 26a6e4d3ee832c607c3c5254327b1411 1 11 360 207136.775577
TRANSACTION 1587190035.436443 9095e0682d60db293fb706253404ba0a 10 25 48 207136.785698
TRANSACTION 1587190035.894188 f018fe3af69eb2d9b05ccee51c7973bc 1 20 30 207137.244969
TRANSACTION 1587190036.389711 42f074d7c29a4a2055a8ebac4260b485 3 33 2332 207137.739155
TRANSACTION 1587190036.830493 3b08bd7e0eeca5979f7c060830541a63 30 20 399 207138.180123
TRANSACTION 1587190036.858899 722249d638ce84d15bdbe10c07271156 16 13 24 207138.208537
TRANSACTION 1587190037.324350 e76560582f315ef7d5607703d4429a0d 13 9 3 207138.673584
TRANSACTION 1587190037.340794 73f4128b720f37559a7b1c414d2ae9f0 2 15 87 207138.690575
TRANSACTION 1587190037.382175 f24418d2af3b098503dec0d2b9757ea4 16 1 6 207138.732037
TRANSACTION 1587190037.542459 81ad82bddcc3f96019731e555e46d8e3 30 3 122 207138.892982
TRANSACTION 1587190037.550937 717f2931d71b2ce9b84b68591ebedfe3 31 11 20 207138.900215
TRANSACTION 1587190037.576311 1465bf151619c322792b5803eb3e9d88 32 33 95 207138.926378
TRANSACTION 1587190038.140318 0f4e73a1f9abe8d5c6490cb61b7754f6 21 29 345 207139.489741
TRANSACTION 1587190038.347899 eb21247b8afdb9feedfc8181d6a2734c 16 31 1 207139.697381
TRANSACTION 1587190038.467754 93250a5a82d675b7ddd734029ad62024 17 25 219 207139.817321
TRANSACTION 1587190038.559614 179ec9cdbe495c4a06a04e3c9a1e8753 13 24 158 207139.910485
TRANSACTION 1587190038.702913 3fc58ffebb71f359c6a74faaae9fbfa1 21 2 3 207140.053330
TRANSACTION 1587190038.701582 bff6b2c773c0509cfaa7c8cffb79253b 25 19 39 207140.053506
TRANSACTION 1587190038.888479 081f55872e76966b1b8d9f227c7ffce3 9 12 44 207140.239016
TRANSACTION 1587190039.490936 a659522b634f7428af1c0c91ccf94ec6 18 31 246 207140.840326
TRANSACTION 1587190039.712573 c79a20a564e1b00dfe6fb4b2429a1ffc 15 6 102 207141.061845
TRANSACTION 1587190040.117844 2a1f434d4fd908fc9c00392d7d576dc1 30 31 847 207141.467238
TRANSACTION 1587190040.379664 1c83b05c5184eb798c73121b68d090a6 34 28 1338 207141.728824
TRANSACTION 1587190040.606174 d5648d446a0b235fb7b8a44c934c927d 2 9 14 207141.955560
TRANSACTION 1587190040.770151 c1d0a1939662ee1c7a05dc9262f952d9 18 11 23 207142.119538
TRANSACTION 1587190040.813893 31cc93780922ac74b2cbc8c016579954 26 22 92 207142.163740
TRANSACTION 1587190041.259514 1e889506bc391e38c0c7714edfa0041c 14 4 23 207142.609085
TRANSACTION 1587190041.562768 1d3f739cd4d28a25a6d74c897ce7491c 33 9 2001 207142.912737
TRANSACTION 1587190041.588177 5ecae1eecbe71c8d430fa97b9ef0f217 13 4 3 207142.938481
TRANSACTION 1587190041.587938 62e4662cf9db733c08d6dfce2ee9d5a0 1 29 21 207142.938616
TRANSACTION 1587190042.529614 422c86821708363755b52627fa8cc5e6 24 23 332 207143.879194
TRANSACTION 1587190042.715858 a57aa8274a28a0b582d917abc74aa6f4 34 31 1 207144.065237
TRANSACTION 1587190042.730146 00f32e9390b5f77b930debd8f5ac9541 20 16 160 207144.079478
TRANSACTION 1587190042.738466 5f16ea10caa6a38eda6d8762cad64426 9 10 52 207144.087957
TRANSACTION 1587190043.175106 e3e28a90c5179660927b1c62b050c4e4 7 16 685 207144.525781
TRANSACTION 1587190043.310564 5d1b5aad6e9eb9a8606e4df75245021c 22 6 162 207144.661260
TRANSACTION 1587190043.396302 3132627ab868cdd975a54cbf6898cbb8 13 31 24 207144.747279
TRANSACTION 1587190043.495511 c7a1592857201dbd65b80312f529f6ce 26 29 123 207144.845717
TRANSACTION 1587190044.056868 7947099992d3a4392dbb3edcb82eb1e8 21 35 25 207145.406738
TRANSACTION 1587190044.140348 f8e284ca34f12a38cc86eef7e05a439e 17 8 662 207145.490155
TRANSACTION 1587190044.685419 ac9c50f5ea06f5c74e438dd6011c31f7 8 14 768 207146.034766
TRANSACTION 1587190045.011393 d4b0b1d2db4befde5f2ce6cddf265d30 9 30 52 207146.361971
TRANSACTION 1587190045.110757 4a656e0c63d152486108899d7fa0de09 18 27 128 207146.460622
TRANSACTION 1587190045.256392 a3fe059711e7b07f8a82e10f1bd94e24 0 9 565 207146.605988
TRANSACTION 1587190045.395400 8fdf6107911144ce5f2e8c0553a8ad27 22 32 50 207146.745315
TRANSACTION 1587190045.832856 d26dd91a5e020370042f4dec5891fa67 28 16 1780 207147.182752
TRANSACTION 1587190045.925926 0c8eb8eef7266dea898e2191fe2ea2d1 3 15 764 207147.276682
TRANSACTION 1587190046.158540 040c3b635571cda4a3b592b7d513b37b 5 26 46 207147.508316
TRANSACTION 1587190046.279500 ac2604d09e65e679c324ebdeb738561c 23 17 56 207147.629432
TRANSACTION 1587190046.596308 c91723d5f5572024675b3a98abbd604f 7 31 955 207147.946116
TRANSACTION 1587190046.971844 689b8faa7c27d169639a60961ab24216 16 13 172 207148.320849
TRANSACTION 1587190047.728654 6cb3f1321cec601314f2535ed74db5ae 13 32 96 207149.078057
TRANSACTION 1587190047.745012 0bbf8ede2be2deecf2a162d82aa6c044 0 26 858 207149.094307
TRANSACTION 1587190048.163318 2bfb0222a1d2646f3535214649d36bd2 8 22 1000 207149.513362
TRANSACTION 1587190048.291068 79e381bf4b10374d3d6854b7d4c9f26d 19 9 393 207149.640613
TRANSACTION 1587190048.359471 ec68ea7e37d038cdd5bf2bba532dfa8f 35 6 45 207149.708559
TRANSACTION 1587190048.529551 c310fdaa5134f7d3bfb476eafb38b67a 26 4 767 207149.878748
TRANSACTION 1587190048.881241 8d185ec4762e115b5b90cb5ab8e343de 24 12 22 207150.230845
TRANSACTION 1587190049.048182 d071cc9d491917f9e56fad9d3696437f 24 25 240 207150.397442
TRANSACTION 1587190050.037053 57fb840ea3a5a3c1779955e047e41d0d 36 38 1 207151.386464
TRANSACTION 1587190050.416185 70fe238b850514ad2d2b624e6d825011 22 24 651 207151.765591
TRANSACTION 1587190050.844040 06c20796779dd983a982ed2ce4119294 22 20 13 207152.193845
TRANSACTION 1587190051.087544 09ca6586563697cebfb1918eded442ba 9 7 492 207152.437009
TRANSACTION 1587190051.225513 4d52b53df113125a1f3fa1d06473b18c 14 32 14 207152.574927
TRANSACTION 1587190051.376114 b662a15c85db751e1da6d9444b35e106 17 21 164 207152.725540
TRANSACTION 1587190051.430215 9bc4173421de6a8a100e74ef38a23abb 31 6 34 207152.779706
TRANSACTION 1587190051.622206 b490bdbeece5bd7148c81bfb9d4066b7 28 6 14 207152.971895
TRANSACTION 1587190051.670534 1306259170ea1b425338c3a8cbd1630e 15 23 43 207153.020162
TRANSACTION 1587190051.904812 db701d65510730255ee3f53684b1e8ca 14 39 400 207153.254409
TRANSACTION 1587190052.109807 1deb149c772539650d00f1f573f0c100 15 19 61 207153.458985
TRANSACTION 1587190053.093513 726f12644e57bb74b2f69bbec89ab597 3 17 109 207154.442783
TRANSACTION 1587190053.450964 1fcb19a719b066f158a491e8a8d6dbc8 34 20 3 207154.800210
TRANSACTION 1587190053.515803 ba8142e9cb32c7e0114e523db7c530b2 22 39 40 207154.865420
TRANSACTION 1587190053.750787 8ad99c6b48e73d44f5377f6500badf06 28 17 7 207155.100164
TRANSACTION 1587190054.375278 3208ef5bac22577edef4e0cc889e02f3 4 32 7 207155.725056
TRANSACTION 1587190054.516300 ca95b4900ce16715683a5081b27d9ecb 32 2 20 207155.865561
TRANSACTION 1587190055.552323 06c090408fb5edd5e29659e26b78f10d 2 1 28 207156.902307
TRANSACTION 1587190055.974457 dc291087013bc1c27d913ca0c8c526d8 31 41 1 207157.324325
TRANSACTION 1587190056.180773 6dbeda10c5ad8ec3313a60d48d860312 22 28 33 207157.530229
TRANSACTION 1587190056.249284 92c386329145938314dad607c279e38e 15 26 553 207157.599056
TRANSACTION 1587190056.482885 9e4b31ade13ab1e42a04df211dc8bc6f 35 30 130 207157.832203
TRANSACTION 1587190056.843546 c02619348ddd4c6a056afdc3fc654d93 6 4 816 207158.192930
TRANSACTION 1587190057.141764 f9b056f1d69b30ec198acff138fc8c6d 24 26 227 207158.491238
TRANSACTION 1587190057.271598 6d1bba27a1f912762be7d49b6341a415 36 44 1 207158.621412
TRANSACTION 1587190057.453589 146dbd79f23b51a94ae6ec94964b1586 4 40 750 207158.802559
TRANSACTION 1587190058.210010 7a7a4866e29edc8b1a8a343813572bc3 39 23 12 207159.560001
TRANSACTION 1587190058.560955 0bf879a76ee02cf7043b0993a4566f5e 4 41 271 207159.910639
TRANSACTION 1587190058.561301 71ab5c839125a7b5388fee1f703dae19 30 32 237 207159.911770
TRANSACTION 1587190058.748619 5d31b0c355daec40411ffca49e4152ac 11 24 60 207160.098077
TRANSACTION 1587190058.963397 c174dbe53a5172077c4e931bed5e1333 44 33 1 207160.312507
TRANSACTION 1587190058.963086 a984bab62137d4f7aade360f72fa64dd 34 10 326 207160.312646
TRANSACTION 1587190058.974032 f4607905fdf2e598566755a85cdcad79 7 32 241 207160.323181
TRANSACTION 1587190059.200432 1c600195f5bea9070d38040672f67f07 23 24 33 207160.550167
TRANSACTION 1587190059.210139 09a6412278e796090e4ec547e62b9643 31 24 410 207160.559426
TRANSACTION 1587190059.280559 a047dd61f0ed58a4e83595f8d053658b 37 44 662 207160.629997
TRANSACTION 1587190059.462480 ca445c56371370690571c9dca326b8e6 13 33 351 207160.812108
TRANSACTION 1587190059.964204 1bb7a8c37ca9a76530d3d2c1e289d39a 7 15 48 207161.313769
TRANSACTION 1587190060.400614 17dbad8a2dc9667aae73f8f1a9ea7d46 30 45 849 207161.750063
TRANSACTION 1587190060.673179 0646fbd337751e1d47fd8c6dd9b6b867 3 1 30 207162.022259
TRANSACTION 1587190060.763217 1386d7b213ffab926742289e04924b97 23 21 3 207162.112930
TRANSACTION 1587190060.808374 e5536bbfbee0fd46de1db9894fd40429 44 5 354 207162.157805
TRANSACTION 1587190060.947688 f6c040c4e42413b9c7a91e3efd6b02fd 32 10 1 207162.297416
TRANSACTION 1587190061.074303 f219ea74d288b52e3ad15b2508b7316e 5 25 1477 207162.423672
TRANSACTION 1587190061.165327 7796ed72543498565e65f38fc7db97fe 17 18 210 207162.514737
TRANSACTION 1587190061.208051 2d8a6b92e7a16a993b99ce839581231e 22 30 542 207162.558057
TRANSACTION 1587190061.331327 bdfe383a9f54bde3bfe59eed84f0622d 3 43 94 207162.680718
TRANSACTION 1587190061.385651 8b485ae43339840a1896c2aebca57b54 32 2 17 207162.734702
TRANSACTION 1587190061.551727 375bcb13be04abe428dd3cf98444e7c0 36 17 323 207162.901098
TRANSACTION 1587190061.567043 0931b1b27652d216c4e9b880f4b11f11 13 22 119 207162.916344
TRANSACTION 1587190062.313576 70fa6e59125d7ed0dc2fa4d06cf06f2a 22 39 125 207163.662895
TRANSACTION 1587190062.518448 73d55ca2d33c21c59a7e4e09407c14b5 41 32 21 207163.867880
TRANSACTION 1587190062.655468 a7da8d0ccbfe09aaa62adf424a7e7af6 31 33 126 207164.005208
TRANSACTION 1587190062.754395 2fdbf8cfa0e8862d9c8337703e9822fb 17 1 308 207164.103713
TRANSACTION 1587190062.828787 33a511149e6b5e1b44618b8355fe5075 32 5 44 207164.178116
TRANSACTION 1587190063.474256 02db668963e2dec1779d233aafa4d6a2 14 12 631 207164.823540
TRANSACTION 1587190063.978224 f7e1929b6d7202326d28778d7bcfcbd0 42 19 1 207165.328430
TRANSACTION 1587190064.335225 bf2177c4c5ed754c951fe3a63d94ca35 25 8 957 207165.684655
TRANSACTION 1587190064.379221 e66241d931fbba4c9097f5a73b864c19 19 33 1 207165.728568
TRANSACTION 1587190064.402543 530d55d65cffbd86de562b001f876594 31 41 12 207165.751882
TRANSACTION 1587190064.472520 6b7d79bbae4e6c0c5715c458466ae060 40 1 43 207165.821803
TRANSACTION 1587190064.601286 acf233723be4ad4be640c12cd2f2a0ab 29 15 285 207165.951074
TRANSACTION 1587190064.961371 381ed0e55ccecb9635d1dc47587c01fc 8 4 819 207166.310733
TRANSACTION 1587190065.200940 b296687c7e6fa06c3755638cdbbfc89f 1 11 13 207166.550395
TRANSACTION 1587190065.326857 4e0e4c548909f7e863e6716946b4cff2 25 29 536 207166.676380
TRANSACTION 1587190065.476264 7aaebdc6fec216a2f9865400c3a964b6 25 31 139 207166.825614
TRANSACTION 1587190065.712515 e2a3af52fe264d9be5af3e228bf056f6 35 31 11 207167.062230
TRANSACTION 1587190065.867206 32628add188ec32cf7e58b61a5cd9220 20 46 33 207167.216856
TRANSACTION 1587190066.084697 c30ea2f15b45da5e468af5a3adee39ac 0 45 9 207167.434153
TRANSACTION 1587190066.186142 c9b9cbef71a8ee79175f124fdd2596ad 14 44 315 207167.535648
TRANSACTION 1587190066.251222 4ab8593b00269949226b8805384381ae 12 41 479 207167.600585
TRANSACTION 1587190067.100961 c19f119dda235f94882ca5e781c0c564 34 30 71 207168.450515
TRANSACTION 1587190067.270131 f2d6f8d45d97482d3f2b451694fe75f9 9 20 81 207168.619695
TRANSACTION 1587190067.285478 c1716ea4886e9cc5f806d0dbfe936af5 29 28 43 207168.634760
TRANSACTION 1587190067.385227 1fc6f796d75edc270f885bfda312d0d4 7 32 5 207168.734925
TRANSACTION 1587190067.399640 1b1ed4f0dd507b492647e0cef7c0defb 19 12 22 207168.748859
TRANSACTION 1587190067.521612 7bd6ae3b72ece6614857565f0d6c97d8 10 37 1221 207168.871273
TRANSACTION 1587190067.703593 2fda7b291d46eeaf1edeacaf6bab509a 4 40 1560 207169.053563
TRANSACTION 1587190068.006501 4e6704f4ddd1a33987596bc42fb710d7 9 25 11 207169.355822
TRANSACTION 1587190068.460744 47750b4f578ce1c89001127fe3913b34 31 24 127 207169.810752
TRANSACTION 1587190068.806578 9e13036ef9da794a937aa8b58be9c7b3 37 10 259 207170.155963
TRANSACTION 1587190068.840211 94dd26c0d1fbeb8ae01f63a492905884 47 39 174 207170.189954
TRANSACTION 1587190069.065945 b3d5a040392b1d814dd2db3b69bf5bf0 21 11 121 207170.415390
TRANSACTION 1587190069.103347 7780ecdb259f13ec6359eefae6941573 17 44 278 207170.452766
TRANSACTION 1587190069.656099 ff315805f89052b85432d7b388326e6c 41 23 303 207171.005543
TRANSACTION 1587190069.763845 0990eb098f2f5632630f871bf28b3756 45 38 2 207171.113461
TRANSACTION 1587190069.794355 868651de8a72ffc2fe85c90fbfe4d26a 44 27 1990 207171.143697
TRANSACTION 1587190069.837704 0f0f3dc1b82d7759a69357fdc008e084 6 41 359 207171.186966
TRANSACTION 1587190070.528907 9d33bbd20980b3087c78b2488f57818d 3 46 1 207171.878758
TRANSACTION 1587190070.556237 4b0dea6c4a9095777a27419a6fa64d78 26 23 1 207171.905636
TRANSACTION 1587190071.057729 84cc33529b3bf3b9f09b6a84ee41aed0 36 34 12 207172.407244
TRANSACTION 1587190071.557695 9782930c7d350d6b23eb3a90c81234f7 43 46 145 207172.907247
TRANSACTION 1587190071.672285 cab9f0b8280e51f2d844557ccd2f14a2 45 6 7 207173.021761
TRANSACTION 1587190071.755830 9a094b6f04b1ae0e981d1edc25c5f099 0 36 445 207173.105344
TRANSACTION 1587190079.410759 5563e6fe5a7c24388468e66530b0212a 48 19 211 207180.759887
TRANSACTION 1587190083.092693 33bd3d44872e77ab67923ecc4436ca69 14 41 462 207184.441738
TRANSACTION 1587190092.187376 61c8ac27b62e81103bcbcde38820b7d1 44 12 9 207193.536419
TRANSACTION 1587190098.837725 8224c692aa015c3cca81936c5dcfcf35 30 53 265 207200.186750
TRANSACTION 1587190118.769853 edd2fac8f7994764a2ef419da62c2eaa 33 42 50 207220.118855
TRANSACTION 1587190119.822263 f52cc9e24c71dd1057473824b9b19a1a 24 45 42 207221.171313
TRANSACTION 1587190121.389160 8b83165cce0f86e297ff0852307d9dc3 11 42 32 207222.738424
TRANSACTION 1587190122.141793 cccf24cecf3ce58c4101fa6ed9ac565d 2 17 193 207223.490930
TRANSACTION 1587190130.080875 b3e8eca9d54451de72260f7de341c043 66 54 25 207231.430096
TRANSACTION 1587190132.857234 152b6afa1b129118c56f7c865d0d0b89 19 69 277 207234.206619
TRANSACTION 1587190136.033356 d36c7c72a6805e93c462320ad07ff0af 9 55 19 207237.382361
TRANSACTION 1587190137.330052 c650f5255f3b6b4b430d35088d0e4809 70 16 7 207238.679212
TRANSACTION 1587190144.589348 106ee7897f0156096fe292fac8448190 32 60 16 207245.938463
TRANSACTION 1587190145.840710 b692a07671c91355950dbf37738a1c25 63 21 516 207247.189914
TRANSACTION 1587190154.297729 4b385f567c78d3a21c77f8c7b571fd05 33 8 107 207255.646786
TRANSACTION 1587190159.539925 645179aedd858b96d83272548dbc0926 25 28 70 207260.889011
TRANSACTION 1587190163.084842 dd73ebf58feac4708bb9c63509ae7007 82 61 2 207264.433996
TRANSACTION 1587190165.423874 a42fadbbc0b696dfc05a76d4667d7e9b 33 13 1 207266.772886
TRANSACTION 1587190170.891531 ea1b0b30a9610b98cb5d0e90dad6d11c 81 64 385 207272.240500
TRANSACTION 1587190174.523229 2d9e155d76eb465cbc8cbad05043c46b 10 7 125 207275.872221
TRANSACTION 1587190174.993793 94e49d2d350c4427c0b48269ffa793f7 27 68 40 207276.343238
TRANSACTION 1587190204.999632 e32bd8a7243f672f4d4627a95b05f365 1 78 163 207306.348882
TRANSACTION 1587190206.673394 e7a16ee8e4d51d71ffd0e0f1da551f47 74 65 1355 207308.022390
