TRANSACTION 1587190006.091810 00d14eac6f1706001dac5e25097a5bc0 3 5 41 207108.336024
TRANSACTION 1587190006.525465 34fb0bb602700d3b9aa4a116ba713a31 3 8 17 207108.358464
TRANSACTION 1587190006.845755 05284cfe5bc4a9995ca13c3c72d26eb3 7 3 433 207108.358480
TRANSACTION 1587190007.001086 16a994a3dbda0a5ed6953f52d769ada9 3 9 51 207108.367788
TRANSACTION 1587190007.074403 7f669f162b94f0573a44631c3078de16 9 2 45 207108.428212
TRANSACTION 1587190007.127938 f78cede42a8f7cb7d54df01f20d20a3b 3 8 143 207108.477953
TRANSACTION 1587190007.188504 9a660a43c79fb93fec107b121c968e02 4 9 85 207108.539776
TRANSACTION 1587190007.242953 73531223ff2b1dba59accf55beb15a93 1 3 429 207108.595207
TRANSACTION 1587190007.265365 4dc8b8d82742695f2f77d12a53004441 2 8 1318 207108.618632
TRANSACTION 1587190007.273664 f2c4297f7959ea4b5fe51088806c7557 8 5 2507 207108.622896
TRANSACTION 1587190007.312984 d97d864b82099eada4ef17f0050ca013 7 6 16 207108.663292
TRANSACTION 1587190007.323417 4e8a44206c224c869d3d255ad9a7fe28 4 8 43 207108.675443
TRANSACTION 1587190007.353857 035da1977b2c5f49e4d4111fc6c552e3 9 10 11 207108.703875
TRANSACTION 1587190007.422320 eb5c2c662e9fd5f27912a42a5e508629 5 4 1065 207108.772054
TRANSACTION 1587190007.423774 a8613ad8a73ee8cb4a6b66dafe15efa1 8 3 114 207108.779677
TRANSACTION 1587190007.443091 49bc78ac0afd7bfe4142dd72e25ee419 2 9 316 207108.792716
TRANSACTION 1587190007.466430 974b07bb085aea82ddb5b3468902a86b 5 6 246 207108.815895
TRANSACTION 1587190007.472202 dba5a2226721ec6982feef54e9b5f6be 3 2 75 207108.830457
TRANSACTION 1587190007.482514 9eddabdf42a0a68003df4677e7bc2c02 8 7 1 207108.837483
TRANSACTION 1587190007.496830 362b86b9436f5485422dfc5e322d636b 5 2 620 207108.849876
TRANSACTION 1587190007.542199 aaa796a5e7d4497e425f75bb9fb27dfc 3 10 99 207108.892445
TRANSACTION 1587190007.650780 b76b188f281deb016e7932c486ee25df 9 5 114 207109.000153
TRANSACTION 1587190007.678200 c66a870663fa288a4cb55e8b23143800 3 7 455 207109.027366
TRANSACTION 1587190007.699520 91740dee9b2e66e14f8374292e4d7c56 0 6 753 207109.051018
TRANSACTION 1587190007.740889 b19c09ea3bbb1a92621d2fcb8afbc9ba 9 5 197 207109.092884
TRANSACTION 1587190007.796356 1d12066f20aa2e32bcd26c268fc9b359 10 5 106 207109.145660
TRANSACTION 1587190007.965948 0d19a24490f62110995fbd7e27ebdd5d 5 7 313 207109.318043
TRANSACTION 1587190007.973421 88a609df5893b1d7104fd6489dbecec9 6 7 473 207109.325149
TRANSACTION 1587190008.023864 366ebf1758e5ee64ce967710c51d5886 9 4 38 207109.374609
TRANSACTION 1587190008.044289 2ff1e5c3d08b428b20685e2a55d97214 2 3 372 207109.396329
TRANSACTION 1587190008.092738 12ef01f1e49ea6d8bf7b1955052675fd 9 11 15 207109.442001
TRANSACTION 1587190008.101129 788d8f182cf149fc0766803587166a5e 2 3 23 207109.452722
TRANSACTION 1587190008.252629 b1a556a1c942eddb6c92f202db7f963a 9 5 29 207109.604666
TRANSACTION 1587190008.272049 b723986204e88322b1df33ac3901eaed 9 6 3 207109.621472
TRANSACTION 1587190008.291373 26621f3c68986c122c03b7296303d694 8 6 4 207109.642729
TRANSACTION 1587190008.385816 ffea4bc28366e3990ac0d4774012aa78 10 5 4 207109.738103
TRANSACTION 1587190008.681578 db1faf32fbd3bd0da9f8de433415cfe7 11 12 11 207110.033760
TRANSACTION 1587190008.697013 eb637c37440e98bc203e016a13f4806d 11 7 3 207110.046352
TRANSACTION 1587190008.713386 ece1fce8495e0a0fa9cc190f57e540ce 10 9 7 207110.065235
TRANSACTION 1587190008.771802 9ff75fb9534e45b31775e4a2dd685821 11 5 1 207110.124395
TRANSACTION 1587190008.864313 fe6734177efd789c58543647780d8b77 3 13 238 207110.214376
TRANSACTION 1587190008.990905 9582c8aa9db86180dba30219dd69e1a0 13 14 177 207110.344167
TRANSACTION 1587190009.044404 b0415855326b5ec6cbf6673019329a50 1 9 466 207110.393444
TRANSACTION 1587190009.075822 8ff1d752808b4bb49b973c7759a5ba1d 7 11 631 207110.425531
TRANSACTION 1587190009.144252 879b1c944bb424a3dd0c7d769eae9108 11 2 209 207110.497961
TRANSACTION 1587190009.288825 1dcf17edd49f09aa065337bdf9171398 2 6 224 207110.642116
TRANSACTION 1587190009.366313 ca897c6482bf92898787223d0d484a50 2 6 134 207110.719301
TRANSACTION 1587190009.373779 8194294fdd8ca96d56e9fa1c1f48061a 1 2 46 207110.726466
TRANSACTION 1587190009.462239 03c4de758f6d6f70f3c4bbaa3b675f6d 3 13 124 207110.812780
TRANSACTION 1587190009.502724 80f26ada1ec2871c2baaea681890215f 6 9 778 207110.855742
TRANSACTION 1587190009.571203 ee8e8a9a241e87f5e384da9d569db64c 9 13 227 207110.920164
TRANSACTION 1587190009.641711 39a38e99c3277dc646cad4b7b7bc9b4b 1 3 183 207110.993232
TRANSACTION 1587190009.679143 b630dbf81206d77dbe8cddec825b7996 4 7 302 207111.028929
TRANSACTION 1587190009.724550 58bb037cd30b9e6c49c3da913e6abb18 12 15 1 207111.074350
TRANSACTION 1587190009.852087 5a813674c0e94c0a7d466a5be6cae509 8 14 1 207111.205360
TRANSACTION 1587190009.862521 5333fac3a33deb4bd602e1c8d2a34637 12 10 5 207111.217575
TRANSACTION 1587190009.881821 dc3b4f3b26d900123f48d6ef16e46c7c 5 1 280 207111.231552
TRANSACTION 1587190009.885121 9ac844c4c5307244e53ef2a02b1931e2 1 7 215 207111.245073
TRANSACTION 1587190009.967541 2206593f7edc8d601ecd147ca70b42a0 15 6 1 207111.317388
TRANSACTION 1587190009.979982 6be18ee82c31519f73269a9f9cb9c393 4 13 223 207111.329351
TRANSACTION 1587190010.007350 b369760a07d3c40c959b1751f7aab853 0 3 96 207111.356584
TRANSACTION 1587190010.052709 e85454b8bf52fd53b80d5dc710db96fc 5 8 242 207111.402716
TRANSACTION 1587190010.058053 275306193402d92d48c8ad4ce5a26f98 0 13 674 207111.412967
TRANSACTION 1587190010.195535 d4ceec5dec25d91c7a174445ef0806c6 13 2 1253 207111.546042
TRANSACTION 1587190010.269053 cc6aaa2d66172c119953fc32113104b3 11 7 145 207111.623141
TRANSACTION 1587190010.326525 c780ff449cb899ff3cb4cd3f5ba1994c 11 8 15 207111.680161
TRANSACTION 1587190010.396012 222194d2a63f2c178086f5e4af12149a 7 15 323 207111.749379
TRANSACTION 1587190010.406410 27217e366c17a0f50a5c25e8f79de66e 11 1 107 207111.759094
TRANSACTION 1587190010.449770 68bf6d38d93803d690c912d75cfe17ac 3 14 294 207111.803135
TRANSACTION 1587190010.494227 b93081aa362a7c08c859c53082a5e421 8 10 61 207111.847413
TRANSACTION 1587190010.509611 f4bc2f35a76f67e6b971018b875a5d7c 11 14 38 207111.862744
TRANSACTION 1587190010.515141 03b85fcb9ca549c2aa9d0bf5b6e34000 9 11 852 207111.864256
TRANSACTION 1587190010.514935 4e2493ed5b824652cfaf61fb2ab220b7 15 14 279 207111.865232
TRANSACTION 1587190010.535421 b1299a2cb016ac714618115067e19e2d 8 4 173 207111.887848
TRANSACTION 1587190010.542743 cb8cbfc536a0af07c4a04dd0258df4bd 5 3 178 207111.894556
TRANSACTION 1587190010.699290 bc0842161e6547509200d71ca0b3a5a0 14 1 29 207112.052411
TRANSACTION 1587190010.715740 1919db850bbc53557b68ab5621e865b8 1 12 78 207112.067511
TRANSACTION 1587190010.762090 b70e36b05728f147650734e767e2461d 1 11 10 207112.111132
TRANSACTION 1587190010.772435 400851c4215fbf9fee4fc379f46b1299 5 3 28 207112.125487
TRANSACTION 1587190010.817798 f08a1ac25a9e1ebaf33f04314924f710 15 9 16 207112.171170
TRANSACTION 1587190010.867247 6934053aee470f972514e21ea59c2dce 0 3 578 207112.216807
TRANSACTION 1587190010.872710 034aacb3cfd6755afd78df707306e8ae 15 7 11 207112.225737
TRANSACTION 1587190010.905103 3d7659324baf075bff9c222d3f35b3ff 0 8 573 207112.254552
TRANSACTION 1587190011.004690 deb5198fbe4430fba5f91aacf6195b8c 8 2 343 207112.354239
TRANSACTION 1587190011.060292 593e24838971a1d1166e482e7431abfe 8 4 15 207112.413953
TRANSACTION 1587190011.272980 a78407d0b4ed2641f18cfa4fbb7206bf 4 13 178 207112.622490
TRANSACTION 1587190011.316638 9634b6763bbfc60460b60069c2ef4df1 7 15 554 207112.668564
TRANSACTION 1587190011.383264 39444d9515aec0439cc05e2b7f2a23ad 8 11 19 207112.732429
TRANSACTION 1587190011.443868 07d8abde015c8202f53469763d14b6c6 0 14 739 207112.793993
TRANSACTION 1587190011.447345 40f8ccfd6d1cab2374bb101844321a11 15 13 116 207112.798639
TRANSACTION 1587190011.509712 5ba1b98184ffc0f1f554b73af0c298dc 3 1 260 207112.862825
TRANSACTION 1587190011.527212 080ba8f8b9668c57a2f070366254ff2d 3 16 354 207112.879486
TRANSACTION 1587190011.816857 c34a5ec25b94c5683ac507332f79e31c 5 3 4 207113.169840
TRANSACTION 1587190011.829284 c0b9b716ee1348b7afcf7e80387ee2a1 11 17 251 207113.181648
TRANSACTION 1587190011.901720 b53b6b99b062d876c06da4764caf23d0 5 16 58 207113.251137
TRANSACTION 1587190012.022287 54c122b81bcaecf48a0ef344f64ac0a5 4 3 454 207113.375444
TRANSACTION 1587190012.064774 0d3b6c57524e2e275d43195750184343 5 4 8 207113.416944
TRANSACTION 1587190012.133249 e9fa3c24a08cbcffea40ee3452c77c25 0 16 439 207113.485949
TRANSACTION 1587190012.205786 6bf80274b379b99f51cb3b809b7a29b1 15 7 304 207113.555495
TRANSACTION 1587190012.227239 70282db9ae7d170483a1bc8eca7911fd 1 5 379 207113.579766
TRANSACTION 1587190012.230604 8151efd884ccac187f2adce73fc4cfa3 15 14 134 207113.581361
TRANSACTION 1587190012.385111 bf717e358da3131783477fef5de2a933 2 15 1084 207113.734063
TRANSACTION 1587190012.466671 46e02d354017b371dccd68ee4f250eaa 9 15 168 207113.820424
TRANSACTION 1587190012.793489 71ad3e627f502e6118b581463f5acc5e 8 17 116 207114.142992
TRANSACTION 1587190012.890059 6e02ab1d6bba9386e61c9de4c5db7d06 15 6 831 207114.239410
TRANSACTION 1587190012.927525 311b435f6d7b89bfdcd0472421d31f6f 14 15 1330 207114.276990
TRANSACTION 1587190013.044078 6f00cb497854b2bbcca4fb74d26b999e 10 7 21 207114.395472
TRANSACTION 1587190013.167852 77bd6a2c9ecf50a699ae19694ff1f5ba 8 11 56 207114.521441
TRANSACTION 1587190013.180264 6a10d03f26a4ba3636007c3c8c05ae97 11 7 496 207114.529360
TRANSACTION 1587190013.183615 abb456d3e1a3c8e66b9fb65c2d27ed77 4 9 138 207114.538044
TRANSACTION 1587190013.335376 b658e52a6a759fb7200d15866ee398d8 8 15 16 207114.685111
TRANSACTION 1587190013.463962 c8f8ad95626eec70868a75420a05f0bc 1 13 115 207114.817043
TRANSACTION 1587190013.467373 d088c5684e4c7d5194a3d9ab06f530ec 10 15 25 207114.829056
TRANSACTION 1587190013.505760 ff3b5d2b801d8bdc23f2bc291cbd47d7 13 9 281 207114.858374
TRANSACTION 1587190013.522163 6285e680c85270d9d0a28d1ebf7473fa 16 5 419 207114.871711
TRANSACTION 1587190013.556551 94e50c5615ae7728d038cfecb7a5dd64 3 12 452 207114.906305
TRANSACTION 1587190013.581993 11c55ca89cbbece3144c2cfe10ef417f 14 18 208 207114.934977
TRANSACTION 1587190013.655627 1039fc89ac1b769eb86c6cbd0d827784 14 19 21 207115.008444
TRANSACTION 1587190013.716145 018f962e26775557f6dd3ad1dc2058cc 17 9 73 207115.067492
TRANSACTION 1587190013.743618 6219e451f7b96063001a8b5b5d804c69 18 19 85 207115.093367
TRANSACTION 1587190013.877139 043d4a6759b023be0d9b60f961286d0e 15 7 1219 207115.227121
TRANSACTION 1587190014.005814 2222dbd9de66caba6b0973597229f6c8 14 19 9 207115.355138
TRANSACTION 1587190014.061321 73626fcfb5b0c44c6fefa98a1e550592 9 10 95 207115.410631
TRANSACTION 1587190014.183879 745297b573cf77a6dc7fd1267f73b10d 16 15 245 207115.534407
TRANSACTION 1587190014.200287 ddc08c947578ce8d7b7ef5917deb51a1 3 7 85 207115.551920
TRANSACTION 1587190014.223663 eef7003eabaf5dcb6133a2fa73aaa711 15 4 607 207115.576581
TRANSACTION 1587190014.236038 e6e3b92b866c0740e351ffa511c334f3 13 10 46 207115.588207
TRANSACTION 1587190014.263384 8d628ff341ec7da2d984e0c226aea4c7 14 6 10 207115.613098
TRANSACTION 1587190014.288762 a898dfb72b5265f25197e3e58d0b5f43 16 19 149 207115.637626
TRANSACTION 1587190014.488355 613e6ffafcc41babf58a9170eacca454 7 15 1380 207115.841295
TRANSACTION 1587190014.522814 68718858bac8b5b8e78596cfd0663624 2 17 510 207115.875482
TRANSACTION 1587190014.571248 9e47805ca3d6756d1ae19e962f537549 5 17 471 207115.923394
TRANSACTION 1587190014.644759 5898717b6b2964031a5cb7ac4cd5744b 6 15 775 207115.998936
TRANSACTION 1587190014.649167 4273cae0c0f4b9d6c0925b1d706c9aa8 8 3 14 207116.002110
TRANSACTION 1587190014.674516 18b3e75c71ff1a5da00289b906479769 19 3 194 207116.023771
TRANSACTION 1587190014.719916 b7afe65e236c83f71b5c77181cd3bd42 4 15 483 207116.069906
TRANSACTION 1587190014.869493 dac6b175b57db62e0206e5c25379dc3f 10 17 126 207116.219500
TRANSACTION 1587190015.100228 9ed622b66709666277cb1db7abc3918b 5 15 172 207116.453581
TRANSACTION 1587190015.106699 4a406708ed07290d2e35f70f510bc2a5 7 5 520 207116.456250
TRANSACTION 1587190015.164085 7dd9d64162c194e3dd171be8c45b1ed8 12 9 261 207116.513862
TRANSACTION 1587190015.232009 aed40e872839ee0da6c4d7224e07d4f1 17 18 1265 207116.584779
TRANSACTION 1587190015.357474 403be3e3dae471fca06f530b600ccf30 6 18 113 207116.707300
TRANSACTION 1587190015.396958 f7ad68c3c819ee5917e2092cb6b68621 1 20 28 207116.746915
TRANSACTION 1587190015.422369 42ea99b060b06bb35f7a351439135ac0 15 2 2636 207116.776452
TRANSACTION 1587190015.467740 8c37c68691c567c82d29671daa4405b7 14 2 39 207116.820898
TRANSACTION 1587190015.550209 51050d5e22249c93ad7991bf9b33ecbe 19 8 20 207116.903218
TRANSACTION 1587190015.557685 59b9779b146d128ec1056eac02d77096 20 15 1 207116.908570
TRANSACTION 1587190015.615177 6c9dd88e7a6f77d4f9f95200c8db2c59 12 1 191 207116.968880
TRANSACTION 1587190015.654661 4393f61f1af355e8f414fd2088f798a6 12 6 47 207117.006496
TRANSACTION 1587190015.741221 f69f9f099715c03a3d16bf8f446834b9 19 17 1 207117.093236
TRANSACTION 1587190015.782705 873629446c67883bc926bc926c3a5907 0 7 51 207117.132170
TRANSACTION 1587190015.786077 ac6751241ea1f24f66488da21c192173 9 20 57 207117.139341
TRANSACTION 1587190015.864490 8cd79217f8197ecf7e604c01804b3a65 7 10 351 207117.213470
TRANSACTION 1587190015.917963 d600329b3f72135dc35b854accfa945b 16 19 15 207117.267700
TRANSACTION 1587190015.953427 c16715f4fd05da69b35e2ea45b8c10df 8 15 18 207117.304896
TRANSACTION 1587190016.004997 fddf7d17ff2bba9f0ff16ffe8d983f63 5 4 217 207117.354752
TRANSACTION 1587190016.030453 904a94efcc6989f59b68a21a9e5bda81 19 14 16 207117.381700
TRANSACTION 1587190016.033781 edeb603ddd26b97eaad1d6af80ccb4f3 5 6 308 207117.385841
TRANSACTION 1587190016.049064 a7aa94c5c5038aabdc482779056d8c72 18 8 1453 207117.398901
TRANSACTION 1587190016.076378 91a1fce0570f1c2b383713d3bb27acac 6 21 261 207117.425609
TRANSACTION 1587190016.122718 b647eb5a88130fba06e832e934fe3c9d 14 15 3 207117.473642
TRANSACTION 1587190016.208171 4724cb55babbed39dda46e98771c5a8f 15 8 11 207117.559562
TRANSACTION 1587190016.233871 754d11f4eabff985ebf4290da334580b 9 20 255 207117.584669
TRANSACTION 1587190016.233631 c0f3b8e6c5443a208ac9e40cf39ea7ec 17 2 99 207117.591243
TRANSACTION 1587190016.278198 94cd322fc71c5013293ddd29b32a7311 10 9 261 207117.627745
TRANSACTION 1587190016.346637 da84b428f46d3392fe998993b3ce2051 5 20 86 207117.697658
TRANSACTION 1587190016.398098 27cf14b59655889577d13cdf7b89d2be 21 13 146 207117.749154
TRANSACTION 1587190016.418491 c9e0d4ae02dcb2f45ab10a9a778eaa99 17 8 36 207117.771226
TRANSACTION 1587190016.425854 ed62f4fe60c4db9321c29d3611238210 3 8 279 207117.775283
TRANSACTION 1587190016.521566 58e7317be2f7222542604c1e7018c974 7 1 178 207117.872654
TRANSACTION 1587190016.538965 9a6c6039c0ad3d55f7be0f7a46b6fb26 16 3 15 207117.888909
TRANSACTION 1587190016.649866 947208651160affb53d9fdaacd68a2f4 2 11 1857 207118.001893
TRANSACTION 1587190016.722254 da241b0e7d41e6e713f2dc1f5c68b226 21 13 27 207118.074766
TRANSACTION 1587190016.732659 356392293863f5eab4d23b71e2b55b42 3 6 3 207118.083991
TRANSACTION 1587190016.806068 8fc7d0a21bfbb237143e23a26e9259f5 5 4 38 207118.156246
TRANSACTION 1587190016.830507 a3681bcd0fe7ddb48def4083e84bf05b 13 21 281 207118.181147
TRANSACTION 1587190016.904977 8e40eb5368295a5ccbb5578029a38ad5 7 10 121 207118.258145
TRANSACTION 1587190016.940533 427f0b36f3afeb1e629f1b61e44f11f5 14 2 2 207118.292710
TRANSACTION 1587190017.110117 298c8dee0ca7ece5e418d3fb099625e7 14 8 1 207118.463811
TRANSACTION 1587190017.147515 2e6c16c94a1e45fb95c8bed3f48189a8 19 20 3 207118.500453
TRANSACTION 1587190017.167917 50e057274fa285ab1c82ab33407cd17a 17 22 1 207118.519011
TRANSACTION 1587190017.200528 a2fab480f5f6ff1f76713e5d9e28e72c 5 19 7 207118.552695
TRANSACTION 1587190017.200303 56a0f6c923f06ce1cbe60da7c6b03180 15 6 196 207118.552705
TRANSACTION 1587190017.232846 aacaa3cdf917adbd21aa037bdfdce0ff 1 21 453 207118.583188
TRANSACTION 1587190017.445431 ba69de686d6447710b31fb2925cdb3eb 5 21 1 207118.796506
TRANSACTION 1587190017.449834 72ca889648495da54fa3022db31794c1 13 3 14 207118.803984
TRANSACTION 1587190017.579278 8f8bd08c8e55fa4d61f5671165981448 8 15 1581 207118.932353
TRANSACTION 1587190017.594782 d1b7a58760133c5de4e2af23b7ff17ec 11 19 941 207118.947065
TRANSACTION 1587190017.672215 564c99ec5f2af0a42029c546e8622b14 6 19 95 207119.024534
TRANSACTION 1587190017.675642 9525ba44d86bec1050856fedf39a6f94 8 7 56 207119.028422
TRANSACTION 1587190017.689931 f672640abc3d34ee2c9d288970b00cf9 1 6 61 207119.041429
TRANSACTION 1587190017.794386 a3bb495a1b83f3a51a9090a1991e8a56 11 3 506 207119.145689
TRANSACTION 1587190017.816816 8978fe97af4b37f5fcc5d7b1e8bbf33b 1 2 38 207119.168638
TRANSACTION 1587190017.870237 52e7c6fd508a49d73ccdbd65af206ca2 5 22 10 207119.223423
TRANSACTION 1587190017.940756 04375d8ced82bd0c2a1229e94cb506b2 10 2 180 207119.300964
TRANSACTION 1587190017.963266 f23e3b502fb2fe370d01b3759a124947 12 14 28 207119.400849
TRANSACTION 1587190017.983681 484b6e4e53ffb3ed34f4b345ff75c755 22 23 10 207119.400861
TRANSACTION 1587190018.000021 3a19ca97997d5f1698438821a8e2bbe3 17 9 1 207119.400864
TRANSACTION 1587190018.078476 0bfca005b6d0a595fb1d9f22b53580d4 21 16 495 207119.433526
TRANSACTION 1587190018.156000 1d6a75c87ae69a8723fcb8ce13e8547e 12 10 3 207119.507856
TRANSACTION 1587190018.164413 b1974a8800a7d50c83f4d7f5f3f160e2 16 23 248 207119.521853
TRANSACTION 1587190018.187735 620ce39b91f93c2ebcd5ff20a289cc80 15 11 6 207119.542579
TRANSACTION 1587190018.204094 9f1001d49fa8c939694eb2b5e063cc77 12 10 4 207119.553257
TRANSACTION 1587190018.248468 0d130ba50f16760e4d55e1e07c615a2e 18 13 391 207119.605603
TRANSACTION 1587190018.384021 68dd51d3cd57636f427e7e4b00c10c98 13 14 252 207119.740652
TRANSACTION 1587190018.406576 ad9beee86df0328520c22f31a6db36a3 19 23 389 207119.760339
TRANSACTION 1587190018.463044 02e35d1bb4f27136de4bd0d0bcba1ec4 6 4 102 207119.812306
TRANSACTION 1587190018.503509 8b554a2d12174250116a66dc60b610ef 21 2 238 207119.859705
TRANSACTION 1587190018.530956 7808514e7941208f734ac3aa03243d9b 10 1 17 207119.882083
TRANSACTION 1587190018.539372 2850b507d1c7fb2fe1f7da48a1e85702 3 13 92 207119.890592
TRANSACTION 1587190018.566709 08acc5c4cd2e61ed192d4b13bfaf007f 0 13 103 207119.920456
TRANSACTION 1587190018.606156 d2e0328326be0f8d20eb6954f1f2fc09 16 1 82 207119.963509
TRANSACTION 1587190018.698684 f46c5bba4eecba8f13e4fafcb46e5dd8 15 4 1425 207120.056363
TRANSACTION 1587190018.783240 34b386737a02419cf84f0c79b7b39244 19 9 447 207120.141010
TRANSACTION 1587190018.847231 316d1b817e5f1a3e4cc7a21b37fde431 3 21 545 207120.196562
TRANSACTION 1587190018.966811 7b018dd1638639210c0ced439f0c93c8 14 9 229 207120.323426
TRANSACTION 1587190018.978413 7313b1bed5162448c744283bcf6c9874 20 12 151 207120.338270
TRANSACTION 1587190018.979923 2584a7dd8d02d9782f83a9b9c68ba0eb 21 13 357 207120.342688
TRANSACTION 1587190019.014696 3f8e909897b0dfe8d18260a3fb811bdd 22 7 1 207120.370759
TRANSACTION 1587190019.014387 df3f69e80fd5a596115c3797e40a4025 20 7 2 207120.378262
TRANSACTION 1587190019.033997 022f01e94bd7bf60428c2d202d11b50a 1 14 29 207120.389826
TRANSACTION 1587190019.055362 050da2bff180b395ea3bfd48531e35e9 20 16 7 207120.405271
TRANSACTION 1587190019.066708 90a9101c100163930a1dbeb789716e92 2 19 253 207120.422717
TRANSACTION 1587190019.121119 35dd8759b9f2b835d3747605af101c9d 15 19 272 207120.477827
TRANSACTION 1587190019.141550 9cf9ac91d9d9214e9c6ab5315ab54c21 6 20 136 207120.491422
TRANSACTION 1587190019.143874 65312f99487927d857956c69cd8b4526 9 19 77 207120.505070
TRANSACTION 1587190019.164224 af9721685eb86adaa1e17647a6b3842a 1 4 69 207120.520292
TRANSACTION 1587190019.184748 606fbef2bf28d8e2a04f352a30cc6514 11 12 57 207120.541038
TRANSACTION 1587190019.320764 d1a50a78b140a1d846efb6040542b048 9 4 427 207120.677950
TRANSACTION 1587190019.332187 6211a5a2c03682959aab1f8ea45bb4fd 18 2 164 207120.687129
TRANSACTION 1587190019.383844 a96e1f814e3972fc6b4ab9e19e4e0309 2 9 141 207120.744740
TRANSACTION 1587190019.383564 e8f0d9c0870bf1f65f1df54622a393b4 6 7 53 207120.744749
TRANSACTION 1587190019.454253 8f25cf52279a559ee974ce89bcf168c8 8 18 119 207120.811343
TRANSACTION 1587190019.500741 62b543ae9e489fdb7ddd5a02857e540f 12 18 160 207120.857548
TRANSACTION 1587190019.576717 1b4bee49ef59a002474a8d8a20b77d7d 23 12 381 207120.937526
TRANSACTION 1587190019.575242 4df3a6132ab9e00a3123a0127dc54d80 11 12 32 207120.937537
TRANSACTION 1587190019.652129 f99d97644c62a9c742096c71b8952553 15 2 81 207121.001477
TRANSACTION 1587190019.672541 58a4190d4476e7c718070feabf9cecbc 0 21 123 207121.027365
TRANSACTION 1587190019.720919 f10fc53da150bbe5b6e53b9fcae5c4c4 4 17 57 207121.076925
TRANSACTION 1587190019.859463 e60f039ccab6b7b8d9b71936db7b04d3 3 14 74 207121.215926
TRANSACTION 1587190019.983150 68ae18f0078d4b05fcce0331657cc86d 16 14 62 207121.333730
TRANSACTION 1587190019.996394 76f21d9dce1a4e444f5a2f9fb2240c8f 16 7 44 207121.351233
TRANSACTION 1587190020.034797 3370f00fdfe20ec5f8d01bb07ca36f3c 6 16 14 207121.384290
TRANSACTION 1587190020.100299 f6151973319aa898b8b2a2ca3dfe3d3c 3 18 5 207121.449815
TRANSACTION 1587190020.241208 c95efae69b777a30abfeaf3294159ac1 19 12 366 207121.596913
TRANSACTION 1587190020.502561 30bd1be9d1d20cc249d50f57280324bd 3 11 1 207121.858950
TRANSACTION 1587190020.517028 42b8e24919491958f04e4a0db9317333 7 9 62 207121.866358
TRANSACTION 1587190020.614945 c905104eae9feeb6f3610341366e9168 11 21 618 207121.968990
TRANSACTION 1587190020.668601 3620b75ea7b0aa6efc8f0ac0ec50d268 19 7 93 207122.020521
TRANSACTION 1587190020.696095 9aef17e9c6ff56db989f01b54b1c7060 0 22 681 207122.047737
TRANSACTION 1587190020.699671 2c484db9e84e6f9f11fa87cbdcc13be7 10 23 74 207122.051326
TRANSACTION 1587190020.740062 b2baa2808d3d8a0108e3ceee0dfc1a04 12 3 818 207122.090217
TRANSACTION 1587190020.838702 8a6f73731017db620e925809c32fc357 14 3 129 207122.190795
TRANSACTION 1587190020.866203 0ee12244a2ad2a2c3ae6275b68db5554 23 17 235 207122.219051
TRANSACTION 1587190020.978647 fec0315cf91b52bb00eb60f13474bcae 18 9 72 207122.332431
TRANSACTION 1587190021.008118 d6a6dbe0d8d45ec13151477c83903480 18 16 236 207122.363191
TRANSACTION 1587190021.071025 c0dc17f7430806a924e9851874280759 6 3 3 207122.420554
TRANSACTION 1587190021.172954 9d4dcb305b9022a6ca514b405487f98c 2 11 1163 207122.523000
TRANSACTION 1587190021.283003 e13ea4c1a46b9dff0675e97fd29d70a3 21 23 494 207122.638335
TRANSACTION 1587190021.303719 05868a73feed43242255ac7e47d71571 12 19 4 207122.653616
TRANSACTION 1587190021.310080 92bda082c446fa36d5ff259bc159b851 21 22 401 207122.664529
TRANSACTION 1587190021.339503 243423c485ebaa9e93dc740f4be76c8e 17 12 192 207122.692041
TRANSACTION 1587190021.391019 643ae806e7a24d056c71edab05c24bbe 21 9 72 207122.744068
TRANSACTION 1587190021.507673 fc2e3516806cd4b9d9a9217e890ff770 23 24 1070 207122.862669
TRANSACTION 1587190021.576167 529a25bf477d7e7d2cf2b7736ce72c8f 21 8 8 207122.929044
TRANSACTION 1587190021.623727 b4f60c6cdf36bd85f45adc962e245c18 21 12 17 207122.974334
TRANSACTION 1587190021.667265 87333cc79d2f121e999b8d64e996f094 7 16 23 207123.020625
TRANSACTION 1587190021.677795 2775ff3fcb834e02cdcacb6c663b529d 18 6 2 207123.029326
TRANSACTION 1587190021.783257 1e9b173adca155a1fb32c8dfe9ef13a8 21 3 17 207123.135007
TRANSACTION 1587190021.869246 5ecf52220aeeb04ac3fd65c303eba0b6 0 18 375 207123.218231
TRANSACTION 1587190021.877313 4e8bea235943e0a3475871ddbb01d439 6 24 25 207123.227520
TRANSACTION 1587190021.954122 736c3df05c7f2179f4f260dd822bd9ae 6 13 9 207123.303819
TRANSACTION 1587190021.970712 9e332ac29868baf83069dcb99e3404ee 18 5 66 207123.325750
TRANSACTION 1587190022.018177 4f98fa47dfcccc349d9a61b9d2bf89a2 5 16 175 207123.369686
TRANSACTION 1587190022.051711 031fffce83605d0ee9f33f80b1ff95da 10 20 10 207123.401372
TRANSACTION 1587190022.125369 f94efc82fb520d6f96e333aab73ab295 3 12 36 207123.477128
TRANSACTION 1587190022.204900 ef9a8a4b642446e3a8d54794fabc5474 11 6 82 207123.556955
TRANSACTION 1587190022.278506 dfcbc600ee498ecaf0093ac0e6b53978 3 20 491 207123.632872
TRANSACTION 1587190022.399287 2bca3a8e2c4bc8d7e46de8626c20205b 3 22 161 207123.751256
TRANSACTION 1587190022.416664 dc57fc839c553a73408e4bfb2c864915 12 23 143 207123.767354
TRANSACTION 1587190022.452102 ba9617c8ea792d2b317704cbe5bae7fe 10 3 55 207123.804470
TRANSACTION 1587190022.514729 93531708292180ef0ca2ac3547952206 17 9 58 207123.867560
TRANSACTION 1587190022.704029 128aca01759a3860ce7ac211cd8f23f9 16 19 6 207124.055993
TRANSACTION 1587190022.759650 a62846b4e6237023144c6a46e13a5995 16 14 96 207124.108659
TRANSACTION 1587190023.491032 8e23ad416740e55d5756740d4dff6abe 9 20 1128 207124.840720
TRANSACTION 1587190025.908524 26358925648b05db1da3fc99dde33ee8 7 25 479 207127.257993
TRANSACTION 1587190027.665154 28d6a47b54ae40802111736974bd55a7 14 5 491 207129.014684
TRANSACTION 1587190028.035830 1514dc649466b6531fa47ba5d70bd11c 8 24 29 207129.385092
TRANSACTION 1587190028.830720 e6e6cc2ca69b99b20046497589179658 25 22 159 207130.180176
TRANSACTION 1587190029.193481 069f0eb44cd5f861da42e460d798d126 4 10 337 207130.543349
TRANSACTION 1587190029.583585 7765a5d737b126279fa40cadb2833120 3 5 20 207130.933252
TRANSACTION 1587190030.241094 6269bb7526bc56d4e47806a1fb1bcf25 22 14 69 207131.590389
TRANSACTION 1587190030.428056 45cf64b9c69dbefcc56bbdae5df833a9 26 17 219 207131.776982
TRANSACTION 1587190031.338204 4bb61c96ae1e986e38071e67cce03843 12 2 270 207132.688135
TRANSACTION 1587190031.781419 b7adeb7a626228b81ca3690bf76bdcc1 11 19 896 207133.130946
TRANSACTION 1587190031.965055 1a286e8348f5d4a3d29dbcd5f78157c1 20 24 540 207133.314383
TRANSACTION 1587190032.267834 d8cee091f573ab912d4617d59986fe1f 17 4 85 207133.618578
TRANSACTION 1587190032.751064 c5bb548b492f4d183fdca9f4cfcd087e 30 21 614 207134.100507
TRANSACTION 1587190032.976315 40b93a4379ea7d197985549ce879fd4d 20 11 261 207134.326061
TRANSACTION 1587190033.459341 245e9db29660980e4a6a4b159e7dffb5 18 14 1461 207134.808292
TRANSACTION 1587190034.098713 7099d0f21bc17cf03dc9f06d28959e54 31 24 265 207135.448056
TRANSACTION 1587190034.215899 c7a39f1c6152d87e4fc30a00c948555f 19 15 1017 207135.565991
TRANSACTION 1587190034.302952 4096977b34e97af13a9ad2ac614f5946 13 10 4 207135.652445
TRANSACTION 1587190035.750993 d7a32fce41521ea6c163ac484f419b83 17 16 4 207137.100091
TRANSACTION 1587190035.937659 42d221ea1337c66890ef35c63f3b6b79 32 3 13 207137.287161
TRANSACTION 1587190036.858899 722249d638ce84d15bdbe10c07271156 16 13 24 207138.208154
TRANSACTION 1587190037.542459 81ad82bddcc3f96019731e555e46d8e3 30 3 122 207138.891759
TRANSACTION 1587190037.576311 1465bf151619c322792b5803eb3e9d88 32 33 95 207138.925813
TRANSACTION 1587190038.293543 954b03c326bdb534111f954e8b1f1e7b 17 12 335 207139.642889
TRANSACTION 1587190038.888479 081f55872e76966b1b8d9f227c7ffce3 9 12 44 207140.238069
TRANSACTION 1587190039.239160 27fd4df200b72c93b42fcf91bb90b7f6 0 14 78 207140.588112
TRANSACTION 1587190040.590863 93b9d8ea056f516e56bc242d09823d14 13 2 49 207141.939763
TRANSACTION 1587190040.650871 e94273076fc878f71dbd37dababc31d6 31 20 53 207141.999970
TRANSACTION 1587190040.813893 31cc93780922ac74b2cbc8c016579954 26 22 92 207142.163486
TRANSACTION 1587190041.562768 1d3f739cd4d28a25a6d74c897ce7491c 33 9 2001 207142.912130
TRANSACTION 1587190041.566179 22fae156e37c9a683059ca6e4581fdaa 26 21 21 207142.915079
TRANSACTION 1587190042.529614 422c86821708363755b52627fa8cc5e6 24 23 332 207143.878951
TRANSACTION 1587190042.738466 5f16ea10caa6a38eda6d8762cad64426 9 10 52 207144.087723
TRANSACTION 1587190043.495511 c7a1592857201dbd65b80312f529f6ce 26 29 123 207144.844791
TRANSACTION 1587190044.056868 7947099992d3a4392dbb3edcb82eb1e8 21 35 25 207145.406363
TRANSACTION 1587190045.057879 18411c90bfbdafef3b0b42f638030075 18 24 82 207146.407093
TRANSACTION 1587190045.742400 cbff6ebaacc8034e893d0dcb7096a706 33 32 230 207147.091653
TRANSACTION 1587190045.832856 d26dd91a5e020370042f4dec5891fa67 28 16 1780 207147.182187
TRANSACTION 1587190046.158540 040c3b635571cda4a3b592b7d513b37b 5 26 46 207147.507901
TRANSACTION 1587190046.596308 c91723d5f5572024675b3a98abbd604f 7 31 955 207147.945825
TRANSACTION 1587190048.039016 5f1b935c02d9e268ac283184ac838271 22 34 1 207149.388561
TRANSACTION 1587190048.163318 2bfb0222a1d2646f3535214649d36bd2 8 22 1000 207149.512957
TRANSACTION 1587190048.881241 8d185ec4762e115b5b90cb5ab8e343de 24 12 22 207150.230553
TRANSACTION 1587190049.753838 f7c1d7385f066a8bb109f1286e6df08e 35 7 11 207151.103250
TRANSACTION 1587190051.087544 09ca6586563697cebfb1918eded442ba 9 7 492 207152.437126
TRANSACTION 1587190051.376114 b662a15c85db751e1da6d9444b35e106 17 21 164 207152.725738
TRANSACTION 1587190051.904812 db701d65510730255ee3f53684b1e8ca 14 39 400 207153.253941
TRANSACTION 1587190052.519746 afb3a1e0ce555855df3a038831a6906c 11 32 3 207153.868787
TRANSACTION 1587190055.974457 dc291087013bc1c27d913ca0c8c526d8 31 41 1 207157.323827
TRANSACTION 1587190056.067245 e131e09d4231d4156ed4f9823ebbf3a4 21 3 2266 207157.416323
TRANSACTION 1587190056.180773 6dbeda10c5ad8ec3313a60d48d860312 22 28 33 207157.530340
TRANSACTION 1587190056.712287 b9225a90c5d3e031c6b1cd2e9f17a620 10 17 16 207158.061169
TRANSACTION 1587190058.561301 71ab5c839125a7b5388fee1f703dae19 30 32 237 207159.911271
TRANSACTION 1587190059.309271 4504baa0c059b6294c6a8b6e092871ae 21 27 90 207160.658667
TRANSACTION 1587190061.645514 2957f97f3452647fc00723a199933819 34 20 31 207162.994740
TRANSACTION 1587190062.070227 7f77e337367092d6743ecbfa0f719d79 6 44 201 207163.419591
TRANSACTION 1587190062.655468 a7da8d0ccbfe09aaa62adf424a7e7af6 31 33 126 207164.004913
TRANSACTION 1587190063.305297 7583a13619440ce7278a62e6af562ef7 31 7 3 207164.654229
TRANSACTION 1587190063.366864 add692b3cb858932c84c875db9419a18 12 17 14 207164.715854
TRANSACTION 1587190065.200940 b296687c7e6fa06c3755638cdbbfc89f 1 11 13 207166.550546
TRANSACTION 1587190067.385227 1fc6f796d75edc270f885bfda312d0d4 7 32 5 207168.735041
TRANSACTION 1587190067.521612 7bd6ae3b72ece6614857565f0d6c97d8 10 37 1221 207168.870817
TRANSACTION 1587190068.653384 89cc387c364ffc31822f0137639151e1 26 35 1 207170.002733
TRANSACTION 1587190068.880227 ce8ad741e40d77e650ab891b0d1ea858 7 15 7 207170.229584
TRANSACTION 1587190070.556237 4b0dea6c4a9095777a27419a6fa64d78 26 23 1 207171.905878
TRANSACTION 1587190071.057729 84cc33529b3bf3b9f09b6a84ee41aed0 36 34 12 207172.407472
TRANSACTION 1587190071.755830 9a094b6f04b1ae0e981d1edc25c5f099 0 36 445 207173.105496
TRANSACTION 1587190071.817747 d1644e4da93fe8669fada6ddf988b679 46 10 303 207173.166619
TRANSACTION 1587190072.663391 accc697bc0da0d0fa770ebda96ecbbfc 4 3 1367 207174.012660
TRANSACTION 1587190072.751166 c0a0a84640f5df3a97c2d7b589d01762 5 44 38 207174.100504
TRANSACTION 1587190072.928233 d679500d49e5926878a7b97b086ae582 27 41 91 207174.277639
TRANSACTION 1587190073.045906 aa486b52446a870d91ebf6300d8d5282 30 6 349 207174.395188
TRANSACTION 1587190074.636375 e0bdac9a4e4967f84199b6d0a4366923 33 39 3531 207175.985707
TRANSACTION 1587190075.432388 b87211d3d7006765bbf283b309de6e9e 35 24 2 207176.781374
TRANSACTION 1587190075.855415 58d84885da51b5b22251f1504b0c2249 20 26 327 207177.204661
TRANSACTION 1587190076.120436 73358e79741442808ab13dde3f085754 38 43 150 207177.470073
TRANSACTION 1587190076.158893 448381125d3bdf9b5b5233aa8684b849 37 23 32 207177.508058
TRANSACTION 1587190076.676774 51e116109aad05287ddfc8588a288887 43 15 22 207178.026091
TRANSACTION 1587190076.872738 64e56de2b5ec19f4fb63626d6e5dc592 49 38 91 207178.222932
TRANSACTION 1587190076.956090 9357091e538cb96b16ce39cdac80c22b 27 45 2 207178.305340
TRANSACTION 1587190077.944414 ab4823f8ccf5a653a19efcb5edbd349e 25 33 584 207179.293428
TRANSACTION 1587190078.797958 6b6c353def4707334e604a817ca4fc77 18 11 709 207180.147222
TRANSACTION 1587190078.939880 5b408ec2a2579f41534c9b975b56a8be 2 8 208 207180.289120
TRANSACTION 1587190079.093790 3fffd2a736515a8aa9000f9c17f989e0 0 48 847 207180.442943
TRANSACTION 1587190079.735316 1d23519c84433ae5a5e9c514b1ecc247 18 50 254 207181.084559
TRANSACTION 1587190080.043713 679f1a359883e275b925d658b85f57d8 0 6 665 207181.393319
TRANSACTION 1587190081.470693 1a68d6f446b8542159586bda912aca4c 47 10 217 207182.819937
TRANSACTION 1587190081.668209 610ee3132434201587ce7516dde8aad8 22 14 37 207183.017643
TRANSACTION 1587190081.869799 b8144a5b86aee49994fa8e48dbd9a355 14 28 80 207183.218809
TRANSACTION 1587190081.924593 4b988f0c6a5715ba9139f97d16bf4671 40 39 514 207183.273870
TRANSACTION 1587190081.970137 87bc847bf1391a4f7db99c9274602f4e 4 30 284 207183.319436
TRANSACTION 1587190082.189676 40af62d021a9bec71225770a8ad30dc2 3 8 163 207183.539071
TRANSACTION 1587190082.250176 e414fcdc07a3e9dc2ce3c0531d03f909 51 17 1 207183.599535
TRANSACTION 1587190083.068235 9a1c6c11024a144ade8998bb28769f56 4 31 48 207184.417546
TRANSACTION 1587190083.925629 cf80f825e8a42193502740e6cb4273a6 34 11 35 207185.275196
TRANSACTION 1587190084.447550 54fc5de264d3d7473fe45f8ae746a773 36 47 44 207185.796979
TRANSACTION 1587190084.664954 53a9110d559d00c587b7b854ab2741e3 47 5 17 207186.014371
TRANSACTION 1587190085.432543 4f562d926c7a4b1b8d648191de815047 50 12 457 207186.781722
TRANSACTION 1587190085.804667 146f97ef3dc0b581118b359526a9935a 39 43 313 207187.154335
TRANSACTION 1587190086.376678 f06c5292ddfca9b728b861bd97d672e4 5 25 584 207187.726078
TRANSACTION 1587190086.734828 e0ba1de6d2e46b2d1281cce40e562a02 42 44 112 207188.084323
TRANSACTION 1587190086.899825 7506bc56c54fdf23b607a89e094abcdb 34 27 6 207188.249340
TRANSACTION 1587190087.422279 9b0f1ff5b0e517e1afd985fd6c30c5ff 7 5 64 207188.772384
TRANSACTION 1587190088.594854 aa88014033179fd8abbfce352e7afcc2 14 52 3 207189.944028
TRANSACTION 1587190089.095050 2979de35bdab4bd5d924bd91fe82784e 28 34 949 207190.444269
TRANSACTION 1587190089.922526 13f324172102ca8a9320b1eb7bfff846 18 44 1 207191.272200
TRANSACTION 1587190090.801094 87f03ed5cf6a7c57679cddfd5ab21d45 14 43 1 207192.150519
TRANSACTION 1587190091.105795 e985b7b98d5da46e000f1657c6febe77 31 19 1 207192.455470
TRANSACTION 1587190092.103067 e1c1ae6852e896bb71b238252e48d481 26 24 16 207193.452369
TRANSACTION 1587190092.629398 bebc35c0e2fb04665bb60f47611aa4f6 1 56 12 207193.978926
TRANSACTION 1587190092.847844 f5baa7b80261670f5a66eb97c45452f5 22 29 774 207194.196948
TRANSACTION 1587190092.879983 86bfcec15ebb467222cd172cceacd959 26 18 16 207194.229359
TRANSACTION 1587190093.664454 8142c5a466e25ee78b9a8f07a4848dbb 56 2 1376 207195.013745
TRANSACTION 1587190094.695264 4459f0291c808fd08eaf79ad400116e9 56 49 104 207196.044412
TRANSACTION 1587190094.952342 f396530744dbc44f2ed518a354b09a92 47 13 49 207196.301592
TRANSACTION 1587190095.099298 d3418aca246fcb89052412ae41b52687 43 42 3 207196.448724
TRANSACTION 1587190095.345002 f336e03b0bb71efda90b31b09f98247a 15 16 1902 207196.694470
TRANSACTION 1587190096.221672 6fe1f962cf1c11ca6d0c4b3383654837 3 15 3 207197.570928
TRANSACTION 1587190096.368380 40b884df6c033e38afd538c673748047 35 20 126 207197.717329
TRANSACTION 1587190096.713405 c1f951c2be9cf1187c25f14faadf79fa 18 56 31 207198.062823
TRANSACTION 1587190096.979160 9d333adde6e538b9520be0ae03cfa1dc 31 5 305 207198.328644
TRANSACTION 1587190097.766112 2b886ca26eeb1c7c6a669f9198e0677b 56 33 273 207199.115281
TRANSACTION 1587190098.159253 3e4099fef7bd2c222dc6f2ad329f6ba7 1 27 1 207199.508690
TRANSACTION 1587190098.336245 6d710c4fb3accffc368b3af9298791b2 43 55 5 207199.685508
TRANSACTION 1587190098.592947 752b0d29bb08bcd898bfe9ad5cc88f0a 46 26 32 207199.942353
TRANSACTION 1587190098.826358 40ec83e8f158868ee9ad791108feabc9 53 23 25 207200.175816
TRANSACTION 1587190100.040899 60be72a10bee14aefe36895f3fb5f107 2 20 76 207201.390234
TRANSACTION 1587190100.072477 23aaf262d3b337cad9600b64dd39a113 19 26 36 207201.421981
TRANSACTION 1587190100.086885 0ef66ba433521dad47e9ab00bfb332a5 6 47 665 207201.436121
TRANSACTION 1587190100.190658 2472efdf29211ef98b632c391aa8042a 60 27 502 207201.540154
TRANSACTION 1587190100.839182 3ba2b09bb64de1aa4ead7adc1fea8c44 26 48 162 207202.188580
TRANSACTION 1587190101.206251 d0566d43b4aa18eda0aabe5e79b2d616 60 37 104 207202.555469
TRANSACTION 1587190101.210562 6dd43f0ec8ad60ea003edea1b214fc3b 22 58 2 207202.559787
TRANSACTION 1587190101.761954 bc89d4e09aafefc85f44a0592a750629 15 19 293 207203.111377
TRANSACTION 1587190101.910810 c970f93da8853739d79d047c285a98ca 43 21 67 207203.260157
TRANSACTION 1587190102.311901 6fe3d72909ca2dfb138b8a89ff2a89a3 60 15 154 207203.661214
TRANSACTION 1587190102.826301 67976f75883aba1d3c52023690893643 41 7 3327 207204.175626
TRANSACTION 1587190103.252655 caa1b71d2d4a61189a26ccb2c675c50f 7 53 1833 207204.602059
TRANSACTION 1587190103.261071 422c5cbedcaf9491d6414c9bf090a63f 32 57 103 207204.610356
TRANSACTION 1587190104.079588 41488990d0bf5ffab15578b4e7bf2f5c 35 20 276 207205.428914
TRANSACTION 1587190104.207501 7d538d4b165a2ccb5359b840b45c0ed7 25 52 24 207205.556772
TRANSACTION 1587190104.279240 62509f0a2b47499679382c7434666751 13 3 21 207205.628688
TRANSACTION 1587190105.135270 ce1390fbb301bc233c32e629756b6dcc 48 13 482 207206.484802
TRANSACTION 1587190105.832308 31a25f9daee88f5ddfe8eb3307534e8f 46 2 97 207207.181935
TRANSACTION 1587190106.626825 0dad23ce494ee1cbdbc16436f3191c01 12 30 67 207207.976299
TRANSACTION 1587190106.911301 40c022857ceae753ce8c8a49e178d9d1 17 13 1812 207208.260877
TRANSACTION 1587190107.064358 74e4c0ee808564757d8a54628207feaf 35 34 52 207208.413310
TRANSACTION 1587190107.469682 6e9f6ff9a37b34e1c7dc682100dc3f5a 29 24 134 207208.818884
TRANSACTION 1587190107.508005 80e46f01349fb45b6eeaefc820abc333 26 38 36 207208.857412
TRANSACTION 1587190107.664302 23eef940e2ba7fdbfbe5496c9014cfe5 10 54 20 207209.013453
TRANSACTION 1587190108.109785 2f8e14a86e9acd26d4a6bfae13898c63 55 14 190 207209.458978
TRANSACTION 1587190108.195482 c98010aeda0cc51ba3d2ebf42e385478 48 57 1205 207209.544857
TRANSACTION 1587190108.600073 9c1ec36d32c9edc72d6a04749666e408 46 56 1 207209.949532
TRANSACTION 1587190109.418318 d5ee190cd9872e34417869d730dfa310 42 57 13 207210.767651
TRANSACTION 1587190109.668216 d9a9048f5aca977ba06f28992059c608 62 22 5 207211.017643
TRANSACTION 1587190111.439386 b3d0579a0efd203d1b4111a34d89608b 48 18 157 207212.788692
TRANSACTION 1587190112.280541 9ccbad2218bc426e5831d5667ec08f7e 53 5 732 207213.629988
TRANSACTION 1587190113.039891 422c3645961b32ff15527a5c220a0292 58 21 26 207214.389417
TRANSACTION 1587190113.094267 fbfe19fc4d11dcd488e4b7c727978591 8 11 33 207214.443594
TRANSACTION 1587190118.322421 c9282c3a000143c504a641b99144edaf 15 7 746 207219.671767
TRANSACTION 1587190119.482351 f649ebe5e98d21bfce815426833bdbe8 24 50 33 207220.831583
TRANSACTION 1587190119.505659 f601902de6ef043516364cc822a7f76d 69 57 227 207220.854793
TRANSACTION 1587190119.982308 ca151eeba424d1f667a6bb267481e732 5 19 30 207221.331286
TRANSACTION 1587190120.029072 b3d15f8052bda1ef56935e150405a6c1 26 34 1884 207221.378483
TRANSACTION 1587190120.151586 377cbd21708062c04fa9616ae69e14b0 70 68 8 207221.501130
TRANSACTION 1587190120.270920 94106d5818a8183a750f2cd55b01d1b9 56 45 45 207221.620170
TRANSACTION 1587190122.703268 1c75652e25d5b931559e3f5b60988069 68 62 191 207224.052523
TRANSACTION 1587190123.792053 eaeb5b2c83250d80a8a878a1045c33f7 57 22 339 207225.141541
TRANSACTION 1587190123.843497 abc04272bf13cb7d9b5aaf6624602a17 1 57 2 207225.192942
TRANSACTION 1587190124.620568 cf01b1ad041d7a57a1c4bb7f8e4cc397 59 50 76 207225.969783
TRANSACTION 1587190125.239578 15f44f1f7010823560a81403d84b69fc 49 15 12 207226.588467
TRANSACTION 1587190125.320665 f1de63128f7a8bff6d2a49bee8fa30d9 71 55 107 207226.669570
TRANSACTION 1587190125.611886 55511833509c4494bde66a065c0db329 65 3 12 207226.961370
TRANSACTION 1587190126.348652 d4dceaa9b65187c325a79364afd891eb 29 45 57 207227.697998
TRANSACTION 1587190126.853501 0e63122a0279e21babb6772a6da6f934 18 51 30 207228.202740
TRANSACTION 1587190129.582947 718291a96bdf21f56f29be1dff5cb157 34 57 664 207230.932350
TRANSACTION 1587190129.800669 13f8961cfc5592bf429e5a41ba69ab6a 20 74 1 207231.150205
TRANSACTION 1587190130.744582 ac84921a4d488d697ebc248a7e29316e 59 7 300 207232.093770
TRANSACTION 1587190130.781942 b49360353d3dbd8290f7d3526cb6cb75 54 36 197 207232.131577
TRANSACTION 1587190131.585322 5f8ef7fa9a5b3853d0b28ae57630feb4 61 63 393 207232.934627
TRANSACTION 1587190131.705354 4173d298ed142b2ea9cb99bc70b16deb 59 53 58 207233.054879
TRANSACTION 1587190132.600467 8c303909256c856cd4730bf370a537a2 3 18 172 207233.950097
TRANSACTION 1587190132.962573 770a7bfdd75cbdde0c62b4fd293cdf52 17 33 269 207234.312089
TRANSACTION 1587190133.528304 988460702fdba699c8dcf3c83724dc71 33 50 53 207234.877889
TRANSACTION 1587190133.775848 bf1a874a7cef8ad9642ec6fb489f1425 2 53 101 207235.125242
TRANSACTION 1587190133.851671 2c5044d4da2e506824208a9f43e61b3a 4 55 2267 207235.201010
TRANSACTION 1587190134.264530 506ea13d38d888495e00a22f83c62de8 9 58 7 207235.613891
TRANSACTION 1587190134.649713 31a339388b8b53faa1041ce4a191b4b0 74 15 1 207235.999360
TRANSACTION 1587190137.083926 31a8df86d994459826814c3a1c9a98d0 24 27 33 207238.433409
TRANSACTION 1587190137.217472 b1a9c4a836e3c609ace876679b8e66df 7 34 68 207238.567358
TRANSACTION 1587190137.518107 e5f46b5a308990f068d1ed2034c6d74f 26 29 2 207238.867299
TRANSACTION 1587190137.555456 1f324bf76df36d8daa26c492c4910681 11 48 299 207238.904907
TRANSACTION 1587190137.610172 4d3ade393f60abff30fd7d684c96e764 26 33 8 207238.959565
TRANSACTION 1587190137.828106 f5da7904b609b4c3e9065023b08fa4c0 71 5 427 207239.177526
TRANSACTION 1587190137.986149 574dc6cf899e81719f0bcfb9ca9acc63 24 40 47 207239.335479
TRANSACTION 1587190139.266258 916b5a18b65d8bde2b70915e2633bbac 66 13 911 207240.615324
TRANSACTION 1587190141.865250 fdb5b39a484cfc4ad57161216628dea0 65 17 45 207243.214456
TRANSACTION 1587190142.007879 beb10463b3e3111dbac7ab1add6e95b0 52 36 28 207243.357411
TRANSACTION 1587190142.728415 4629c22e90e396d660934ab909db0ea9 54 8 276 207244.077650
TRANSACTION 1587190143.780080 7a107e291cf19813e94e906e65dff283 74 23 529 207245.129553
TRANSACTION 1587190144.372326 5704844fd34a0e1ee00f519dfacadbfb 44 28 147 207245.721797
TRANSACTION 1587190144.975930 1bc02ca63efb49dd146680bb27083a4f 19 75 177 207246.325370
TRANSACTION 1587190146.291391 1cba95f251863e17d64d01d36704f951 27 43 27 207247.640779
TRANSACTION 1587190146.507160 9cc3f586ecaee771c09483474b485db0 13 39 1762 207247.856463
TRANSACTION 1587190148.259847 c69858e12bd65f6dacec23076757fa23 32 29 9 207249.609082
TRANSACTION 1587190148.925581 3c0182940e54d15af9ff772d6a901169 1 20 49 207250.274979
TRANSACTION 1587190149.419927 ebc0a644d2bdefc78951cd460d551288 66 23 37 207250.769319
TRANSACTION 1587190150.531429 6768fe9e7bcb51d1d8ad03ceb3618980 3 36 23 207251.880650
TRANSACTION 1587190150.532876 4cb1a15bdaf6abace9bfc2ee0bea37eb 72 69 1302 207251.882491
TRANSACTION 1587190151.850356 a4e6325b3e115330b20643530d8e65db 73 71 14 207253.199737
TRANSACTION 1587190152.523898 645c53a6ab85e0419929a3e4a41ce8f5 27 56 270 207253.873274
TRANSACTION 1587190152.938957 031103c5bda6227bdf7d68031727e5a9 57 7 587 207254.288695
TRANSACTION 1587190153.570430 4612af152332e8714e57f532794e5b2c 24 41 110 207254.919916
TRANSACTION 1587190156.029046 16d62831fbacae4ad2e889caa1a987c5 6 78 28 207257.378120
TRANSACTION 1587190156.229787 206ab1ac1f60a85fd10221e3a75a4959 77 54 768 207257.579125
TRANSACTION 1587190156.351570 3e34db0ae455629989acee26f6b68c75 21 60 100 207257.700852
TRANSACTION 1587190156.840652 85813bf5b886bdf236d7336bd7fcfc57 9 24 145 207258.189951
TRANSACTION 1587190157.150076 e8d692ffdea44d5a9ebc09214cd5a210 45 38 3 207258.499301
TRANSACTION 1587190160.663940 75dee316ee2eb98bb99fae1081f4ad6c 76 60 87 207262.013112
TRANSACTION 1587190161.222931 3c523b1bc8b5ab8e7fa27efef4503a3a 54 60 637 207262.572224
TRANSACTION 1587190161.305366 ec51a648d97d5a8a47646a523b1ff87d 8 50 39 207262.654406
TRANSACTION 1587190161.305651 c52f2184a831320637aa3bf72069861c 11 51 22 207262.654923
TRANSACTION 1587190161.603698 f7c72780a236f67c09c20d31137b2741 72 67 46 207262.953234
TRANSACTION 1587190161.968210 e86c0800df90cf5ed1cf1f19b026ee6c 43 51 52 207263.317402
TRANSACTION 1587190162.893369 c21e97fb2f17604125b7ef4c3906ef29 20 22 138 207264.242556
TRANSACTION 1587190163.274000 94b253d4a00d2bf25fef21e4767c1a2f 27 62 987 207264.623297
TRANSACTION 1587190163.299441 e8b656d774f0ed08df69a5b4b2ee9557 9 52 62 207264.648758
TRANSACTION 1587190164.280285 db3d61fcca77c2e1be7ada086cff5295 60 36 983 207265.629583
TRANSACTION 1587190164.727258 4cf52b7c8a05804168528cade9e7c538 59 28 25 207266.076782
TRANSACTION 1587190165.775460 6154a9d451720504a1dd73b4847e14e4 59 36 1 207267.124641
TRANSACTION 1587190165.912900 e933555a4b447ac8444cdcf45c5b117c 7 9 18 207267.262365
TRANSACTION 1587190166.527398 057718b1b55785533e1a66bce496a60f 81 84 33 207267.876623
TRANSACTION 1587190166.923228 93e279342a967323f565dc9a7695d2fc 63 34 583 207268.272687
TRANSACTION 1587190169.931649 63872e78804446a0048390f6757ebe7b 9 85 79 207271.280983
TRANSACTION 1587190170.091939 f95bf99b648b5bf699f925308a53afe8 78 46 75 207271.441312
TRANSACTION 1587190170.230393 cb58a1f1f8a3fc80618658c58e3d90cd 70 47 362 207271.579923
TRANSACTION 1587190171.337617 4583641af89960609cdaee8c4c280e2f 31 82 1088 207272.686838
TRANSACTION 1587190173.159367 1cd7a6adfac4494926344fc5e88df4c1 79 71 31 207274.508473
TRANSACTION 1587190173.509881 66094df1cf396fccbfe0157aea1cd847 84 53 11 207274.859216
TRANSACTION 1587190173.678741 a81d3163c0d2e4ecc8a37ffb19d03032 40 77 1 207275.028636
TRANSACTION 1587190173.993076 14f7324e3be0b3147022527a6400e556 81 5 2 207275.342352
TRANSACTION 1587190174.162974 04b20ad4265ace712d3d465d1e3733f5 82 14 835 207275.512332
TRANSACTION 1587190174.887484 611a1e8a28738fd526f5f0b73c7eef3d 63 24 119 207276.237308
TRANSACTION 1587190176.425168 d99a40efa7e84442f52d511270ac66bb 71 55 4 207277.774721
TRANSACTION 1587190176.480146 b94a5c6826f3b40f875e9b529aefa56b 85 54 42 207277.829901
TRANSACTION 1587190177.377432 55d4b9ebba0e1acb9f023750d3ea90f9 76 79 39 207278.726705
TRANSACTION 1587190178.904241 26983a4cf4ee8fb54d9ea94f7874c6d8 47 15 927 207280.253510
TRANSACTION 1587190180.633066 5f57ce6c28972a85662a57338a73b0a0 34 20 120 207281.982385
TRANSACTION 1587190181.437871 ed361c0264377856b04103cbdb085380 79 59 37 207282.787178
TRANSACTION 1587190181.916627 628673ef249bbe3de5708ba8365bae72 83 31 403 207283.266002
TRANSACTION 1587190182.132063 c69c01ce554f626efe004890b0099f5a 82 56 74 207283.481622
TRANSACTION 1587190182.341125 676bbb8ce9161a3920174ee1fc239cd5 1 67 113 207283.690661
TRANSACTION 1587190183.272730 f19beff2bc053570646386c82d38338d 65 28 11 207284.621961
TRANSACTION 1587190183.665907 37418d01980fc50c930dbe670e356086 65 90 2 207285.015147
TRANSACTION 1587190184.706954 ce4b27035e0033e13accaf8c7ed1cf69 72 10 52 207286.056292
TRANSACTION 1587190184.882108 87ef3942e1970b66de0201d9a4ae8d0d 81 54 1 207286.231698
TRANSACTION 1587190185.004856 cac81a25d2679d99c822defe64c10bd1 53 34 151 207286.354176
TRANSACTION 1587190185.989243 bbc64e70244c3cafad1565d3ab89752e 47 44 801 207287.338815
TRANSACTION 1587190186.348884 d1846981d4a1c8897296c7f591081deb 58 18 456 207287.698342
TRANSACTION 1587190186.950116 2a51d0529b173c6a044841731657b01c 57 85 119 207288.299443
TRANSACTION 1587190189.134389 a0b79a5fd8e9e14872dc07c5e803733e 49 88 14 207290.483881
TRANSACTION 1587190190.348240 f90de59809c829697747757c8a1003c7 8 41 755 207291.697561
TRANSACTION 1587190191.020118 e903058f9075b8a76cdcd6d4563307a9 20 69 23 207292.369432
TRANSACTION 1587190191.288066 b33ba71370011e0e05aadd7892129997 56 6 130 207292.637125
TRANSACTION 1587190192.081939 49de29570cfc36926d6f730278de6f89 70 10 805 207293.430844
TRANSACTION 1587190192.831619 d42637a2f6c8a7759916339736910d59 12 8 161 207294.180961
TRANSACTION 1587190192.949171 f3e6f4139ea8d62e0a6d86f24dae3bdc 57 2 164 207294.298707
TRANSACTION 1587190193.310307 8e93e39069b813ef976738d197cf9b88 71 32 9 207294.659676
TRANSACTION 1587190193.754595 8206169cce1e1669afc131d13e761768 23 8 781 207295.103731
TRANSACTION 1587190195.446502 0f0761907ea58e65426a1e991854ed78 65 37 7 207296.795556
TRANSACTION 1587190195.542900 039abd3a349253c9abe027d45f13296f 50 43 184 207296.892340
TRANSACTION 1587190197.141414 7a6a1bcaac457fd4e385cb62c365e51a 28 10 45 207298.490558
TRANSACTION 1587190197.566142 fbceee7e52e0139b064e0cf5ca49fa4b 86 21 880 207298.915342
TRANSACTION 1587190197.937841 8c41928314a231006ea90639c7f8509d 58 85 72 207299.286991
TRANSACTION 1587190198.488388 131099fd575be72557cf706fc9e6f2e4 70 42 66 207299.837497
TRANSACTION 1587190199.118435 e222090aa535a01e27b39edc3855fc59 52 19 5 207300.468030
TRANSACTION 1587190199.207213 de0685027ac60197ba68c01eb784137f 82 77 573 207300.556770
TRANSACTION 1587190199.308264 98f5ae45839d8bd5f02eeacf7e103f49 42 78 60 207300.657186
TRANSACTION 1587190199.868015 9bad32e3a3d58be40d2a65487abb717b 57 59 80 207301.217337
TRANSACTION 1587190200.153050 d3b764effaedf38973baff54fef31289 3 7 1362 207301.501996
TRANSACTION 1587190201.094794 c9c47e7868f1fbd72a8e9323eb8fbc63 30 87 52 207302.444083
TRANSACTION 1587190202.014271 c728fea2c427a3f4b0e5e0259aca7ba1 79 36 4 207303.363504
TRANSACTION 1587190202.043836 cd5ca0ed34148de6403ccfce2f9122f5 72 21 319 207303.393076
TRANSACTION 1587190204.570104 dbb64da1aedbc7f0164b3833c3bcaea2 43 83 60 207305.919531
TRANSACTION 1587190205.043589 8fb1193a479f23b4aaece18ef6e9b02e 41 34 3 207306.392740
TRANSACTION 1587190205.111976 c1c38ce2b0057bf7e0f3990ab6bab82b 11 51 11 207306.461393
TRANSACTION 1587190205.304072 304a7502871abe05a4e92cd43c3975f0 68 56 216 207306.653629
TRANSACTION 1587190206.984092 9209911332e3e8d73cc2cd92c30f5fa1 90 20 50 207308.333124
TRANSACTION 1587190207.410556 0eec194eba9837e634ee2d38748da654 19 10 54 207308.760008
TRANSACTION 1587190207.480354 fb331466fed291045a6877efeff08a73 52 87 2 207308.829681
TRANSACTION 1587190207.528747 1a501833e74d0a3910fadad7a70fdee6 34 1 2 207308.878112
TRANSACTION 1587190208.083607 ad4df6da197a66e11e77c07255865477 77 15 25 207309.433145
TRANSACTION 1587190208.174022 b929bd1498110411037a6f020681920b 18 4 105 207309.523422
TRANSACTION 1587190209.001400 6586113d1ece272dc548cf1c65e01099 33 36 337 207310.350890
TRANSACTION 1587190209.276058 9dff6fc0823013e4f4e698d54c19c8d8 12 57 106 207310.625575
TRANSACTION 1587190209.683930 ecb934ca33d33aebc2c02dc83f1977cd 30 17 227 207311.032993
TRANSACTION 1587190210.929645 d862c4f2a241cfcdc907d98d910413b7 90 49 590 207312.278932
TRANSACTION 1587190211.279599 79017945e5a3d199b91de6fbcd7af3e2 53 36 508 207312.628889
TRANSACTION 1587190211.864738 5fb0fd0f045560ff15b16b7a031a943b 37 69 41 207313.214296
