TRANSACTION 1587190006.902035 cea66084f0601313134e95840f6a04a9 6 5 16 207108.322782
TRANSACTION 1587190006.525465 34fb0bb602700d3b9aa4a116ba713a31 3 8 17 207108.346499
TRANSACTION 1587190006.845755 05284cfe5bc4a9995ca13c3c72d26eb3 7 3 433 207108.346515
TRANSACTION 1587190007.001086 16a994a3dbda0a5ed6953f52d769ada9 3 9 51 207108.359401
TRANSACTION 1587190007.074403 7f669f162b94f0573a44631c3078de16 9 2 45 207108.426758
TRANSACTION 1587190007.127938 f78cede42a8f7cb7d54df01f20d20a3b 3 8 143 207108.480324
TRANSACTION 1587190007.188504 9a660a43c79fb93fec107b121c968e02 4 9 85 207108.543899
TRANSACTION 1587190007.242953 73531223ff2b1dba59accf55beb15a93 1 3 429 207108.598162
TRANSACTION 1587190007.265365 4dc8b8d82742695f2f77d12a53004441 2 8 1318 207108.620357
TRANSACTION 1587190007.273664 f2c4297f7959ea4b5fe51088806c7557 8 5 2507 207108.627209
TRANSACTION 1587190007.312984 d97d864b82099eada4ef17f0050ca013 7 6 16 207108.667105
TRANSACTION 1587190007.323417 4e8a44206c224c869d3d255ad9a7fe28 4 8 43 207108.677849
TRANSACTION 1587190007.353857 035da1977b2c5f49e4d4111fc6c552e3 9 10 11 207108.707685
TRANSACTION 1587190007.422320 eb5c2c662e9fd5f27912a42a5e508629 5 4 1065 207108.778234
TRANSACTION 1587190007.423774 a8613ad8a73ee8cb4a6b66dafe15efa1 8 3 114 207108.778244
TRANSACTION 1587190007.443091 49bc78ac0afd7bfe4142dd72e25ee419 2 9 316 207108.796874
TRANSACTION 1587190007.466430 974b07bb085aea82ddb5b3468902a86b 5 6 246 207108.820105
TRANSACTION 1587190007.472202 dba5a2226721ec6982feef54e9b5f6be 3 2 75 207108.826377
TRANSACTION 1587190007.482514 9eddabdf42a0a68003df4677e7bc2c02 8 7 1 207108.838438
TRANSACTION 1587190007.496830 362b86b9436f5485422dfc5e322d636b 5 2 620 207108.850347
TRANSACTION 1587190007.542199 aaa796a5e7d4497e425f75bb9fb27dfc 3 10 99 207108.896801
TRANSACTION 1587190007.650780 b76b188f281deb016e7932c486ee25df 9 5 114 207109.004485
TRANSACTION 1587190007.678200 c66a870663fa288a4cb55e8b23143800 3 7 455 207109.031921
TRANSACTION 1587190007.699520 91740dee9b2e66e14f8374292e4d7c56 0 6 753 207109.053329
TRANSACTION 1587190007.740889 b19c09ea3bbb1a92621d2fcb8afbc9ba 9 5 197 207109.095405
TRANSACTION 1587190007.796356 1d12066f20aa2e32bcd26c268fc9b359 10 5 106 207109.150740
TRANSACTION 1587190007.965948 0d19a24490f62110995fbd7e27ebdd5d 5 7 313 207109.320508
TRANSACTION 1587190007.973421 88a609df5893b1d7104fd6489dbecec9 6 7 473 207109.322387
TRANSACTION 1587190008.023864 366ebf1758e5ee64ce967710c51d5886 9 4 38 207109.378001
TRANSACTION 1587190008.044289 2ff1e5c3d08b428b20685e2a55d97214 2 3 372 207109.398111
TRANSACTION 1587190008.092738 12ef01f1e49ea6d8bf7b1955052675fd 9 11 15 207109.447888
TRANSACTION 1587190008.101129 788d8f182cf149fc0766803587166a5e 2 3 23 207109.454320
TRANSACTION 1587190008.252629 b1a556a1c942eddb6c92f202db7f963a 9 5 29 207109.606894
TRANSACTION 1587190008.272049 b723986204e88322b1df33ac3901eaed 9 6 3 207109.626178
TRANSACTION 1587190008.291373 26621f3c68986c122c03b7296303d694 8 6 4 207109.644873
TRANSACTION 1587190008.385816 ffea4bc28366e3990ac0d4774012aa78 10 5 4 207109.740810
TRANSACTION 1587190008.681578 db1faf32fbd3bd0da9f8de433415cfe7 11 12 11 207110.036292
TRANSACTION 1587190008.697013 eb637c37440e98bc203e016a13f4806d 11 7 3 207110.050517
TRANSACTION 1587190008.713386 ece1fce8495e0a0fa9cc190f57e540ce 10 9 7 207110.066911
TRANSACTION 1587190008.771802 9ff75fb9534e45b31775e4a2dd685821 11 5 1 207110.126009
TRANSACTION 1587190008.864313 fe6734177efd789c58543647780d8b77 3 13 238 207110.218951
TRANSACTION 1587190008.990905 9582c8aa9db86180dba30219dd69e1a0 13 14 177 207110.345849
TRANSACTION 1587190009.044404 b0415855326b5ec6cbf6673019329a50 1 9 466 207110.398701
TRANSACTION 1587190009.075822 8ff1d752808b4bb49b973c7759a5ba1d 7 11 631 207110.429638
TRANSACTION 1587190009.144252 879b1c944bb424a3dd0c7d769eae9108 11 2 209 207110.499101
TRANSACTION 1587190009.288825 1dcf17edd49f09aa065337bdf9171398 2 6 224 207110.643257
TRANSACTION 1587190009.366313 ca897c6482bf92898787223d0d484a50 2 6 134 207110.720752
TRANSACTION 1587190009.373779 8194294fdd8ca96d56e9fa1c1f48061a 1 2 46 207110.722666
TRANSACTION 1587190009.462239 03c4de758f6d6f70f3c4bbaa3b675f6d 3 13 124 207110.817353
TRANSACTION 1587190009.502724 80f26ada1ec2871c2baaea681890215f 6 9 778 207110.856930
TRANSACTION 1587190009.571203 ee8e8a9a241e87f5e384da9d569db64c 9 13 227 207110.925929
TRANSACTION 1587190009.641711 39a38e99c3277dc646cad4b7b7bc9b4b 1 3 183 207110.995780
TRANSACTION 1587190009.679143 b630dbf81206d77dbe8cddec825b7996 4 7 302 207111.032215
TRANSACTION 1587190009.724550 58bb037cd30b9e6c49c3da913e6abb18 12 15 1 207111.076829
TRANSACTION 1587190009.852087 5a813674c0e94c0a7d466a5be6cae509 8 14 1 207111.202633
TRANSACTION 1587190009.862521 5333fac3a33deb4bd602e1c8d2a34637 12 10 5 207111.219341
TRANSACTION 1587190009.881821 dc3b4f3b26d900123f48d6ef16e46c7c 5 1 280 207111.230800
TRANSACTION 1587190009.885121 9ac844c4c5307244e53ef2a02b1931e2 1 7 215 207111.249093
TRANSACTION 1587190009.967541 2206593f7edc8d601ecd147ca70b42a0 15 6 1 207111.323213
TRANSACTION 1587190009.979982 6be18ee82c31519f73269a9f9cb9c393 4 13 223 207111.333892
TRANSACTION 1587190010.007350 b369760a07d3c40c959b1751f7aab853 0 3 96 207111.359899
TRANSACTION 1587190010.052709 e85454b8bf52fd53b80d5dc710db96fc 5 8 242 207111.405440
TRANSACTION 1587190010.058053 275306193402d92d48c8ad4ce5a26f98 0 13 674 207111.412758
TRANSACTION 1587190010.195535 d4ceec5dec25d91c7a174445ef0806c6 13 2 1253 207111.547892
TRANSACTION 1587190010.269053 cc6aaa2d66172c119953fc32113104b3 11 7 145 207111.619291
TRANSACTION 1587190010.326525 c780ff449cb899ff3cb4cd3f5ba1994c 11 8 15 207111.677417
TRANSACTION 1587190010.396012 222194d2a63f2c178086f5e4af12149a 7 15 323 207111.747645
TRANSACTION 1587190010.406410 27217e366c17a0f50a5c25e8f79de66e 11 1 107 207111.756330
TRANSACTION 1587190010.449770 68bf6d38d93803d690c912d75cfe17ac 3 14 294 207111.801256
TRANSACTION 1587190010.494227 b93081aa362a7c08c859c53082a5e421 8 10 61 207111.845859
TRANSACTION 1587190010.509611 f4bc2f35a76f67e6b971018b875a5d7c 11 14 38 207111.860853
TRANSACTION 1587190010.514935 4e2493ed5b824652cfaf61fb2ab220b7 15 14 279 207111.866757
TRANSACTION 1587190010.515141 03b85fcb9ca549c2aa9d0bf5b6e34000 9 11 852 207111.870818
TRANSACTION 1587190010.535421 b1299a2cb016ac714618115067e19e2d 8 4 173 207111.888117
TRANSACTION 1587190010.542743 cb8cbfc536a0af07c4a04dd0258df4bd 5 3 178 207111.894003
TRANSACTION 1587190010.699290 bc0842161e6547509200d71ca0b3a5a0 14 1 29 207112.051790
TRANSACTION 1587190010.715740 1919db850bbc53557b68ab5621e865b8 1 12 78 207112.067321
TRANSACTION 1587190010.762090 b70e36b05728f147650734e767e2461d 1 11 10 207112.113688
TRANSACTION 1587190010.772435 400851c4215fbf9fee4fc379f46b1299 5 3 28 207112.124219
TRANSACTION 1587190010.817798 f08a1ac25a9e1ebaf33f04314924f710 15 9 16 207112.168172
TRANSACTION 1587190010.867247 6934053aee470f972514e21ea59c2dce 0 3 578 207112.220570
TRANSACTION 1587190010.872710 034aacb3cfd6755afd78df707306e8ae 15 7 11 207112.222456
TRANSACTION 1587190010.905103 3d7659324baf075bff9c222d3f35b3ff 0 8 573 207112.258157
TRANSACTION 1587190011.004690 deb5198fbe4430fba5f91aacf6195b8c 8 2 343 207112.356064
TRANSACTION 1587190011.060292 593e24838971a1d1166e482e7431abfe 8 4 15 207112.413117
TRANSACTION 1587190011.272980 a78407d0b4ed2641f18cfa4fbb7206bf 4 13 178 207112.626676
TRANSACTION 1587190011.316638 9634b6763bbfc60460b60069c2ef4df1 7 15 554 207112.665531
TRANSACTION 1587190011.383264 39444d9515aec0439cc05e2b7f2a23ad 8 11 19 207112.736557
TRANSACTION 1587190011.443868 07d8abde015c8202f53469763d14b6c6 0 14 739 207112.797915
TRANSACTION 1587190011.447345 40f8ccfd6d1cab2374bb101844321a11 15 13 116 207112.802354
TRANSACTION 1587190011.509712 5ba1b98184ffc0f1f554b73af0c298dc 3 1 260 207112.861670
TRANSACTION 1587190011.527212 080ba8f8b9668c57a2f070366254ff2d 3 16 354 207112.876144
TRANSACTION 1587190011.816857 c34a5ec25b94c5683ac507332f79e31c 5 3 4 207113.165970
TRANSACTION 1587190011.829284 c0b9b716ee1348b7afcf7e80387ee2a1 11 17 251 207113.180758
TRANSACTION 1587190011.901720 b53b6b99b062d876c06da4764caf23d0 5 16 58 207113.255787
TRANSACTION 1587190012.022287 54c122b81bcaecf48a0ef344f64ac0a5 4 3 454 207113.374319
TRANSACTION 1587190012.064774 0d3b6c57524e2e275d43195750184343 5 4 8 207113.418643
TRANSACTION 1587190012.133249 e9fa3c24a08cbcffea40ee3452c77c25 0 16 439 207113.485718
TRANSACTION 1587190012.205786 6bf80274b379b99f51cb3b809b7a29b1 15 7 304 207113.559432
TRANSACTION 1587190012.227239 70282db9ae7d170483a1bc8eca7911fd 1 5 379 207113.578663
TRANSACTION 1587190012.230604 8151efd884ccac187f2adce73fc4cfa3 15 14 134 207113.585329
TRANSACTION 1587190012.385111 bf717e358da3131783477fef5de2a933 2 15 1084 207113.739077
TRANSACTION 1587190012.466671 46e02d354017b371dccd68ee4f250eaa 9 15 168 207113.816146
TRANSACTION 1587190012.793489 71ad3e627f502e6118b581463f5acc5e 8 17 116 207114.148307
TRANSACTION 1587190012.890059 6e02ab1d6bba9386e61c9de4c5db7d06 15 6 831 207114.243909
TRANSACTION 1587190012.927525 311b435f6d7b89bfdcd0472421d31f6f 14 15 1330 207114.282364
TRANSACTION 1587190013.044078 6f00cb497854b2bbcca4fb74d26b999e 10 7 21 207114.399459
TRANSACTION 1587190013.167852 77bd6a2c9ecf50a699ae19694ff1f5ba 8 11 56 207114.523430
TRANSACTION 1587190013.183615 abb456d3e1a3c8e66b9fb65c2d27ed77 4 9 138 207114.537188
TRANSACTION 1587190013.180264 6a10d03f26a4ba3636007c3c8c05ae97 11 7 496 207114.537198
TRANSACTION 1587190013.335376 b658e52a6a759fb7200d15866ee398d8 8 15 16 207114.689268
TRANSACTION 1587190013.463962 c8f8ad95626eec70868a75420a05f0bc 1 13 115 207114.818459
TRANSACTION 1587190013.467373 d088c5684e4c7d5194a3d9ab06f530ec 10 15 25 207114.830300
TRANSACTION 1587190013.505760 ff3b5d2b801d8bdc23f2bc291cbd47d7 13 9 281 207114.859425
TRANSACTION 1587190013.522163 6285e680c85270d9d0a28d1ebf7473fa 16 5 419 207114.875490
TRANSACTION 1587190013.556551 94e50c5615ae7728d038cfecb7a5dd64 3 12 452 207114.910422
TRANSACTION 1587190013.581993 11c55ca89cbbece3144c2cfe10ef417f 14 18 208 207114.933723
TRANSACTION 1587190013.655627 1039fc89ac1b769eb86c6cbd0d827784 14 19 21 207115.010348
TRANSACTION 1587190013.716145 018f962e26775557f6dd3ad1dc2058cc 17 9 73 207115.071220
TRANSACTION 1587190013.743618 6219e451f7b96063001a8b5b5d804c69 18 19 85 207115.097277
TRANSACTION 1587190013.877139 043d4a6759b023be0d9b60f961286d0e 15 7 1219 207115.232151
TRANSACTION 1587190014.005814 2222dbd9de66caba6b0973597229f6c8 14 19 9 207115.360828
TRANSACTION 1587190014.061321 73626fcfb5b0c44c6fefa98a1e550592 9 10 95 207115.416612
TRANSACTION 1587190014.183879 745297b573cf77a6dc7fd1267f73b10d 16 15 245 207115.538922
TRANSACTION 1587190014.200287 ddc08c947578ce8d7b7ef5917deb51a1 3 7 85 207115.554538
TRANSACTION 1587190014.223663 eef7003eabaf5dcb6133a2fa73aaa711 15 4 607 207115.578239
TRANSACTION 1587190014.236038 e6e3b92b866c0740e351ffa511c334f3 13 10 46 207115.589980
TRANSACTION 1587190014.263384 8d628ff341ec7da2d984e0c226aea4c7 14 6 10 207115.617431
TRANSACTION 1587190014.288762 a898dfb72b5265f25197e3e58d0b5f43 16 19 149 207115.642660
TRANSACTION 1587190014.488355 613e6ffafcc41babf58a9170eacca454 7 15 1380 207115.843008
TRANSACTION 1587190014.522814 68718858bac8b5b8e78596cfd0663624 2 17 510 207115.877015
TRANSACTION 1587190014.571248 9e47805ca3d6756d1ae19e962f537549 5 17 471 207115.926569
TRANSACTION 1587190014.644759 5898717b6b2964031a5cb7ac4cd5744b 6 15 775 207116.000885
TRANSACTION 1587190014.649167 4273cae0c0f4b9d6c0925b1d706c9aa8 8 3 14 207116.007197
TRANSACTION 1587190014.674516 18b3e75c71ff1a5da00289b906479769 19 3 194 207116.028687
TRANSACTION 1587190014.719916 b7afe65e236c83f71b5c77181cd3bd42 4 15 483 207116.074855
TRANSACTION 1587190014.869493 dac6b175b57db62e0206e5c25379dc3f 10 17 126 207116.224868
TRANSACTION 1587190015.100228 9ed622b66709666277cb1db7abc3918b 5 15 172 207116.462003
TRANSACTION 1587190015.106699 4a406708ed07290d2e35f70f510bc2a5 7 5 520 207116.462013
TRANSACTION 1587190015.164085 7dd9d64162c194e3dd171be8c45b1ed8 12 9 261 207116.518804
TRANSACTION 1587190015.232009 aed40e872839ee0da6c4d7224e07d4f1 17 18 1265 207116.586210
TRANSACTION 1587190015.357474 403be3e3dae471fca06f530b600ccf30 6 18 113 207116.712710
TRANSACTION 1587190015.396958 f7ad68c3c819ee5917e2092cb6b68621 1 20 28 207116.752326
TRANSACTION 1587190015.422369 42ea99b060b06bb35f7a351439135ac0 15 2 2636 207116.775361
TRANSACTION 1587190015.467740 8c37c68691c567c82d29671daa4405b7 14 2 39 207116.819889
TRANSACTION 1587190015.550209 51050d5e22249c93ad7991bf9b33ecbe 19 8 20 207116.904710
TRANSACTION 1587190015.557685 59b9779b146d128ec1056eac02d77096 20 15 1 207116.907664
TRANSACTION 1587190015.615177 6c9dd88e7a6f77d4f9f95200c8db2c59 12 1 191 207116.967817
TRANSACTION 1587190015.654661 4393f61f1af355e8f414fd2088f798a6 12 6 47 207117.003777
TRANSACTION 1587190015.741221 f69f9f099715c03a3d16bf8f446834b9 19 17 1 207117.096002
TRANSACTION 1587190015.782705 873629446c67883bc926bc926c3a5907 0 7 51 207117.137420
TRANSACTION 1587190015.786077 ac6751241ea1f24f66488da21c192173 9 20 57 207117.137430
TRANSACTION 1587190015.864490 8cd79217f8197ecf7e604c01804b3a65 7 10 351 207117.219016
TRANSACTION 1587190015.917963 d600329b3f72135dc35b854accfa945b 16 19 15 207117.270368
TRANSACTION 1587190015.953427 c16715f4fd05da69b35e2ea45b8c10df 8 15 18 207117.307289
TRANSACTION 1587190016.004997 fddf7d17ff2bba9f0ff16ffe8d983f63 5 4 217 207117.357084
TRANSACTION 1587190016.033781 edeb603ddd26b97eaad1d6af80ccb4f3 5 6 308 207117.384540
TRANSACTION 1587190016.030453 904a94efcc6989f59b68a21a9e5bda81 19 14 16 207117.384556
TRANSACTION 1587190016.049064 a7aa94c5c5038aabdc482779056d8c72 18 8 1453 207117.400714
TRANSACTION 1587190016.076378 91a1fce0570f1c2b383713d3bb27acac 6 21 261 207117.429820
TRANSACTION 1587190016.122718 b647eb5a88130fba06e832e934fe3c9d 14 15 3 207117.471628
TRANSACTION 1587190016.208171 4724cb55babbed39dda46e98771c5a8f 15 8 11 207117.563129
TRANSACTION 1587190016.233871 754d11f4eabff985ebf4290da334580b 9 20 255 207117.584072
TRANSACTION 1587190016.233631 c0f3b8e6c5443a208ac9e40cf39ea7ec 17 2 99 207117.594638
TRANSACTION 1587190016.278198 94cd322fc71c5013293ddd29b32a7311 10 9 261 207117.632179
TRANSACTION 1587190016.346637 da84b428f46d3392fe998993b3ce2051 5 20 86 207117.700365
TRANSACTION 1587190016.398098 27cf14b59655889577d13cdf7b89d2be 21 13 146 207117.751331
TRANSACTION 1587190016.418491 c9e0d4ae02dcb2f45ab10a9a778eaa99 17 8 36 207117.767548
TRANSACTION 1587190016.425854 ed62f4fe60c4db9321c29d3611238210 3 8 279 207117.776234
TRANSACTION 1587190016.521566 58e7317be2f7222542604c1e7018c974 7 1 178 207117.871412
TRANSACTION 1587190016.538965 9a6c6039c0ad3d55f7be0f7a46b6fb26 16 3 15 207117.889751
TRANSACTION 1587190016.649866 947208651160affb53d9fdaacd68a2f4 2 11 1857 207118.004120
TRANSACTION 1587190016.722254 da241b0e7d41e6e713f2dc1f5c68b226 21 13 27 207118.071858
TRANSACTION 1587190016.732659 356392293863f5eab4d23b71e2b55b42 3 6 3 207118.082281
TRANSACTION 1587190016.806068 8fc7d0a21bfbb237143e23a26e9259f5 5 4 38 207118.159339
TRANSACTION 1587190016.830507 a3681bcd0fe7ddb48def4083e84bf05b 13 21 281 207118.183125
TRANSACTION 1587190016.904977 8e40eb5368295a5ccbb5578029a38ad5 7 10 121 207118.257439
TRANSACTION 1587190016.940533 427f0b36f3afeb1e629f1b61e44f11f5 14 2 2 207118.294604
TRANSACTION 1587190017.110117 298c8dee0ca7ece5e418d3fb099625e7 14 8 1 207118.462016
TRANSACTION 1587190017.147515 2e6c16c94a1e45fb95c8bed3f48189a8 19 20 3 207118.498958
TRANSACTION 1587190017.167917 50e057274fa285ab1c82ab33407cd17a 17 22 1 207118.518706
TRANSACTION 1587190017.200528 a2fab480f5f6ff1f76713e5d9e28e72c 5 19 7 207118.552299
TRANSACTION 1587190017.200303 56a0f6c923f06ce1cbe60da7c6b03180 15 6 196 207118.553641
TRANSACTION 1587190017.232846 aacaa3cdf917adbd21aa037bdfdce0ff 1 21 453 207118.582864
TRANSACTION 1587190017.445431 ba69de686d6447710b31fb2925cdb3eb 5 21 1 207118.798330
TRANSACTION 1587190017.449834 72ca889648495da54fa3022db31794c1 13 3 14 207118.805507
TRANSACTION 1587190017.579278 8f8bd08c8e55fa4d61f5671165981448 8 15 1581 207118.928499
TRANSACTION 1587190017.594782 d1b7a58760133c5de4e2af23b7ff17ec 11 19 941 207118.948511
TRANSACTION 1587190017.675642 9525ba44d86bec1050856fedf39a6f94 8 7 56 207119.026512
TRANSACTION 1587190017.672215 564c99ec5f2af0a42029c546e8622b14 6 19 95 207119.029303
TRANSACTION 1587190017.689931 f672640abc3d34ee2c9d288970b00cf9 1 6 61 207119.041126
TRANSACTION 1587190017.794386 a3bb495a1b83f3a51a9090a1991e8a56 11 3 506 207119.148145
TRANSACTION 1587190017.816816 8978fe97af4b37f5fcc5d7b1e8bbf33b 1 2 38 207119.166752
TRANSACTION 1587190017.870237 52e7c6fd508a49d73ccdbd65af206ca2 5 22 10 207119.222786
TRANSACTION 1587190017.940756 04375d8ced82bd0c2a1229e94cb506b2 10 2 180 207119.291817
TRANSACTION 1587190017.963266 f23e3b502fb2fe370d01b3759a124947 12 14 28 207119.370582
TRANSACTION 1587190017.983681 484b6e4e53ffb3ed34f4b345ff75c755 22 23 10 207119.370592
TRANSACTION 1587190018.000021 3a19ca97997d5f1698438821a8e2bbe3 17 9 1 207119.385210
TRANSACTION 1587190018.078476 0bfca005b6d0a595fb1d9f22b53580d4 21 16 495 207119.430133
TRANSACTION 1587190018.156000 1d6a75c87ae69a8723fcb8ce13e8547e 12 10 3 207119.506246
TRANSACTION 1587190018.164413 b1974a8800a7d50c83f4d7f5f3f160e2 16 23 248 207119.514018
TRANSACTION 1587190018.187735 620ce39b91f93c2ebcd5ff20a289cc80 15 11 6 207119.541733
TRANSACTION 1587190018.204094 9f1001d49fa8c939694eb2b5e063cc77 12 10 4 207119.556771
TRANSACTION 1587190018.248468 0d130ba50f16760e4d55e1e07c615a2e 18 13 391 207119.599416
TRANSACTION 1587190018.384021 68dd51d3cd57636f427e7e4b00c10c98 13 14 252 207119.736729
TRANSACTION 1587190018.406576 ad9beee86df0328520c22f31a6db36a3 19 23 389 207119.758913
TRANSACTION 1587190018.463044 02e35d1bb4f27136de4bd0d0bcba1ec4 6 4 102 207119.815884
TRANSACTION 1587190018.503509 8b554a2d12174250116a66dc60b610ef 21 2 238 207119.855604
TRANSACTION 1587190018.530956 7808514e7941208f734ac3aa03243d9b 10 1 17 207119.882903
TRANSACTION 1587190018.539372 2850b507d1c7fb2fe1f7da48a1e85702 3 13 92 207119.891367
TRANSACTION 1587190018.566709 08acc5c4cd2e61ed192d4b13bfaf007f 0 13 103 207119.918847
TRANSACTION 1587190018.606156 d2e0328326be0f8d20eb6954f1f2fc09 16 1 82 207119.958742
TRANSACTION 1587190018.698684 f46c5bba4eecba8f13e4fafcb46e5dd8 15 4 1425 207120.049001
TRANSACTION 1587190018.783240 34b386737a02419cf84f0c79b7b39244 19 9 447 207120.134961
TRANSACTION 1587190018.847231 316d1b817e5f1a3e4cc7a21b37fde431 3 21 545 207120.200596
TRANSACTION 1587190018.966811 7b018dd1638639210c0ced439f0c93c8 14 9 229 207120.316540
TRANSACTION 1587190018.978413 7313b1bed5162448c744283bcf6c9874 20 12 151 207120.328723
TRANSACTION 1587190018.979923 2584a7dd8d02d9782f83a9b9c68ba0eb 21 13 357 207120.329653
TRANSACTION 1587190019.014387 df3f69e80fd5a596115c3797e40a4025 20 7 2 207120.365166
TRANSACTION 1587190019.014696 3f8e909897b0dfe8d18260a3fb811bdd 22 7 1 207120.374639
TRANSACTION 1587190019.033997 022f01e94bd7bf60428c2d202d11b50a 1 14 29 207120.383694
TRANSACTION 1587190019.055362 050da2bff180b395ea3bfd48531e35e9 20 16 7 207120.408360
TRANSACTION 1587190019.066708 90a9101c100163930a1dbeb789716e92 2 19 253 207120.418009
TRANSACTION 1587190019.121119 35dd8759b9f2b835d3747605af101c9d 15 19 272 207120.472483
TRANSACTION 1587190019.143874 65312f99487927d857956c69cd8b4526 9 19 77 207120.495252
TRANSACTION 1587190019.141550 9cf9ac91d9d9214e9c6ab5315ab54c21 6 20 136 207120.498249
TRANSACTION 1587190019.164224 af9721685eb86adaa1e17647a6b3842a 1 4 69 207120.514317
TRANSACTION 1587190019.184748 606fbef2bf28d8e2a04f352a30cc6514 11 12 57 207120.534878
TRANSACTION 1587190019.320764 d1a50a78b140a1d846efb6040542b048 9 4 427 207120.673615
TRANSACTION 1587190019.332187 6211a5a2c03682959aab1f8ea45bb4fd 18 2 164 207120.682077
TRANSACTION 1587190019.383844 a96e1f814e3972fc6b4ab9e19e4e0309 2 9 141 207120.736253
TRANSACTION 1587190019.383564 e8f0d9c0870bf1f65f1df54622a393b4 6 7 53 207120.736262
TRANSACTION 1587190019.454253 8f25cf52279a559ee974ce89bcf168c8 8 18 119 207120.804412
TRANSACTION 1587190019.500741 62b543ae9e489fdb7ddd5a02857e540f 12 18 160 207120.850026
TRANSACTION 1587190019.575242 4df3a6132ab9e00a3123a0127dc54d80 11 12 32 207120.925294
TRANSACTION 1587190019.576717 1b4bee49ef59a002474a8d8a20b77d7d 23 12 381 207120.927221
TRANSACTION 1587190019.652129 f99d97644c62a9c742096c71b8952553 15 2 81 207121.004112
TRANSACTION 1587190019.672541 58a4190d4476e7c718070feabf9cecbc 0 21 123 207121.021691
TRANSACTION 1587190019.720919 f10fc53da150bbe5b6e53b9fcae5c4c4 4 17 57 207121.070957
TRANSACTION 1587190019.859463 e60f039ccab6b7b8d9b71936db7b04d3 3 14 74 207121.213338
TRANSACTION 1587190019.983150 68ae18f0078d4b05fcce0331657cc86d 16 14 62 207121.340381
TRANSACTION 1587190019.996394 76f21d9dce1a4e444f5a2f9fb2240c8f 16 7 44 207121.346282
TRANSACTION 1587190020.034797 3370f00fdfe20ec5f8d01bb07ca36f3c 6 16 14 207121.387486
TRANSACTION 1587190020.100299 f6151973319aa898b8b2a2ca3dfe3d3c 3 18 5 207121.450656
TRANSACTION 1587190020.241208 c95efae69b777a30abfeaf3294159ac1 19 12 366 207121.594044
TRANSACTION 1587190020.382796 740f5bbddf4a3fecabde1c50e8bf0356 7 5 109 207121.735054
TRANSACTION 1587190020.502561 30bd1be9d1d20cc249d50f57280324bd 3 11 1 207121.854624
TRANSACTION 1587190020.517028 42b8e24919491958f04e4a0db9317333 7 9 62 207121.867092
TRANSACTION 1587190020.523475 67b3574b9cfc8258625b25285f5e630a 16 23 10 207121.872730
TRANSACTION 1587190020.614945 c905104eae9feeb6f3610341366e9168 11 21 618 207121.970530
TRANSACTION 1587190020.668601 3620b75ea7b0aa6efc8f0ac0ec50d268 19 7 93 207122.023859
TRANSACTION 1587190020.699671 2c484db9e84e6f9f11fa87cbdcc13be7 10 23 74 207122.049685
TRANSACTION 1587190020.950140 02ea011b3f45418a3f401f19cfcb090c 13 5 62 207122.299711
TRANSACTION 1587190020.978647 fec0315cf91b52bb00eb60f13474bcae 18 9 72 207122.331679
TRANSACTION 1587190021.008118 d6a6dbe0d8d45ec13151477c83903480 18 16 236 207122.358410
TRANSACTION 1587190021.283003 e13ea4c1a46b9dff0675e97fd29d70a3 21 23 494 207122.633455
TRANSACTION 1587190021.310080 92bda082c446fa36d5ff259bc159b851 21 22 401 207122.659976
TRANSACTION 1587190021.391019 643ae806e7a24d056c71edab05c24bbe 21 9 72 207122.740707
TRANSACTION 1587190021.507673 fc2e3516806cd4b9d9a9217e890ff770 23 24 1070 207122.857878
TRANSACTION 1587190021.576167 529a25bf477d7e7d2cf2b7736ce72c8f 21 8 8 207122.925553
TRANSACTION 1587190021.667265 87333cc79d2f121e999b8d64e996f094 7 16 23 207123.017712
TRANSACTION 1587190021.970712 9e332ac29868baf83069dcb99e3404ee 18 5 66 207123.322203
TRANSACTION 1587190022.204900 ef9a8a4b642446e3a8d54794fabc5474 11 6 82 207123.555341
TRANSACTION 1587190022.278506 dfcbc600ee498ecaf0093ac0e6b53978 3 20 491 207123.629673
TRANSACTION 1587190022.411873 7a7dbbc10f4980838c50801edca1770f 0 14 812 207123.761047
TRANSACTION 1587190022.416435 5f07337768ef85884f7785d67ef18548 14 15 563 207123.766430
TRANSACTION 1587190022.514729 93531708292180ef0ca2ac3547952206 17 9 58 207123.864353
TRANSACTION 1587190022.788275 6352359d6afc1edebe8a832606271a1f 16 11 133 207124.138645
TRANSACTION 1587190023.009409 c4224d4c6e0f29a0c510a2c43d780aff 0 14 798 207124.359294
TRANSACTION 1587190023.184745 bee098cc466d302423f56a2072ce2166 0 19 654 207124.535039
TRANSACTION 1587190023.491032 8e23ad416740e55d5756740d4dff6abe 9 20 1128 207124.841413
TRANSACTION 1587190024.136959 bfedd8e719ee8b0a01d93b052f61b324 18 19 942 207125.486464
TRANSACTION 1587190024.187881 cefded37ce62792ca62868251261dc1a 10 7 2 207125.538060
TRANSACTION 1587190024.254041 0f660dca2897ec25b34d410c1a5be00b 16 11 301 207125.603595
TRANSACTION 1587190024.374495 a9667c9ccbb7019035c7aa9c1b827d50 2 18 188 207125.723805
TRANSACTION 1587190024.495066 c2416f73f6572ddac2c6fd3d55d338be 3 5 233 207125.845391
TRANSACTION 1587190025.711085 9ae1a8816b246407728d3e97eae3fc89 20 24 161 207127.061618
TRANSACTION 1587190025.816993 69073879a71e623629ba6728d63ebd9c 5 11 86 207127.166579
TRANSACTION 1587190026.025581 f7746d8650cb1b43af5ce439a5f95300 18 14 11 207127.375129
TRANSACTION 1587190026.191675 c5abb2af22bd7e5d4ce484c24bf302d0 7 22 27 207127.542426
TRANSACTION 1587190026.579969 74cef1cc03c5665f81132eef853febcd 7 12 2 207127.930911
TRANSACTION 1587190026.687782 cfe42eea8f33822bcce875e0bffe0920 18 21 10 207128.038267
TRANSACTION 1587190027.057245 36ccd170b540722231342a56fb0b53c7 2 13 82 207128.407124
TRANSACTION 1587190027.586682 f33407ed4f930cc09e3744cae1b9c4e0 17 3 302 207128.936304
TRANSACTION 1587190027.794136 6cb554d91eb2d55e7a0e0a0a4e39a774 0 6 402 207129.143689
TRANSACTION 1587190027.937605 7e3154617fbb3591af7096e54f1bc7fc 25 11 3 207129.287772
TRANSACTION 1587190028.054802 8ef0cb48046a9046fccfa713961672d7 19 5 1104 207129.405902
TRANSACTION 1587190028.332290 4c5acae72e17b9ef472b7941af4c02a5 26 2 209 207129.683172
TRANSACTION 1587190029.193481 069f0eb44cd5f861da42e460d798d126 4 10 337 207130.543804
TRANSACTION 1587190029.385798 f5518724c28da9ba9a96dadc59bb627d 3 16 80 207130.735157
TRANSACTION 1587190029.474654 ac9f960e889f7f8e3448de024a96a369 21 6 324 207130.824788
TRANSACTION 1587190029.825027 5c89bd524dc1b3f11d5c65597a7b21ca 11 13 716 207131.174809
TRANSACTION 1587190029.849451 8370635da8d91b9d8029fdceb09ba6cd 17 19 5 207131.200494
TRANSACTION 1587190029.917884 10837da6834fb8af2c873f8c6b551c8e 3 16 4 207131.268128
TRANSACTION 1587190030.026439 fa0f48db699654f01eb828a27bc963b9 20 14 1 207131.376453
TRANSACTION 1587190030.221612 29dd5713cd1c653d02546deb13e626d9 1 28 94 207131.570698
TRANSACTION 1587190030.317957 2cfe208fb42ceeb27a404d22b8d6643e 28 19 50 207131.667944
TRANSACTION 1587190030.380745 a7d39775f0ba9c3afc7b793e2619999f 2 27 329 207131.730479
TRANSACTION 1587190030.554858 2497e1c858f8e8b746eb62a296d7e168 5 1 528 207131.904951
TRANSACTION 1587190030.595604 0f4d08ea58d4b3fcd02f769ece472943 8 14 28 207131.944681
TRANSACTION 1587190030.837712 f5c2339f6cd9cfe6a7fc17381292d260 5 23 320 207132.188925
TRANSACTION 1587190031.022019 2deade9c23de837c08c906e314bcb4b0 25 19 10 207132.372769
TRANSACTION 1587190031.338204 4bb61c96ae1e986e38071e67cce03843 12 2 270 207132.688895
TRANSACTION 1587190031.462240 0ea369a7aa978f4b3cc52049e5f02840 3 12 1 207132.813259
TRANSACTION 1587190031.464578 c79a9a176b980cbb1668d3c43a7fa662 2 6 265 207132.814528
TRANSACTION 1587190031.867291 41aeafe2c8ab06b231ca8e4200679daa 1 20 68 207133.217965
TRANSACTION 1587190031.965055 1a286e8348f5d4a3d29dbcd5f78157c1 20 24 540 207133.315759
TRANSACTION 1587190032.638868 1b3c769891ce276ec984f7e901aa6f1e 30 10 210 207133.988961
TRANSACTION 1587190032.649244 ff4a0add73741b36381582a6bb535355 4 27 353 207133.998769
TRANSACTION 1587190032.751452 1d091dc1fb283eaa64fbefff50ca6f2d 4 18 66 207134.101043
TRANSACTION 1587190032.765052 6872aac7430fd1c66d8ce4d5a558e836 30 8 28 207134.114219
TRANSACTION 1587190032.976315 40b93a4379ea7d197985549ce879fd4d 20 11 261 207134.326632
TRANSACTION 1587190033.050891 42135c29cdb17e0af90a65d7ecfebc43 15 9 934 207134.401085
TRANSACTION 1587190033.182102 38d1718eeb656e757162c26875a40d0f 23 3 182 207134.532484
TRANSACTION 1587190033.274737 e58130a8a245726b8bc94f60483dfa7a 3 4 70 207134.624422
TRANSACTION 1587190033.440712 9742b73bf55e8724f03945527e803f6b 23 31 38 207134.791429
TRANSACTION 1587190033.448987 ab66292ef944a72e2c17991d63517fd5 21 23 20 207134.798533
TRANSACTION 1587190033.621704 3fb7f7f971b85401b5258ebc82af2c9b 23 9 68 207134.970948
TRANSACTION 1587190034.067308 bc0064e5f3fd86b2528761611ee7acdc 12 15 3 207135.417158
TRANSACTION 1587190034.138084 b2187560a920955115477a3b498911db 30 1 33 207135.488437
TRANSACTION 1587190034.215899 c7a39f1c6152d87e4fc30a00c948555f 19 15 1017 207135.566975
TRANSACTION 1587190034.255585 ad178ea29286badeadc094d22cc599a2 27 22 503 207135.606878
TRANSACTION 1587190034.438455 416d44baa36045a0590c63f4011e64a1 20 14 22 207135.788996
TRANSACTION 1587190034.594362 0492fa621114abc283e42993f3016346 21 24 20 207135.945637
TRANSACTION 1587190034.921508 ac997a5adfe37488121eeaa791147198 13 29 108 207136.273202
TRANSACTION 1587190035.000841 555f97030bd82406604a609ae367c628 11 5 164 207136.351003
TRANSACTION 1587190035.042494 77c95582906d03918ec38a5236c90c2b 13 18 95 207136.393321
TRANSACTION 1587190035.117902 34f755ffb5b2d83b6f5251f00a70b2e4 12 6 48 207136.468085
TRANSACTION 1587190035.130275 66ce78b32df5c71e09ad454dea026868 17 20 2 207136.479920
TRANSACTION 1587190035.351642 4c8c93ffae8353dc43e0afda3ce043d4 27 4 107 207136.702283
TRANSACTION 1587190035.403157 befa8ea50a301daf3c5858275bcc7bf0 5 15 90 207136.752975
TRANSACTION 1587190035.750993 d7a32fce41521ea6c163ac484f419b83 17 16 4 207137.101733
TRANSACTION 1587190035.803777 efda8e836aa50c8c11ae1fccd819fd46 31 17 289 207137.154323
TRANSACTION 1587190036.389711 42f074d7c29a4a2055a8ebac4260b485 3 33 2332 207137.740281
TRANSACTION 1587190036.431468 44a514db3c613800e819d491493a0cfa 8 19 1282 207137.781122
TRANSACTION 1587190036.635547 daa08924d7c4312ec7990ec3180798b0 24 30 709 207137.985095
TRANSACTION 1587190037.276625 be7abad1d7957bad9b044e303f9bafc3 15 32 308 207138.626184
TRANSACTION 1587190037.340794 73f4128b720f37559a7b1c414d2ae9f0 2 15 87 207138.690865
TRANSACTION 1587190037.442009 663a115fb1a1e007982f2cdc6a43b54c 4 7 171 207138.790972
TRANSACTION 1587190037.487755 d1115079a55448a84d336ffadaa608aa 32 18 227 207138.838369
TRANSACTION 1587190037.512057 bf161e5b73dac33c7b7c29e0dab9dcdb 9 12 51 207138.861938
TRANSACTION 1587190037.623287 6b8101bfad05970ade8952e5df40f5bf 33 34 1090 207138.973496
TRANSACTION 1587190039.171425 43557004202f1b94427a6b7745e44274 32 21 54 207140.520545
TRANSACTION 1587190046.244799 fec6abadf5933f8f85c343c6e56e1de6 16 31 1603 207147.593881
TRANSACTION 1587190047.000515 8e7a24c3d9978283a3710c098d6eadf3 31 26 3343 207148.349550
TRANSACTION 1587190048.263635 6b26e50a0477285452f54add31891119 1 22 7 207149.612738
TRANSACTION 1587190048.876872 5267da1d8ab3539d117c60127154f848 1 30 14 207150.225922
TRANSACTION 1587190061.690956 70efc8b6764267dbf560f42934ede2ad 25 3 316 207163.040001
TRANSACTION 1587190061.856066 251f4fb578f55e642608a15d4ecbe20e 27 34 91 207163.205044
TRANSACTION 1587190065.884020 1686c37dd7a94451012f293352e63c8a 45 47 29 207167.232996
TRANSACTION 1587190074.758760 6a04d0d68d705f71eb68a1e200c7a3ec 3 18 1054 207176.107888
TRANSACTION 1587190085.493265 97e95dac338ebd04e4294d41866f63da 18 31 20 207186.842235
TRANSACTION 1587190094.852405 2c1f9f363dc7f512cf929135438c59a4 33 48 634 207196.201438
TRANSACTION 1587190097.754696 91030d802257362ac89256c40985859b 52 28 525 207199.103800
TRANSACTION 1587190102.444840 1d76ed1074d1244e43026254ef66b9a6 11 32 294 207203.794002
TRANSACTION 1587190104.800501 57208cffd073e7080b977d3befc1ee7e 65 49 51 207206.149754
TRANSACTION 1587190105.298377 9a792a81c34b66604921d4a2cb4b7c62 33 15 21 207206.647354
TRANSACTION 1587190106.978122 be7a36489754cdd51450d2cd2b3ddb0d 40 16 28 207208.327335
TRANSACTION 1587190108.912205 2108b90d013c1aca9089beaaaa3833aa 65 13 57 207210.261313
TRANSACTION 1587190115.865342 8ae47a5943c539a5ca4e02b85ec47f3b 24 11 140 207217.214584
TRANSACTION 1587190117.248845 34995a530694100084a9bcae78411315 5 32 176 207218.598070
TRANSACTION 1587190117.589760 e1007ddfe3c37e3d302c456d1e11bf29 63 9 157 207218.938761
TRANSACTION 1587190118.035197 949df3aa254120ec32ef9564b34e5ca1 28 55 44 207219.384274
TRANSACTION 1587190119.302973 8f1a3bc79d497df4e27ea609fa9039fe 33 53 664 207220.652021
TRANSACTION 1587190119.389860 56878c34fca4a3bebf983c360186f0ea 40 64 96 207220.738904
TRANSACTION 1587190121.789122 449358a1ecfbd3f1355aa67957157231 51 5 180 207223.138253
TRANSACTION 1587190135.799171 f10ec2413028d3949f3aa1f45e3c609e 28 13 456 207237.148211
TRANSACTION 1587190136.201310 2db311f6a741969bd3f26f0b8e50e73a 32 62 11 207237.550902
TRANSACTION 1587190142.874246 5822498d9ee6b7d600c78274a34de19d 20 21 2 207244.223466
TRANSACTION 1587190161.091535 e26ee55c64615719f18d3f8fcc8b8737 73 62 5 207262.440647
TRANSACTION 1587190162.930782 6a02ab58142aa39dae0cb047f5fcd0b3 25 13 31 207264.279846
TRANSACTION 1587190164.818640 00230b2551fd8dd831912ec225a2667a 33 20 9 207266.167757
TRANSACTION 1587190188.130596 05e596079eaff267fa39a615bfd8d68d 91 34 12 207289.479576
TRANSACTION 1587190192.907725 1d04313e57d7ce0bc8c156d2ec325e34 22 10 2 207294.256782
TRANSACTION 1587190204.713688 d2ff9c43636d22834cb2075298d14dc5 18 31 18 207306.062888
TRANSACTION 1587190212.808846 e1807c7f2bb95668e419a8ba2d30bdd6 12 20 143 207314.157872
