TRANSACTION 1587190006.001100 8bf614e587a9000c7eefe612291bbb07 0 5 282 207108.342636
TRANSACTION 1587190006.525465 34fb0bb602700d3b9aa4a116ba713a31 3 8 17 207108.361056
TRANSACTION 1587190006.845755 05284cfe5bc4a9995ca13c3c72d26eb3 7 3 433 207108.361066
TRANSACTION 1587190007.001086 16a994a3dbda0a5ed6953f52d769ada9 3 9 51 207108.370262
TRANSACTION 1587190007.074403 7f669f162b94f0573a44631c3078de16 9 2 45 207108.429066
TRANSACTION 1587190007.127938 f78cede42a8f7cb7d54df01f20d20a3b 3 8 143 207108.478440
TRANSACTION 1587190007.188504 9a660a43c79fb93fec107b121c968e02 4 9 85 207108.538410
TRANSACTION 1587190007.242953 73531223ff2b1dba59accf55beb15a93 1 3 429 207108.592005
TRANSACTION 1587190007.265365 4dc8b8d82742695f2f77d12a53004441 2 8 1318 207108.616015
TRANSACTION 1587190007.273664 f2c4297f7959ea4b5fe51088806c7557 8 5 2507 207108.624249
TRANSACTION 1587190007.312984 d97d864b82099eada4ef17f0050ca013 7 6 16 207108.664484
TRANSACTION 1587190007.323417 4e8a44206c224c869d3d255ad9a7fe28 4 8 43 207108.676188
TRANSACTION 1587190007.353857 035da1977b2c5f49e4d4111fc6c552e3 9 10 11 207108.704111
TRANSACTION 1587190007.423774 a8613ad8a73ee8cb4a6b66dafe15efa1 8 3 114 207108.776116
TRANSACTION 1587190007.422320 eb5c2c662e9fd5f27912a42a5e508629 5 4 1065 207108.776127
TRANSACTION 1587190007.443091 49bc78ac0afd7bfe4142dd72e25ee419 2 9 316 207108.796526
TRANSACTION 1587190007.466430 974b07bb085aea82ddb5b3468902a86b 5 6 246 207108.818725
TRANSACTION 1587190007.472202 dba5a2226721ec6982feef54e9b5f6be 3 2 75 207108.828736
TRANSACTION 1587190007.482514 9eddabdf42a0a68003df4677e7bc2c02 8 7 1 207108.835399
TRANSACTION 1587190007.496830 362b86b9436f5485422dfc5e322d636b 5 2 620 207108.848111
TRANSACTION 1587190007.542199 aaa796a5e7d4497e425f75bb9fb27dfc 3 10 99 207108.891722
TRANSACTION 1587190007.650780 b76b188f281deb016e7932c486ee25df 9 5 114 207109.003008
TRANSACTION 1587190007.678200 c66a870663fa288a4cb55e8b23143800 3 7 455 207109.030200
TRANSACTION 1587190007.699520 91740dee9b2e66e14f8374292e4d7c56 0 6 753 207109.050302
TRANSACTION 1587190007.740889 b19c09ea3bbb1a92621d2fcb8afbc9ba 9 5 197 207109.089955
TRANSACTION 1587190007.796356 1d12066f20aa2e32bcd26c268fc9b359 10 5 106 207109.148613
TRANSACTION 1587190007.965948 0d19a24490f62110995fbd7e27ebdd5d 5 7 313 207109.317184
TRANSACTION 1587190007.973421 88a609df5893b1d7104fd6489dbecec9 6 7 473 207109.324588
TRANSACTION 1587190008.023864 366ebf1758e5ee64ce967710c51d5886 9 4 38 207109.376002
TRANSACTION 1587190008.044289 2ff1e5c3d08b428b20685e2a55d97214 2 3 372 207109.395108
TRANSACTION 1587190008.092738 12ef01f1e49ea6d8bf7b1955052675fd 9 11 15 207109.444998
TRANSACTION 1587190008.101129 788d8f182cf149fc0766803587166a5e 2 3 23 207109.451366
TRANSACTION 1587190008.252629 b1a556a1c942eddb6c92f202db7f963a 9 5 29 207109.604079
TRANSACTION 1587190008.272049 b723986204e88322b1df33ac3901eaed 9 6 3 207109.622310
TRANSACTION 1587190008.291373 26621f3c68986c122c03b7296303d694 8 6 4 207109.642016
TRANSACTION 1587190008.385816 ffea4bc28366e3990ac0d4774012aa78 10 5 4 207109.736131
TRANSACTION 1587190008.681578 db1faf32fbd3bd0da9f8de433415cfe7 11 12 11 207110.030605
TRANSACTION 1587190008.697013 eb637c37440e98bc203e016a13f4806d 11 7 3 207110.048807
TRANSACTION 1587190008.713386 ece1fce8495e0a0fa9cc190f57e540ce 10 9 7 207110.063481
TRANSACTION 1587190008.771802 9ff75fb9534e45b31775e4a2dd685821 11 5 1 207110.122898
TRANSACTION 1587190008.864313 fe6734177efd789c58543647780d8b77 3 13 238 207110.214728
TRANSACTION 1587190008.990905 9582c8aa9db86180dba30219dd69e1a0 13 14 177 207110.341627
TRANSACTION 1587190009.044404 b0415855326b5ec6cbf6673019329a50 1 9 466 207110.397118
TRANSACTION 1587190009.075822 8ff1d752808b4bb49b973c7759a5ba1d 7 11 631 207110.425762
TRANSACTION 1587190009.144252 879b1c944bb424a3dd0c7d769eae9108 11 2 209 207110.495464
TRANSACTION 1587190009.288825 1dcf17edd49f09aa065337bdf9171398 2 6 224 207110.638880
TRANSACTION 1587190009.366313 ca897c6482bf92898787223d0d484a50 2 6 134 207110.717251
TRANSACTION 1587190009.373779 8194294fdd8ca96d56e9fa1c1f48061a 1 2 46 207110.724771
TRANSACTION 1587190009.462239 03c4de758f6d6f70f3c4bbaa3b675f6d 3 13 124 207110.812177
TRANSACTION 1587190009.502724 80f26ada1ec2871c2baaea681890215f 6 9 778 207110.854218
TRANSACTION 1587190009.571203 ee8e8a9a241e87f5e384da9d569db64c 9 13 227 207110.921706
TRANSACTION 1587190009.641711 39a38e99c3277dc646cad4b7b7bc9b4b 1 3 183 207110.992564
TRANSACTION 1587190009.679143 b630dbf81206d77dbe8cddec825b7996 4 7 302 207111.028996
TRANSACTION 1587190009.724550 58bb037cd30b9e6c49c3da913e6abb18 12 15 1 207111.074710
TRANSACTION 1587190009.852087 5a813674c0e94c0a7d466a5be6cae509 8 14 1 207111.204914
TRANSACTION 1587190009.862521 5333fac3a33deb4bd602e1c8d2a34637 12 10 5 207111.219163
TRANSACTION 1587190009.881821 dc3b4f3b26d900123f48d6ef16e46c7c 5 1 280 207111.233815
TRANSACTION 1587190009.885121 9ac844c4c5307244e53ef2a02b1931e2 1 7 215 207111.246533
TRANSACTION 1587190009.967541 2206593f7edc8d601ecd147ca70b42a0 15 6 1 207111.319477
TRANSACTION 1587190009.979982 6be18ee82c31519f73269a9f9cb9c393 4 13 223 207111.331131
TRANSACTION 1587190010.007350 b369760a07d3c40c959b1751f7aab853 0 3 96 207111.358242
TRANSACTION 1587190010.052709 e85454b8bf52fd53b80d5dc710db96fc 5 8 242 207111.405371
TRANSACTION 1587190010.058053 275306193402d92d48c8ad4ce5a26f98 0 13 674 207111.411390
TRANSACTION 1587190010.195535 d4ceec5dec25d91c7a174445ef0806c6 13 2 1253 207111.549701
TRANSACTION 1587190010.269053 cc6aaa2d66172c119953fc32113104b3 11 7 145 207111.621726
TRANSACTION 1587190010.326525 c780ff449cb899ff3cb4cd3f5ba1994c 11 8 15 207111.677057
TRANSACTION 1587190010.396012 222194d2a63f2c178086f5e4af12149a 7 15 323 207111.746088
TRANSACTION 1587190010.406410 27217e366c17a0f50a5c25e8f79de66e 11 1 107 207111.757450
TRANSACTION 1587190010.449770 68bf6d38d93803d690c912d75cfe17ac 3 14 294 207111.799905
TRANSACTION 1587190010.494227 b93081aa362a7c08c859c53082a5e421 8 10 61 207111.844679
TRANSACTION 1587190010.509611 f4bc2f35a76f67e6b971018b875a5d7c 11 14 38 207111.860244
TRANSACTION 1587190010.514935 4e2493ed5b824652cfaf61fb2ab220b7 15 14 279 207111.867665
TRANSACTION 1587190010.515141 03b85fcb9ca549c2aa9d0bf5b6e34000 9 11 852 207111.872121
TRANSACTION 1587190010.535421 b1299a2cb016ac714618115067e19e2d 8 4 173 207111.887180
TRANSACTION 1587190010.542743 cb8cbfc536a0af07c4a04dd0258df4bd 5 3 178 207111.892489
TRANSACTION 1587190010.699290 bc0842161e6547509200d71ca0b3a5a0 14 1 29 207112.049603
TRANSACTION 1587190010.715740 1919db850bbc53557b68ab5621e865b8 1 12 78 207112.066053
TRANSACTION 1587190010.762090 b70e36b05728f147650734e767e2461d 1 11 10 207112.115039
TRANSACTION 1587190010.772435 400851c4215fbf9fee4fc379f46b1299 5 3 28 207112.121616
TRANSACTION 1587190010.817798 f08a1ac25a9e1ebaf33f04314924f710 15 9 16 207112.169397
TRANSACTION 1587190010.867247 6934053aee470f972514e21ea59c2dce 0 3 578 207112.217786
TRANSACTION 1587190010.872710 034aacb3cfd6755afd78df707306e8ae 15 7 11 207112.223404
TRANSACTION 1587190010.905103 3d7659324baf075bff9c222d3f35b3ff 0 8 573 207112.255489
TRANSACTION 1587190011.004690 deb5198fbe4430fba5f91aacf6195b8c 8 2 343 207112.357712
TRANSACTION 1587190011.060292 593e24838971a1d1166e482e7431abfe 8 4 15 207112.410729
TRANSACTION 1587190011.272980 a78407d0b4ed2641f18cfa4fbb7206bf 4 13 178 207112.625692
TRANSACTION 1587190011.316638 9634b6763bbfc60460b60069c2ef4df1 7 15 554 207112.667576
TRANSACTION 1587190011.383264 39444d9515aec0439cc05e2b7f2a23ad 8 11 19 207112.733595
TRANSACTION 1587190011.443868 07d8abde015c8202f53469763d14b6c6 0 14 739 207112.796992
TRANSACTION 1587190011.447345 40f8ccfd6d1cab2374bb101844321a11 15 13 116 207112.801549
TRANSACTION 1587190011.509712 5ba1b98184ffc0f1f554b73af0c298dc 3 1 260 207112.859853
TRANSACTION 1587190011.527212 080ba8f8b9668c57a2f070366254ff2d 3 16 354 207112.878126
TRANSACTION 1587190011.816857 c34a5ec25b94c5683ac507332f79e31c 5 3 4 207113.168258
TRANSACTION 1587190011.829284 c0b9b716ee1348b7afcf7e80387ee2a1 11 17 251 207113.180025
TRANSACTION 1587190011.901720 b53b6b99b062d876c06da4764caf23d0 5 16 58 207113.253452
TRANSACTION 1587190012.022287 54c122b81bcaecf48a0ef344f64ac0a5 4 3 454 207113.372468
TRANSACTION 1587190012.064774 0d3b6c57524e2e275d43195750184343 5 4 8 207113.414528
TRANSACTION 1587190012.133249 e9fa3c24a08cbcffea40ee3452c77c25 0 16 439 207113.482519
TRANSACTION 1587190012.205786 6bf80274b379b99f51cb3b809b7a29b1 15 7 304 207113.558597
TRANSACTION 1587190012.227239 70282db9ae7d170483a1bc8eca7911fd 1 5 379 207113.577281
TRANSACTION 1587190012.230604 8151efd884ccac187f2adce73fc4cfa3 15 14 134 207113.582749
TRANSACTION 1587190012.385111 bf717e358da3131783477fef5de2a933 2 15 1084 207113.737105
TRANSACTION 1587190012.466671 46e02d354017b371dccd68ee4f250eaa 9 15 168 207113.818608
TRANSACTION 1587190012.793489 71ad3e627f502e6118b581463f5acc5e 8 17 116 207114.144175
TRANSACTION 1587190012.890059 6e02ab1d6bba9386e61c9de4c5db7d06 15 6 831 207114.242970
TRANSACTION 1587190012.927525 311b435f6d7b89bfdcd0472421d31f6f 14 15 1330 207114.278209
TRANSACTION 1587190013.044078 6f00cb497854b2bbcca4fb74d26b999e 10 7 21 207114.394282
TRANSACTION 1587190013.167852 77bd6a2c9ecf50a699ae19694ff1f5ba 8 11 56 207114.518526
TRANSACTION 1587190013.180264 6a10d03f26a4ba3636007c3c8c05ae97 11 7 496 207114.532507
TRANSACTION 1587190013.183615 abb456d3e1a3c8e66b9fb65c2d27ed77 4 9 138 207114.535455
TRANSACTION 1587190013.335376 b658e52a6a759fb7200d15866ee398d8 8 15 16 207114.688481
TRANSACTION 1587190013.463962 c8f8ad95626eec70868a75420a05f0bc 1 13 115 207114.813088
TRANSACTION 1587190013.467373 d088c5684e4c7d5194a3d9ab06f530ec 10 15 25 207114.827946
TRANSACTION 1587190013.505760 ff3b5d2b801d8bdc23f2bc291cbd47d7 13 9 281 207114.856902
TRANSACTION 1587190013.522163 6285e680c85270d9d0a28d1ebf7473fa 16 5 419 207114.874495
TRANSACTION 1587190013.556551 94e50c5615ae7728d038cfecb7a5dd64 3 12 452 207114.909670
TRANSACTION 1587190013.581993 11c55ca89cbbece3144c2cfe10ef417f 14 18 208 207114.933034
TRANSACTION 1587190013.655627 1039fc89ac1b769eb86c6cbd0d827784 14 19 21 207115.006638
TRANSACTION 1587190013.716145 018f962e26775557f6dd3ad1dc2058cc 17 9 73 207115.066319
TRANSACTION 1587190013.743618 6219e451f7b96063001a8b5b5d804c69 18 19 85 207115.096006
TRANSACTION 1587190013.877139 043d4a6759b023be0d9b60f961286d0e 15 7 1219 207115.227878
TRANSACTION 1587190014.005814 2222dbd9de66caba6b0973597229f6c8 14 19 9 207115.359037
TRANSACTION 1587190014.061321 73626fcfb5b0c44c6fefa98a1e550592 9 10 95 207115.411936
TRANSACTION 1587190014.183879 745297b573cf77a6dc7fd1267f73b10d 16 15 245 207115.537436
TRANSACTION 1587190014.200287 ddc08c947578ce8d7b7ef5917deb51a1 3 7 85 207115.550007
TRANSACTION 1587190014.223663 eef7003eabaf5dcb6133a2fa73aaa711 15 4 607 207115.574012
TRANSACTION 1587190014.236038 e6e3b92b866c0740e351ffa511c334f3 13 10 46 207115.585437
TRANSACTION 1587190014.263384 8d628ff341ec7da2d984e0c226aea4c7 14 6 10 207115.615940
TRANSACTION 1587190014.288762 a898dfb72b5265f25197e3e58d0b5f43 16 19 149 207115.641185
TRANSACTION 1587190014.488355 613e6ffafcc41babf58a9170eacca454 7 15 1380 207115.838055
TRANSACTION 1587190014.522814 68718858bac8b5b8e78596cfd0663624 2 17 510 207115.872823
TRANSACTION 1587190014.571248 9e47805ca3d6756d1ae19e962f537549 5 17 471 207115.921322
TRANSACTION 1587190014.644759 5898717b6b2964031a5cb7ac4cd5744b 6 15 775 207115.995141
TRANSACTION 1587190014.649167 4273cae0c0f4b9d6c0925b1d706c9aa8 8 3 14 207116.002952
TRANSACTION 1587190014.674516 18b3e75c71ff1a5da00289b906479769 19 3 194 207116.026899
TRANSACTION 1587190014.719916 b7afe65e236c83f71b5c77181cd3bd42 4 15 483 207116.073116
TRANSACTION 1587190014.869493 dac6b175b57db62e0206e5c25379dc3f 10 17 126 207116.223141
TRANSACTION 1587190015.100228 9ed622b66709666277cb1db7abc3918b 5 15 172 207116.450659
TRANSACTION 1587190015.106699 4a406708ed07290d2e35f70f510bc2a5 7 5 520 207116.457764
TRANSACTION 1587190015.164085 7dd9d64162c194e3dd171be8c45b1ed8 12 9 261 207116.514619
TRANSACTION 1587190015.232009 aed40e872839ee0da6c4d7224e07d4f1 17 18 1265 207116.582252
TRANSACTION 1587190015.357474 403be3e3dae471fca06f530b600ccf30 6 18 113 207116.708296
TRANSACTION 1587190015.396958 f7ad68c3c819ee5917e2092cb6b68621 1 20 28 207116.751561
TRANSACTION 1587190015.422369 42ea99b060b06bb35f7a351439135ac0 15 2 2636 207116.773551
TRANSACTION 1587190015.467740 8c37c68691c567c82d29671daa4405b7 14 2 39 207116.816964
TRANSACTION 1587190015.550209 51050d5e22249c93ad7991bf9b33ecbe 19 8 20 207116.900565
TRANSACTION 1587190015.557685 59b9779b146d128ec1056eac02d77096 20 15 1 207116.910840
TRANSACTION 1587190015.615177 6c9dd88e7a6f77d4f9f95200c8db2c59 12 1 191 207116.966984
TRANSACTION 1587190015.654661 4393f61f1af355e8f414fd2088f798a6 12 6 47 207117.007697
TRANSACTION 1587190015.741221 f69f9f099715c03a3d16bf8f446834b9 19 17 1 207117.090695
TRANSACTION 1587190015.782705 873629446c67883bc926bc926c3a5907 0 7 51 207117.134338
TRANSACTION 1587190015.786077 ac6751241ea1f24f66488da21c192173 9 20 57 207117.142008
TRANSACTION 1587190015.864490 8cd79217f8197ecf7e604c01804b3a65 7 10 351 207117.216151
TRANSACTION 1587190015.917963 d600329b3f72135dc35b854accfa945b 16 19 15 207117.271271
TRANSACTION 1587190015.953427 c16715f4fd05da69b35e2ea45b8c10df 8 15 18 207117.302702
TRANSACTION 1587190016.004997 fddf7d17ff2bba9f0ff16ffe8d983f63 5 4 217 207117.357721
TRANSACTION 1587190016.030453 904a94efcc6989f59b68a21a9e5bda81 19 14 16 207117.379935
TRANSACTION 1587190016.033781 edeb603ddd26b97eaad1d6af80ccb4f3 5 6 308 207117.388150
TRANSACTION 1587190016.049064 a7aa94c5c5038aabdc482779056d8c72 18 8 1453 207117.401545
TRANSACTION 1587190016.076378 91a1fce0570f1c2b383713d3bb27acac 6 21 261 207117.427092
TRANSACTION 1587190016.122718 b647eb5a88130fba06e832e934fe3c9d 14 15 3 207117.475874
TRANSACTION 1587190016.208171 4724cb55babbed39dda46e98771c5a8f 15 8 11 207117.557485
TRANSACTION 1587190016.233871 754d11f4eabff985ebf4290da334580b 9 20 255 207117.586828
TRANSACTION 1587190016.233631 c0f3b8e6c5443a208ac9e40cf39ea7ec 17 2 99 207117.589366
TRANSACTION 1587190016.278198 94cd322fc71c5013293ddd29b32a7311 10 9 261 207117.628128
TRANSACTION 1587190016.346637 da84b428f46d3392fe998993b3ce2051 5 20 86 207117.695603
TRANSACTION 1587190016.398098 27cf14b59655889577d13cdf7b89d2be 21 13 146 207117.747720
TRANSACTION 1587190016.418491 c9e0d4ae02dcb2f45ab10a9a778eaa99 17 8 36 207117.772153
TRANSACTION 1587190016.425854 ed62f4fe60c4db9321c29d3611238210 3 8 279 207117.778620
TRANSACTION 1587190016.521566 58e7317be2f7222542604c1e7018c974 7 1 178 207117.874995
TRANSACTION 1587190016.538965 9a6c6039c0ad3d55f7be0f7a46b6fb26 16 3 15 207117.892214
TRANSACTION 1587190016.649866 947208651160affb53d9fdaacd68a2f4 2 11 1857 207118.000056
TRANSACTION 1587190016.722254 da241b0e7d41e6e713f2dc1f5c68b226 21 13 27 207118.075690
TRANSACTION 1587190016.732659 356392293863f5eab4d23b71e2b55b42 3 6 3 207118.084734
TRANSACTION 1587190016.806068 8fc7d0a21bfbb237143e23a26e9259f5 5 4 38 207118.157174
TRANSACTION 1587190016.830507 a3681bcd0fe7ddb48def4083e84bf05b 13 21 281 207118.179761
TRANSACTION 1587190016.904977 8e40eb5368295a5ccbb5578029a38ad5 7 10 121 207118.254609
TRANSACTION 1587190016.940533 427f0b36f3afeb1e629f1b61e44f11f5 14 2 2 207118.290656
TRANSACTION 1587190017.110117 298c8dee0ca7ece5e418d3fb099625e7 14 8 1 207118.460466
TRANSACTION 1587190017.147515 2e6c16c94a1e45fb95c8bed3f48189a8 19 20 3 207118.498065
TRANSACTION 1587190017.167917 50e057274fa285ab1c82ab33407cd17a 17 22 1 207118.520375
TRANSACTION 1587190017.200528 a2fab480f5f6ff1f76713e5d9e28e72c 5 19 7 207118.555330
TRANSACTION 1587190017.200303 56a0f6c923f06ce1cbe60da7c6b03180 15 6 196 207118.555340
TRANSACTION 1587190017.232846 aacaa3cdf917adbd21aa037bdfdce0ff 1 21 453 207118.584764
TRANSACTION 1587190017.445431 ba69de686d6447710b31fb2925cdb3eb 5 21 1 207118.795300
TRANSACTION 1587190017.449834 72ca889648495da54fa3022db31794c1 13 3 14 207118.802124
TRANSACTION 1587190017.579278 8f8bd08c8e55fa4d61f5671165981448 8 15 1581 207118.933849
TRANSACTION 1587190017.594782 d1b7a58760133c5de4e2af23b7ff17ec 11 19 941 207118.945049
TRANSACTION 1587190017.672215 564c99ec5f2af0a42029c546e8622b14 6 19 95 207119.022599
TRANSACTION 1587190017.675642 9525ba44d86bec1050856fedf39a6f94 8 7 56 207119.030584
TRANSACTION 1587190017.689931 f672640abc3d34ee2c9d288970b00cf9 1 6 61 207119.042617
TRANSACTION 1587190017.794386 a3bb495a1b83f3a51a9090a1991e8a56 11 3 506 207119.144266
TRANSACTION 1587190017.816816 8978fe97af4b37f5fcc5d7b1e8bbf33b 1 2 38 207119.169467
TRANSACTION 1587190017.870237 52e7c6fd508a49d73ccdbd65af206ca2 5 22 10 207119.224358
TRANSACTION 1587190017.940756 04375d8ced82bd0c2a1229e94cb506b2 10 2 180 207119.293515
TRANSACTION 1587190017.963266 f23e3b502fb2fe370d01b3759a124947 12 14 28 207119.312182
TRANSACTION 1587190017.983681 484b6e4e53ffb3ed34f4b345ff75c755 22 23 10 207119.355733
TRANSACTION 1587190018.000021 3a19ca97997d5f1698438821a8e2bbe3 17 9 1 207119.388971
TRANSACTION 1587190018.078476 0bfca005b6d0a595fb1d9f22b53580d4 21 16 495 207119.432961
TRANSACTION 1587190018.156000 1d6a75c87ae69a8723fcb8ce13e8547e 12 10 3 207119.511799
TRANSACTION 1587190018.164413 b1974a8800a7d50c83f4d7f5f3f160e2 16 23 248 207119.522049
TRANSACTION 1587190018.187735 620ce39b91f93c2ebcd5ff20a289cc80 15 11 6 207119.542791
TRANSACTION 1587190018.204094 9f1001d49fa8c939694eb2b5e063cc77 12 10 4 207119.553882
TRANSACTION 1587190018.248468 0d130ba50f16760e4d55e1e07c615a2e 18 13 391 207119.605233
TRANSACTION 1587190018.384021 68dd51d3cd57636f427e7e4b00c10c98 13 14 252 207119.740231
TRANSACTION 1587190018.406576 ad9beee86df0328520c22f31a6db36a3 19 23 389 207119.757554
TRANSACTION 1587190018.463044 02e35d1bb4f27136de4bd0d0bcba1ec4 6 4 102 207119.812969
TRANSACTION 1587190018.503509 8b554a2d12174250116a66dc60b610ef 21 2 238 207119.860110
TRANSACTION 1587190018.530956 7808514e7941208f734ac3aa03243d9b 10 1 17 207119.882464
TRANSACTION 1587190018.539372 2850b507d1c7fb2fe1f7da48a1e85702 3 13 92 207119.890938
TRANSACTION 1587190018.566709 08acc5c4cd2e61ed192d4b13bfaf007f 0 13 103 207119.919903
TRANSACTION 1587190018.606156 d2e0328326be0f8d20eb6954f1f2fc09 16 1 82 207119.963115
TRANSACTION 1587190018.698684 f46c5bba4eecba8f13e4fafcb46e5dd8 15 4 1425 207120.055977
TRANSACTION 1587190018.783240 34b386737a02419cf84f0c79b7b39244 19 9 447 207120.141443
TRANSACTION 1587190018.847231 316d1b817e5f1a3e4cc7a21b37fde431 3 21 545 207120.201330
TRANSACTION 1587190018.966811 7b018dd1638639210c0ced439f0c93c8 14 9 229 207120.323994
TRANSACTION 1587190018.978413 7313b1bed5162448c744283bcf6c9874 20 12 151 207120.333382
TRANSACTION 1587190018.979923 2584a7dd8d02d9782f83a9b9c68ba0eb 21 13 357 207120.342149
TRANSACTION 1587190019.014696 3f8e909897b0dfe8d18260a3fb811bdd 22 7 1 207120.371174
TRANSACTION 1587190019.014387 df3f69e80fd5a596115c3797e40a4025 20 7 2 207120.371924
TRANSACTION 1587190019.033997 022f01e94bd7bf60428c2d202d11b50a 1 14 29 207120.384695
TRANSACTION 1587190019.055362 050da2bff180b395ea3bfd48531e35e9 20 16 7 207120.404799
TRANSACTION 1587190019.066708 90a9101c100163930a1dbeb789716e92 2 19 253 207120.422327
TRANSACTION 1587190019.121119 35dd8759b9f2b835d3747605af101c9d 15 19 272 207120.471766
TRANSACTION 1587190019.141550 9cf9ac91d9d9214e9c6ab5315ab54c21 6 20 136 207120.491085
TRANSACTION 1587190019.143874 65312f99487927d857956c69cd8b4526 9 19 77 207120.504668
TRANSACTION 1587190019.164224 af9721685eb86adaa1e17647a6b3842a 1 4 69 207120.515627
TRANSACTION 1587190019.184748 606fbef2bf28d8e2a04f352a30cc6514 11 12 57 207120.540664
TRANSACTION 1587190019.320764 d1a50a78b140a1d846efb6040542b048 9 4 427 207120.677543
TRANSACTION 1587190019.332187 6211a5a2c03682959aab1f8ea45bb4fd 18 2 164 207120.685037
TRANSACTION 1587190019.383844 a96e1f814e3972fc6b4ab9e19e4e0309 2 9 141 207120.744184
TRANSACTION 1587190019.383564 e8f0d9c0870bf1f65f1df54622a393b4 6 7 53 207120.744195
TRANSACTION 1587190019.454253 8f25cf52279a559ee974ce89bcf168c8 8 18 119 207120.811807
TRANSACTION 1587190019.500741 62b543ae9e489fdb7ddd5a02857e540f 12 18 160 207120.857161
TRANSACTION 1587190019.576717 1b4bee49ef59a002474a8d8a20b77d7d 23 12 381 207120.936920
TRANSACTION 1587190019.575242 4df3a6132ab9e00a3123a0127dc54d80 11 12 32 207120.936930
TRANSACTION 1587190019.652129 f99d97644c62a9c742096c71b8952553 15 2 81 207121.008606
TRANSACTION 1587190019.672541 58a4190d4476e7c718070feabf9cecbc 0 21 123 207121.024487
TRANSACTION 1587190019.720919 f10fc53da150bbe5b6e53b9fcae5c4c4 4 17 57 207121.076509
TRANSACTION 1587190019.859463 e60f039ccab6b7b8d9b71936db7b04d3 3 14 74 207121.215494
TRANSACTION 1587190019.983150 68ae18f0078d4b05fcce0331657cc86d 16 14 62 207121.333199
TRANSACTION 1587190019.996394 76f21d9dce1a4e444f5a2f9fb2240c8f 16 7 44 207121.350865
TRANSACTION 1587190020.034797 3370f00fdfe20ec5f8d01bb07ca36f3c 6 16 14 207121.385297
TRANSACTION 1587190020.100299 f6151973319aa898b8b2a2ca3dfe3d3c 3 18 5 207121.453956
TRANSACTION 1587190020.241208 c95efae69b777a30abfeaf3294159ac1 19 12 366 207121.596498
TRANSACTION 1587190020.502561 30bd1be9d1d20cc249d50f57280324bd 3 11 1 207121.858508
TRANSACTION 1587190020.517028 42b8e24919491958f04e4a0db9317333 7 9 62 207121.869290
TRANSACTION 1587190020.614945 c905104eae9feeb6f3610341366e9168 11 21 618 207121.968554
TRANSACTION 1587190020.668601 3620b75ea7b0aa6efc8f0ac0ec50d268 19 7 93 207122.020040
TRANSACTION 1587190020.696095 9aef17e9c6ff56db989f01b54b1c7060 0 22 681 207122.046747
TRANSACTION 1587190020.699671 2c484db9e84e6f9f11fa87cbdcc13be7 10 23 74 207122.050273
TRANSACTION 1587190020.740062 b2baa2808d3d8a0108e3ceee0dfc1a04 12 3 818 207122.089741
TRANSACTION 1587190020.838702 8a6f73731017db620e925809c32fc357 14 3 129 207122.190360
TRANSACTION 1587190020.866203 0ee12244a2ad2a2c3ae6275b68db5554 23 17 235 207122.218642
TRANSACTION 1587190020.978647 fec0315cf91b52bb00eb60f13474bcae 18 9 72 207122.329035
TRANSACTION 1587190021.008118 d6a6dbe0d8d45ec13151477c83903480 18 16 236 207122.362781
TRANSACTION 1587190021.071025 c0dc17f7430806a924e9851874280759 6 3 3 207122.421055
TRANSACTION 1587190021.172954 9d4dcb305b9022a6ca514b405487f98c 2 11 1163 207122.523608
TRANSACTION 1587190021.283003 e13ea4c1a46b9dff0675e97fd29d70a3 21 23 494 207122.637902
TRANSACTION 1587190021.303719 05868a73feed43242255ac7e47d71571 12 19 4 207122.653195
TRANSACTION 1587190021.310080 92bda082c446fa36d5ff259bc159b851 21 22 401 207122.664150
TRANSACTION 1587190021.339503 243423c485ebaa9e93dc740f4be76c8e 17 12 192 207122.691631
TRANSACTION 1587190021.391019 643ae806e7a24d056c71edab05c24bbe 21 9 72 207122.743618
TRANSACTION 1587190021.507673 fc2e3516806cd4b9d9a9217e890ff770 23 24 1070 207122.862209
TRANSACTION 1587190021.576167 529a25bf477d7e7d2cf2b7736ce72c8f 21 8 8 207122.928655
TRANSACTION 1587190021.623727 b4f60c6cdf36bd85f45adc962e245c18 21 12 17 207122.973299
TRANSACTION 1587190021.667265 87333cc79d2f121e999b8d64e996f094 7 16 23 207123.020226
TRANSACTION 1587190021.677795 2775ff3fcb834e02cdcacb6c663b529d 18 6 2 207123.029002
TRANSACTION 1587190021.783257 1e9b173adca155a1fb32c8dfe9ef13a8 21 3 17 207123.134601
TRANSACTION 1587190021.869246 5ecf52220aeeb04ac3fd65c303eba0b6 0 18 375 207123.219067
TRANSACTION 1587190021.877313 4e8bea235943e0a3475871ddbb01d439 6 24 25 207123.226723
TRANSACTION 1587190021.954122 736c3df05c7f2179f4f260dd822bd9ae 6 13 9 207123.304345
TRANSACTION 1587190021.970712 9e332ac29868baf83069dcb99e3404ee 18 5 66 207123.325315
TRANSACTION 1587190022.018177 4f98fa47dfcccc349d9a61b9d2bf89a2 5 16 175 207123.369263
TRANSACTION 1587190022.051711 031fffce83605d0ee9f33f80b1ff95da 10 20 10 207123.401940
TRANSACTION 1587190022.125369 f94efc82fb520d6f96e333aab73ab295 3 12 36 207123.477614
TRANSACTION 1587190022.204900 ef9a8a4b642446e3a8d54794fabc5474 11 6 82 207123.556464
TRANSACTION 1587190022.278506 dfcbc600ee498ecaf0093ac0e6b53978 3 20 491 207123.632437
TRANSACTION 1587190022.399287 2bca3a8e2c4bc8d7e46de8626c20205b 3 22 161 207123.750818
TRANSACTION 1587190022.416664 dc57fc839c553a73408e4bfb2c864915 12 23 143 207123.765891
TRANSACTION 1587190022.452102 ba9617c8ea792d2b317704cbe5bae7fe 10 3 55 207123.803950
TRANSACTION 1587190022.514729 93531708292180ef0ca2ac3547952206 17 9 58 207123.867110
TRANSACTION 1587190022.704029 128aca01759a3860ce7ac211cd8f23f9 16 19 6 207124.053582
TRANSACTION 1587190023.057919 e5f14f84695c6de5a0b13052206d5b6a 24 18 725 207124.407557
TRANSACTION 1587190023.074385 11a6014391304f50c84bed0f1d77a70c 12 18 80 207124.424565
TRANSACTION 1587190023.491032 8e23ad416740e55d5756740d4dff6abe 9 20 1128 207124.844933
TRANSACTION 1587190023.602947 1bc7faed95741e30450fc9bcba9f4d54 4 16 2055 207124.952496
TRANSACTION 1587190023.638461 beb06d558c3c5a8d0a1000408164a24a 15 22 315 207124.989036
TRANSACTION 1587190023.665910 f09198e4b4bc59f153d6116879ccd087 6 24 126 207125.017218
TRANSACTION 1587190023.759444 789113e7b7b559d97337700a5558f896 12 2 1 207125.109120
TRANSACTION 1587190024.002900 88447f95766f5b6211d547581555ccab 5 7 235 207125.354237
TRANSACTION 1587190024.063315 b1c2b1221be3e26c6a6355ac47c1ddc4 1 8 168 207125.412428
TRANSACTION 1587190024.101837 5f3d82a6ac0ef10a13d13a6bcfaa76c2 10 23 30 207125.453933
TRANSACTION 1587190024.130632 3f2ae39f63efdaad4217e3c76086840a 5 3 37 207125.479702
TRANSACTION 1587190024.130380 f5e99026ceea0c691d0c18fb5948b52e 14 20 750 207125.481243
TRANSACTION 1587190024.171409 635da05b4ff9bc41d036be0697eccd78 16 25 1140 207125.522045
TRANSACTION 1587190024.374495 a9667c9ccbb7019035c7aa9c1b827d50 2 18 188 207125.725660
TRANSACTION 1587190024.530654 1558bc9908475678357a8320625c5c34 20 25 1725 207125.880225
TRANSACTION 1587190025.407277 4b57411323f3c2ffca5b046676ecd615 1 15 1496 207126.757029
TRANSACTION 1587190025.711085 9ae1a8816b246407728d3e97eae3fc89 20 24 161 207127.060973
TRANSACTION 1587190026.358781 e0ef5554574a9c924c5e979226d23976 1 24 23 207127.708303
TRANSACTION 1587190026.401231 88e1ac836047bde05b8a51e18515a700 16 22 3 207127.750678
TRANSACTION 1587190026.424694 26b335ddb12bd507394e6125884f6fd7 4 14 1549 207127.773682
TRANSACTION 1587190026.579969 74cef1cc03c5665f81132eef853febcd 7 12 2 207127.931607
TRANSACTION 1587190027.259691 04e9065eab9de31b8c536fbb6fb9eb17 11 2 16 207128.609393
TRANSACTION 1587190027.506840 82e25ba66db592cd7de125bf888fc801 2 16 144 207128.855820
TRANSACTION 1587190027.941990 671df7463eddfc4e4d445ff52fe1ae72 24 15 98 207129.292365
TRANSACTION 1587190028.362641 b0bc9b1b21a2b6edaec3d9f27d755f4e 14 5 359 207129.712055
TRANSACTION 1587190028.476119 b362580ab712964d846f56dacfd82955 17 13 1073 207129.825640
TRANSACTION 1587190028.979145 e3a03c6613ac01df47009a72551571a9 4 5 678 207130.328917
TRANSACTION 1587190029.241936 b6d75c108379ddf6424a16e51fbfbcd1 4 16 11 207130.591423
TRANSACTION 1587190029.385798 f5518724c28da9ba9a96dadc59bb627d 3 16 80 207130.735484
TRANSACTION 1587190029.530121 414483e07d6c68e348a32c23731108b5 2 18 285 207130.879560
TRANSACTION 1587190029.583585 7765a5d737b126279fa40cadb2833120 3 5 20 207130.934037
TRANSACTION 1587190029.768181 13e5342b7398ed72c2d9a5257e444f70 12 6 23 207131.117982
TRANSACTION 1587190029.981807 f8c150e0fe0d59ebe7ad734cb3840ad3 23 27 49 207131.331156
TRANSACTION 1587190030.241094 6269bb7526bc56d4e47806a1fb1bcf25 22 14 69 207131.590591
TRANSACTION 1587190030.314499 2b31a4757e8e32dc91ef38bf07286481 23 11 650 207131.664014
TRANSACTION 1587190030.386055 90f5454849d66effa7a2b351e7d52dd0 17 22 7 207131.736003
TRANSACTION 1587190030.402421 fc400fa2facfb07cb9530aa399e7822f 14 15 85 207131.752381
TRANSACTION 1587190030.554858 2497e1c858f8e8b746eb62a296d7e168 5 1 528 207131.905870
TRANSACTION 1587190030.837712 f5c2339f6cd9cfe6a7fc17381292d260 5 23 320 207132.188050
TRANSACTION 1587190031.462240 0ea369a7aa978f4b3cc52049e5f02840 3 12 1 207132.811961
TRANSACTION 1587190031.792796 a31c78846619cb6ebf4ea5383de03919 9 8 8 207133.143089
TRANSACTION 1587190031.854608 5955f0ff5b976e53b33f75f835044c75 28 4 41 207133.204109
TRANSACTION 1587190031.867291 41aeafe2c8ab06b231ca8e4200679daa 1 20 68 207133.218511
TRANSACTION 1587190032.267834 d8cee091f573ab912d4617d59986fe1f 17 4 85 207133.618213
TRANSACTION 1587190032.395435 c2164d38e0dd7013db495a1326d41dc4 9 19 2 207133.744991
TRANSACTION 1587190032.758746 f41a04af2d744d5bda011f7c2d327723 10 20 661 207134.108075
TRANSACTION 1587190033.070287 403f583a68a10d1ea316214c49abd270 23 29 87 207134.420918
TRANSACTION 1587190033.440712 9742b73bf55e8724f03945527e803f6b 23 31 38 207134.789971
TRANSACTION 1587190034.255585 ad178ea29286badeadc094d22cc599a2 27 22 503 207135.604985
TRANSACTION 1587190034.594034 6303015c30755ed3cd3baba396ea2ad9 9 22 329 207135.943246
TRANSACTION 1587190034.770454 57e9c843d84bd13ff2b7bc03bf11a57b 29 8 38 207136.119603
TRANSACTION 1587190034.921508 ac997a5adfe37488121eeaa791147198 13 29 108 207136.272321
TRANSACTION 1587190034.951012 a8d4f8acf544fdeb757d7023f45d813c 15 8 1622 207136.301922
TRANSACTION 1587190034.992474 5d98550f3b5e06fddd1b09729a8418f5 18 10 9 207136.342517
TRANSACTION 1587190035.555673 07e053e5119a9916a3b01294c8a7e622 11 7 182 207136.904957
TRANSACTION 1587190035.793369 9ebfeea1fb8c7e14e2a571fc41998c6a 29 4 293 207137.142877
TRANSACTION 1587190036.389711 42f074d7c29a4a2055a8ebac4260b485 3 33 2332 207137.739621
TRANSACTION 1587190036.404122 afb443e941c22f6abcbe4ac513f8fc4a 31 13 283 207137.753078
TRANSACTION 1587190037.382175 f24418d2af3b098503dec0d2b9757ea4 16 1 6 207138.731538
TRANSACTION 1587190037.438641 f723a317454f6a3874202494e249b704 0 33 763 207138.788814
TRANSACTION 1587190037.487755 d1115079a55448a84d336ffadaa608aa 32 18 227 207138.837798
TRANSACTION 1587190037.576311 1465bf151619c322792b5803eb3e9d88 32 33 95 207138.926086
TRANSACTION 1587190037.623287 6b8101bfad05970ade8952e5df40f5bf 33 34 1090 207138.973167
TRANSACTION 1587190037.649954 5d58878a2758763919d9334417cc4651 6 29 14 207138.999177
TRANSACTION 1587190038.171643 4a3deb06585049926f9f775bbde8ef74 25 18 85 207139.521111
TRANSACTION 1587190038.559614 179ec9cdbe495c4a06a04e3c9a1e8753 13 24 158 207139.910059
TRANSACTION 1587190038.622553 cb16675f6709f4c9ace4cbb119f91911 23 30 28 207139.973251
TRANSACTION 1587190038.701582 bff6b2c773c0509cfaa7c8cffb79253b 25 19 39 207140.051042
TRANSACTION 1587190038.738214 89a42c198c7ea0b94c58c2bd23a6f06e 21 19 4 207140.087544
TRANSACTION 1587190039.049956 30fae701aaf4abacb4769ac5055e8ef8 0 7 685 207140.399872
TRANSACTION 1587190039.640433 64d52c270f2688cc610680f4079d92a1 30 34 501 207140.990008
TRANSACTION 1587190039.936209 daa6a2c27ac32867abd714ae5881c23e 19 27 112 207141.286343
TRANSACTION 1587190040.372226 ce4b054299e41f2834ce52cc4f1df4c5 14 22 564 207141.721650
TRANSACTION 1587190040.520047 54d57ee86f09c18319d7a5e9092efaa1 6 17 87 207141.869114
TRANSACTION 1587190040.744817 018f917052f41a5763f3e94c4ef62824 2 33 90 207142.094663
TRANSACTION 1587190040.782537 703da1dc20c68ac50ebc4c5f503c68ef 34 28 132 207142.132622
TRANSACTION 1587190040.833289 1666fcffb8acf9d88aafb8e67de8c9ce 31 2 365 207142.183314
TRANSACTION 1587190041.249089 9d51d315bc9bc4fc566aebc4495d13ed 13 6 1 207142.598470
TRANSACTION 1587190041.587938 62e4662cf9db733c08d6dfce2ee9d5a0 1 29 21 207142.937803
TRANSACTION 1587190041.985233 96308da62cdb67e10def01baad8758e3 30 17 251 207143.334773
TRANSACTION 1587190042.300352 4a7646609d4f7495a8b38128abdacc28 8 4 486 207143.649706
TRANSACTION 1587190042.374808 702f50fc42efa8276dfebd5545c04371 35 33 296 207143.724871
TRANSACTION 1587190042.492028 80ec8982cc8ad6abb14097155ceb35ea 17 33 44 207143.841950
TRANSACTION 1587190042.822530 ab2fb4a692568bac48edf961ed64adc6 1 30 30 207144.172623
TRANSACTION 1587190042.922961 329d6366120b72a5477ad2a0a5e0cf01 16 21 16 207144.272070
TRANSACTION 1587190043.257704 5f8d792a42449973d040030845f89568 1 4 248 207144.607289
TRANSACTION 1587190043.802810 9438d9411c2b15701d9a2eb8f93da92e 3 4 2 207145.152496
TRANSACTION 1587190043.938486 90f96d5e1f758f45dccd092e21b22925 24 4 94 207145.288471
TRANSACTION 1587190044.140348 f8e284ca34f12a38cc86eef7e05a439e 17 8 662 207145.489712
TRANSACTION 1587190044.208240 66d253fc1c1f5def1f332d4ddb377e44 12 28 67 207145.557257
TRANSACTION 1587190044.487574 fcc387b5ddf693fcea6807b9e0fab66a 20 32 210 207145.838433
TRANSACTION 1587190045.057879 18411c90bfbdafef3b0b42f638030075 18 24 82 207146.408085
TRANSACTION 1587190045.110918 84a4eafeb4328d2889d268cae72fb8fd 24 23 270 207146.460191
TRANSACTION 1587190045.395400 8fdf6107911144ce5f2e8c0553a8ad27 22 32 50 207146.744978
TRANSACTION 1587190045.832856 d26dd91a5e020370042f4dec5891fa67 28 16 1780 207147.182444
TRANSACTION 1587190045.888208 a47e9de3f0794612be06d9f67220f9d3 30 15 53 207147.237940
TRANSACTION 1587190045.925926 0c8eb8eef7266dea898e2191fe2ea2d1 3 15 764 207147.276997
TRANSACTION 1587190045.925643 e775bb5913222d6c683f5397f92e24fb 36 34 4 207147.277124
TRANSACTION 1587190046.223444 6c3b90a6d00589c7cb103e9359c15b90 26 35 87 207147.572752
TRANSACTION 1587190046.274198 935315d51dea4298819957c4db4976ea 25 16 11 207147.624380
TRANSACTION 1587190046.596308 c91723d5f5572024675b3a98abbd604f 7 31 955 207147.946436
TRANSACTION 1587190046.782440 72f93a8e307c2e5436ef783a38b96486 26 1 280 207148.131765
TRANSACTION 1587190046.807822 0a7e2fd3b5c02d5c29b1d5e393cb06af 14 5 271 207148.157189
TRANSACTION 1587190046.827165 9cd4b8137e11bb4dd783d66fd75c15d9 23 4 11 207148.176417
TRANSACTION 1587190046.870953 79b777e1a32ca87d27942b7e3252ed52 24 26 78 207148.220666
TRANSACTION 1587190046.967519 c1a9c005f572d93f08a4c537ebbcb69e 34 5 26 207148.317458
TRANSACTION 1587190047.176105 5e4ee4cba65f50eac1eb54b75d7f23c7 29 20 2060 207148.525584
TRANSACTION 1587190047.728654 6cb3f1321cec601314f2535ed74db5ae 13 32 96 207149.078477
TRANSACTION 1587190047.745012 0bbf8ede2be2deecf2a162d82aa6c044 0 26 858 207149.094554
TRANSACTION 1587190048.039016 5f1b935c02d9e268ac283184ac838271 22 34 1 207149.388808
TRANSACTION 1587190048.163318 2bfb0222a1d2646f3535214649d36bd2 8 22 1000 207149.513652
TRANSACTION 1587190048.983682 590e3f0e67dd218d152be7f565da2c44 30 24 458 207150.334309
TRANSACTION 1587190049.015276 5ab9d6a3e60daae6e73a573e7845b822 7 27 355 207150.364730
TRANSACTION 1587190049.181000 00fdf13438cd6e09d248eac5a67d1b6e 6 35 18 207150.530425
TRANSACTION 1587190049.414669 62358e3bc482cd5c0963086b6710c347 2 37 31 207150.764429
TRANSACTION 1587190049.774266 0b31185d7cdfdbba825a1e98157f6c58 4 23 301 207151.123558
TRANSACTION 1587190049.938819 e3da87cfb68aebb7b645a96e1f9d5a4d 26 10 176 207151.288419
TRANSACTION 1587190049.980663 e70a6a6650bec82362dd44e3704b67d9 18 30 30 207151.329637
TRANSACTION 1587190050.117561 406129fd0b538857e923cb88801c56ad 15 13 406 207151.467216
TRANSACTION 1587190050.278591 f4ee48f3750a21ebcd9f02050fcdd5b7 25 30 67 207151.627631
TRANSACTION 1587190051.059184 46b1c17d459bd4c8da4f340bb4b22a00 36 10 5 207152.408648
TRANSACTION 1587190051.225513 4d52b53df113125a1f3fa1d06473b18c 14 32 14 207152.575170
TRANSACTION 1587190051.297688 ed41133f8f8a676421003d2b2eac541c 16 18 85 207152.646917
TRANSACTION 1587190051.376114 b662a15c85db751e1da6d9444b35e106 17 21 164 207152.725943
TRANSACTION 1587190051.958185 8d7efd7176e86b3342435507e9fb62f6 14 36 24 207153.307601
TRANSACTION 1587190052.550063 bb004dfd3310b05f6aa7f38e90d7a5ae 19 25 69 207153.899459
TRANSACTION 1587190052.693355 1a0a590bef58a686ee3642fa79a71c55 11 27 1 207154.042667
TRANSACTION 1587190052.712657 b692b6344f25cc9f814bde8cdcc88ec3 7 29 378 207154.061906
TRANSACTION 1587190052.893460 5e61abe92b6ff459c819a77657f38425 29 18 94 207154.242784
TRANSACTION 1587190054.274678 ba69bed9da897a7f5b296c24f237161a 9 19 496 207155.624066
TRANSACTION 1587190054.375278 3208ef5bac22577edef4e0cc889e02f3 4 32 7 207155.724723
TRANSACTION 1587190054.837148 da71368ce3155acf49139ef5b45736c8 35 40 6 207156.186633
TRANSACTION 1587190055.974457 dc291087013bc1c27d913ca0c8c526d8 31 41 1 207157.324040
TRANSACTION 1587190056.012061 f172b0ab9fbb09e6d44fafbe8f40e9d1 7 17 530 207157.361433
TRANSACTION 1587190056.412977 d184a8f96ca370a49feeb9c08d058c5c 2 33 6 207157.762443
TRANSACTION 1587190056.681532 a9f5ce1dc631a99806ca7c19a219cf94 9 5 35 207158.031088
TRANSACTION 1587190056.778725 f5bf915e28f07913ccdf94fd317ffc01 2 33 2 207158.128035
TRANSACTION 1587190056.984988 bfbd0cfd87c4d82b7193a1143af9f2db 25 38 82 207158.334333
TRANSACTION 1587190057.157206 b6f6a719a012b1d6480d9a5bcb8552f4 3 31 542 207158.506426
TRANSACTION 1587190057.220666 9b9e903e335436c452a4fdafc6bbdd53 23 9 19 207158.570198
TRANSACTION 1587190057.342384 4259ae95afaf828d274a912997279db7 27 11 493 207158.691618
TRANSACTION 1587190057.879343 1c3f89ce429ae8c7c02600384ade8808 27 5 5 207159.228794
TRANSACTION 1587190058.210010 7a7a4866e29edc8b1a8a343813572bc3 39 23 12 207159.559428
TRANSACTION 1587190058.224460 89b56034c867c4bbab2334d97f29599f 21 10 122 207159.573986
TRANSACTION 1587190058.575645 6360b46c8bdceda25a609015991646fc 3 9 191 207159.924909
TRANSACTION 1587190058.726179 876940cfb2c01ef68b3e27f9f32d635b 14 41 44 207160.075679
TRANSACTION 1587190058.806903 d7a4c497eb819c3ae2ccf91ed42b9b7d 1 7 323 207160.156348
TRANSACTION 1587190058.968693 8744ae3fbf48d0b4a80345f4575791db 12 1 352 207160.317907
TRANSACTION 1587190059.200432 1c600195f5bea9070d38040672f67f07 23 24 33 207160.549955
TRANSACTION 1587190059.210139 09a6412278e796090e4ec547e62b9643 31 24 410 207160.559600
TRANSACTION 1587190059.309271 4504baa0c059b6294c6a8b6e092871ae 21 27 90 207160.658516
TRANSACTION 1587190059.585056 9f8f615891014a7d797b7473da26eeb0 38 37 6 207160.934480
TRANSACTION 1587190059.913679 d08d2f767aca8bf46d85b9a3366c3d20 17 43 372 207161.263437
TRANSACTION 1587190060.028491 9f01687b12c049b12ae514df8ddba4b9 23 20 9 207161.377751
TRANSACTION 1587190085.601346 8f7319e6368670321a9c5263ae3dbd12 26 43 216 207186.950455
TRANSACTION 1587190087.175489 8abf5f177dc885afc8d43684101d082c 17 1 110 207188.524674
TRANSACTION 1587190092.442683 5c28600a8b00c1b23aa461a060f6395c 35 27 1 207193.791723
TRANSACTION 1587190094.442905 cca65043f7f253cb823de6ac3681a8e9 29 11 279 207195.792114
TRANSACTION 1587190096.670068 315c591e9705952787d236ab5d749aec 17 23 1171 207198.019061
TRANSACTION 1587190100.277056 c8273fa4e502dda9147c222494b83645 32 9 62 207201.626211
TRANSACTION 1587190114.387114 7c9f9659f59a79a8f59c0a21d627a8cc 37 64 205 207215.736255
TRANSACTION 1587190115.483757 064f02609f178c6b7cac21c41d2d22f8 3 52 1 207216.832737
TRANSACTION 1587190116.324053 23ebac7bd3ea620f28e8df5a88e23543 1 34 24 207217.673032
TRANSACTION 1587190121.052119 8e2b228535464c4b9755d705b0cab9f8 41 71 568 207222.401195
TRANSACTION 1587190134.459153 497fca4c2a37a1e0ce7306eaea96669d 9 53 47 207235.808215
TRANSACTION 1587190144.645168 19e5b4a4cba2c122edb2004584990554 1 21 28 207245.994225
TRANSACTION 1587190147.881636 a1f8b29b04182aaa0fb5238d41699f6a 26 51 35 207249.230910
TRANSACTION 1587190153.150876 5964e6d45617655f465613298c16a620 77 52 271 207254.500039
TRANSACTION 1587190154.667971 b9ec018d0ef4b1c377090003a1ed5825 45 54 48 207256.017086
TRANSACTION 1587190160.661638 bdb1d61e3d12742df61c2375b5b043b7 2 31 1182 207262.010624
TRANSACTION 1587190161.730383 66f437507629c6f1375b1e6e906b8583 59 28 3 207263.079441
TRANSACTION 1587190165.986213 d6917ed96a812f68c89ef2f2eb7278e4 6 84 178 207267.335304
TRANSACTION 1587190169.537466 258aeddf8f20fa737fec589bb900e273 35 62 36 207270.886591
TRANSACTION 1587190175.537153 2643fc75e3fa3147395236c859dae4a2 18 78 1532 207276.886144
TRANSACTION 1587190182.177456 abd7f16e0158e69430d798af524b417d 26 56 8 207283.526588
TRANSACTION 1587190189.416722 dd09f50909a6a5040744268a89ebf48a 73 15 710 207290.765902
TRANSACTION 1587190189.948617 77bd4e7250378d1ea8a61e9a76a66b84 91 79 17 207291.297787
TRANSACTION 1587190190.089788 f3638d3961500783d90cc387d2690eaa 47 82 47 207291.438755
TRANSACTION 1587190190.544760 9cc4e86efd1b1fa5fee5a677759604d9 47 65 2 207291.893887
TRANSACTION 1587190210.890283 17b19cdade9da2e45e1c5cdde928ed56 95 61 123 207312.239311
