TRANSACTION 1587190006.152978 f2ee8b1b2d4d4c83b5bee268b279a61d 3 6 433 207108.257562
TRANSACTION 1587190006.387441 ce131dd01744df63c79fe07d14a2bdb7 1 5 198 207108.260923
TRANSACTION 1587190006.239843 3695d3560eb128a520c9c1b75948e931 2 5 131 207108.270909
TRANSACTION 1587190005.979359 340d784a17e994858c96389f9d8cbb17 2 1 137 207108.278709
TRANSACTION 1587190006.493417 00b8195bd9146dfce78d2ea984923f09 5 7 453 207108.287804
TRANSACTION 1587190006.525465 34fb0bb602700d3b9aa4a116ba713a31 3 8 17 207108.353267
TRANSACTION 1587190006.845755 05284cfe5bc4a9995ca13c3c72d26eb3 7 3 433 207108.353276
TRANSACTION 1587190007.001086 16a994a3dbda0a5ed6953f52d769ada9 3 9 51 207108.367360
TRANSACTION 1587190007.074403 7f669f162b94f0573a44631c3078de16 9 2 45 207108.425159
TRANSACTION 1587190007.127938 f78cede42a8f7cb7d54df01f20d20a3b 3 8 143 207108.480881
TRANSACTION 1587190007.188504 9a660a43c79fb93fec107b121c968e02 4 9 85 207108.542037
TRANSACTION 1587190007.242953 73531223ff2b1dba59accf55beb15a93 1 3 429 207108.593981
TRANSACTION 1587190007.265365 4dc8b8d82742695f2f77d12a53004441 2 8 1318 207108.616553
TRANSACTION 1587190007.273664 f2c4297f7959ea4b5fe51088806c7557 8 5 2507 207108.625591
TRANSACTION 1587190007.312984 d97d864b82099eada4ef17f0050ca013 7 6 16 207108.666280
TRANSACTION 1587190007.323417 4e8a44206c224c869d3d255ad9a7fe28 4 8 43 207108.676902
TRANSACTION 1587190007.353857 035da1977b2c5f49e4d4111fc6c552e3 9 10 11 207108.706243
TRANSACTION 1587190007.423774 a8613ad8a73ee8cb4a6b66dafe15efa1 8 3 114 207108.772922
TRANSACTION 1587190007.422320 eb5c2c662e9fd5f27912a42a5e508629 5 4 1065 207108.773561
TRANSACTION 1587190007.443091 49bc78ac0afd7bfe4142dd72e25ee419 2 9 316 207108.795567
TRANSACTION 1587190007.466430 974b07bb085aea82ddb5b3468902a86b 5 6 246 207108.817072
TRANSACTION 1587190007.472202 dba5a2226721ec6982feef54e9b5f6be 3 2 75 207108.827193
TRANSACTION 1587190007.482514 9eddabdf42a0a68003df4677e7bc2c02 8 7 1 207108.834151
TRANSACTION 1587190007.496830 362b86b9436f5485422dfc5e322d636b 5 2 620 207108.845995
TRANSACTION 1587190007.542199 aaa796a5e7d4497e425f75bb9fb27dfc 3 10 99 207108.894410
TRANSACTION 1587190007.650780 b76b188f281deb016e7932c486ee25df 9 5 114 207109.000719
TRANSACTION 1587190007.678200 c66a870663fa288a4cb55e8b23143800 3 7 455 207109.028646
TRANSACTION 1587190007.699520 91740dee9b2e66e14f8374292e4d7c56 0 6 753 207109.048594
TRANSACTION 1587190007.740889 b19c09ea3bbb1a92621d2fcb8afbc9ba 9 5 197 207109.091995
TRANSACTION 1587190007.796356 1d12066f20aa2e32bcd26c268fc9b359 10 5 106 207109.146316
TRANSACTION 1587190007.965948 0d19a24490f62110995fbd7e27ebdd5d 5 7 313 207109.315458
TRANSACTION 1587190007.973421 88a609df5893b1d7104fd6489dbecec9 6 7 473 207109.323038
TRANSACTION 1587190008.023864 366ebf1758e5ee64ce967710c51d5886 9 4 38 207109.373055
TRANSACTION 1587190008.044289 2ff1e5c3d08b428b20685e2a55d97214 2 3 372 207109.393688
TRANSACTION 1587190008.092738 12ef01f1e49ea6d8bf7b1955052675fd 9 11 15 207109.442121
TRANSACTION 1587190008.101129 788d8f182cf149fc0766803587166a5e 2 3 23 207109.452154
TRANSACTION 1587190008.252629 b1a556a1c942eddb6c92f202db7f963a 9 5 29 207109.601852
TRANSACTION 1587190008.272049 b723986204e88322b1df33ac3901eaed 9 6 3 207109.624033
TRANSACTION 1587190008.291373 26621f3c68986c122c03b7296303d694 8 6 4 207109.640193
TRANSACTION 1587190008.385816 ffea4bc28366e3990ac0d4774012aa78 10 5 4 207109.737423
TRANSACTION 1587190008.681578 db1faf32fbd3bd0da9f8de433415cfe7 11 12 11 207110.032986
TRANSACTION 1587190008.697013 eb637c37440e98bc203e016a13f4806d 11 7 3 207110.047503
TRANSACTION 1587190008.713386 ece1fce8495e0a0fa9cc190f57e540ce 10 9 7 207110.064288
TRANSACTION 1587190008.771802 9ff75fb9534e45b31775e4a2dd685821 11 5 1 207110.120893
TRANSACTION 1587190008.864313 fe6734177efd789c58543647780d8b77 3 13 238 207110.216658
TRANSACTION 1587190008.990905 9582c8aa9db86180dba30219dd69e1a0 13 14 177 207110.342397
TRANSACTION 1587190009.044404 b0415855326b5ec6cbf6673019329a50 1 9 466 207110.395268
TRANSACTION 1587190009.075822 8ff1d752808b4bb49b973c7759a5ba1d 7 11 631 207110.428071
TRANSACTION 1587190009.144252 879b1c944bb424a3dd0c7d769eae9108 11 2 209 207110.494405
TRANSACTION 1587190009.288825 1dcf17edd49f09aa065337bdf9171398 2 6 224 207110.640017
TRANSACTION 1587190009.366313 ca897c6482bf92898787223d0d484a50 2 6 134 207110.716055
TRANSACTION 1587190009.373779 8194294fdd8ca96d56e9fa1c1f48061a 1 2 46 207110.723227
TRANSACTION 1587190009.462239 03c4de758f6d6f70f3c4bbaa3b675f6d 3 13 124 207110.815045
TRANSACTION 1587190009.502724 80f26ada1ec2871c2baaea681890215f 6 9 778 207110.854455
TRANSACTION 1587190009.571203 ee8e8a9a241e87f5e384da9d569db64c 9 13 227 207110.924557
TRANSACTION 1587190009.641711 39a38e99c3277dc646cad4b7b7bc9b4b 1 3 183 207110.994551
TRANSACTION 1587190009.679143 b630dbf81206d77dbe8cddec825b7996 4 7 302 207111.031995
TRANSACTION 1587190009.724550 58bb037cd30b9e6c49c3da913e6abb18 12 15 1 207111.077013
TRANSACTION 1587190009.852087 5a813674c0e94c0a7d466a5be6cae509 8 14 1 207111.201442
TRANSACTION 1587190009.862521 5333fac3a33deb4bd602e1c8d2a34637 12 10 5 207111.217075
TRANSACTION 1587190009.881821 dc3b4f3b26d900123f48d6ef16e46c7c 5 1 280 207111.233161
TRANSACTION 1587190009.885121 9ac844c4c5307244e53ef2a02b1931e2 1 7 215 207111.245863
TRANSACTION 1587190009.967541 2206593f7edc8d601ecd147ca70b42a0 15 6 1 207111.320003
TRANSACTION 1587190009.979982 6be18ee82c31519f73269a9f9cb9c393 4 13 223 207111.330164
TRANSACTION 1587190010.007350 b369760a07d3c40c959b1751f7aab853 0 3 96 207111.359975
TRANSACTION 1587190010.052709 e85454b8bf52fd53b80d5dc710db96fc 5 8 242 207111.407545
TRANSACTION 1587190010.058053 275306193402d92d48c8ad4ce5a26f98 0 13 674 207111.412140
TRANSACTION 1587190010.195535 d4ceec5dec25d91c7a174445ef0806c6 13 2 1253 207111.547139
TRANSACTION 1587190010.269053 cc6aaa2d66172c119953fc32113104b3 11 7 145 207111.621191
TRANSACTION 1587190010.326525 c780ff449cb899ff3cb4cd3f5ba1994c 11 8 15 207111.678079
TRANSACTION 1587190010.396012 222194d2a63f2c178086f5e4af12149a 7 15 323 207111.746911
TRANSACTION 1587190010.406410 27217e366c17a0f50a5c25e8f79de66e 11 1 107 207111.755935
TRANSACTION 1587190010.449770 68bf6d38d93803d690c912d75cfe17ac 3 14 294 207111.799386
TRANSACTION 1587190010.494227 b93081aa362a7c08c859c53082a5e421 8 10 61 207111.843394
TRANSACTION 1587190010.509611 f4bc2f35a76f67e6b971018b875a5d7c 11 14 38 207111.859733
TRANSACTION 1587190010.514935 4e2493ed5b824652cfaf61fb2ab220b7 15 14 279 207111.865807
TRANSACTION 1587190010.515141 03b85fcb9ca549c2aa9d0bf5b6e34000 9 11 852 207111.871021
TRANSACTION 1587190010.535421 b1299a2cb016ac714618115067e19e2d 8 4 173 207111.886033
TRANSACTION 1587190010.542743 cb8cbfc536a0af07c4a04dd0258df4bd 5 3 178 207111.893507
TRANSACTION 1587190010.699290 bc0842161e6547509200d71ca0b3a5a0 14 1 29 207112.051201
TRANSACTION 1587190010.715740 1919db850bbc53557b68ab5621e865b8 1 12 78 207112.066757
TRANSACTION 1587190010.762090 b70e36b05728f147650734e767e2461d 1 11 10 207112.112192
TRANSACTION 1587190010.772435 400851c4215fbf9fee4fc379f46b1299 5 3 28 207112.123669
TRANSACTION 1587190010.817798 f08a1ac25a9e1ebaf33f04314924f710 15 9 16 207112.166813
TRANSACTION 1587190010.867247 6934053aee470f972514e21ea59c2dce 0 3 578 207112.220251
TRANSACTION 1587190010.872710 034aacb3cfd6755afd78df707306e8ae 15 7 11 207112.221733
TRANSACTION 1587190010.905103 3d7659324baf075bff9c222d3f35b3ff 0 8 573 207112.257658
TRANSACTION 1587190011.004690 deb5198fbe4430fba5f91aacf6195b8c 8 2 343 207112.355584
TRANSACTION 1587190011.060292 593e24838971a1d1166e482e7431abfe 8 4 15 207112.412318
TRANSACTION 1587190011.272980 a78407d0b4ed2641f18cfa4fbb7206bf 4 13 178 207112.624498
TRANSACTION 1587190011.316638 9634b6763bbfc60460b60069c2ef4df1 7 15 554 207112.666439
TRANSACTION 1587190011.383264 39444d9515aec0439cc05e2b7f2a23ad 8 11 19 207112.732534
TRANSACTION 1587190011.443868 07d8abde015c8202f53469763d14b6c6 0 14 739 207112.795755
TRANSACTION 1587190011.447345 40f8ccfd6d1cab2374bb101844321a11 15 13 116 207112.800538
TRANSACTION 1587190011.509712 5ba1b98184ffc0f1f554b73af0c298dc 3 1 260 207112.860881
TRANSACTION 1587190011.527212 080ba8f8b9668c57a2f070366254ff2d 3 16 354 207112.876872
TRANSACTION 1587190011.816857 c34a5ec25b94c5683ac507332f79e31c 5 3 4 207113.166824
TRANSACTION 1587190011.829284 c0b9b716ee1348b7afcf7e80387ee2a1 11 17 251 207113.178856
TRANSACTION 1587190011.901720 b53b6b99b062d876c06da4764caf23d0 5 16 58 207113.253919
TRANSACTION 1587190012.022287 54c122b81bcaecf48a0ef344f64ac0a5 4 3 454 207113.373400
TRANSACTION 1587190012.064774 0d3b6c57524e2e275d43195750184343 5 4 8 207113.415530
TRANSACTION 1587190012.133249 e9fa3c24a08cbcffea40ee3452c77c25 0 16 439 207113.484816
TRANSACTION 1587190012.205786 6bf80274b379b99f51cb3b809b7a29b1 15 7 304 207113.557167
TRANSACTION 1587190012.227239 70282db9ae7d170483a1bc8eca7911fd 1 5 379 207113.577757
TRANSACTION 1587190012.230604 8151efd884ccac187f2adce73fc4cfa3 15 14 134 207113.583935
TRANSACTION 1587190012.385111 bf717e358da3131783477fef5de2a933 2 15 1084 207113.738613
TRANSACTION 1587190012.466671 46e02d354017b371dccd68ee4f250eaa 9 15 168 207113.816820
TRANSACTION 1587190012.793489 71ad3e627f502e6118b581463f5acc5e 8 17 116 207114.142862
TRANSACTION 1587190012.890059 6e02ab1d6bba9386e61c9de4c5db7d06 15 6 831 207114.240915
TRANSACTION 1587190012.927525 311b435f6d7b89bfdcd0472421d31f6f 14 15 1330 207114.280275
TRANSACTION 1587190013.044078 6f00cb497854b2bbcca4fb74d26b999e 10 7 21 207114.396976
TRANSACTION 1587190013.167852 77bd6a2c9ecf50a699ae19694ff1f5ba 8 11 56 207114.519151
TRANSACTION 1587190013.180264 6a10d03f26a4ba3636007c3c8c05ae97 11 7 496 207114.530252
TRANSACTION 1587190013.183615 abb456d3e1a3c8e66b9fb65c2d27ed77 4 9 138 207114.536489
TRANSACTION 1587190013.335376 b658e52a6a759fb7200d15866ee398d8 8 15 16 207114.686394
TRANSACTION 1587190013.463962 c8f8ad95626eec70868a75420a05f0bc 1 13 115 207114.815476
TRANSACTION 1587190013.467373 d088c5684e4c7d5194a3d9ab06f530ec 10 15 25 207114.826357
TRANSACTION 1587190013.505760 ff3b5d2b801d8bdc23f2bc291cbd47d7 13 9 281 207114.854958
TRANSACTION 1587190013.522163 6285e680c85270d9d0a28d1ebf7473fa 16 5 419 207114.872546
TRANSACTION 1587190013.556551 94e50c5615ae7728d038cfecb7a5dd64 3 12 452 207114.908244
TRANSACTION 1587190013.581993 11c55ca89cbbece3144c2cfe10ef417f 14 18 208 207114.931619
TRANSACTION 1587190013.655627 1039fc89ac1b769eb86c6cbd0d827784 14 19 21 207115.005466
TRANSACTION 1587190013.716145 018f962e26775557f6dd3ad1dc2058cc 17 9 73 207115.069438
TRANSACTION 1587190013.743618 6219e451f7b96063001a8b5b5d804c69 18 19 85 207115.094166
TRANSACTION 1587190013.877139 043d4a6759b023be0d9b60f961286d0e 15 7 1219 207115.230597
TRANSACTION 1587190014.005814 2222dbd9de66caba6b0973597229f6c8 14 19 9 207115.356137
TRANSACTION 1587190014.061321 73626fcfb5b0c44c6fefa98a1e550592 9 10 95 207115.410720
TRANSACTION 1587190014.183879 745297b573cf77a6dc7fd1267f73b10d 16 15 245 207115.535357
TRANSACTION 1587190014.200287 ddc08c947578ce8d7b7ef5917deb51a1 3 7 85 207115.553039
TRANSACTION 1587190014.223663 eef7003eabaf5dcb6133a2fa73aaa711 15 4 607 207115.575350
TRANSACTION 1587190014.236038 e6e3b92b866c0740e351ffa511c334f3 13 10 46 207115.587072
TRANSACTION 1587190014.263384 8d628ff341ec7da2d984e0c226aea4c7 14 6 10 207115.614015
TRANSACTION 1587190014.288762 a898dfb72b5265f25197e3e58d0b5f43 16 19 149 207115.639286
TRANSACTION 1587190014.488355 613e6ffafcc41babf58a9170eacca454 7 15 1380 207115.839948
TRANSACTION 1587190014.522814 68718858bac8b5b8e78596cfd0663624 2 17 510 207115.873987
TRANSACTION 1587190014.571248 9e47805ca3d6756d1ae19e962f537549 5 17 471 207115.924667
TRANSACTION 1587190014.644759 5898717b6b2964031a5cb7ac4cd5744b 6 15 775 207115.995993
TRANSACTION 1587190014.649167 4273cae0c0f4b9d6c0925b1d706c9aa8 8 3 14 207116.005448
TRANSACTION 1587190014.674516 18b3e75c71ff1a5da00289b906479769 19 3 194 207116.024994
TRANSACTION 1587190014.719916 b7afe65e236c83f71b5c77181cd3bd42 4 15 483 207116.070913
TRANSACTION 1587190014.869493 dac6b175b57db62e0206e5c25379dc3f 10 17 126 207116.220952
TRANSACTION 1587190015.100228 9ed622b66709666277cb1db7abc3918b 5 15 172 207116.452444
TRANSACTION 1587190015.106699 4a406708ed07290d2e35f70f510bc2a5 7 5 520 207116.460485
TRANSACTION 1587190015.164085 7dd9d64162c194e3dd171be8c45b1ed8 12 9 261 207116.517321
TRANSACTION 1587190015.232009 aed40e872839ee0da6c4d7224e07d4f1 17 18 1265 207116.583465
TRANSACTION 1587190015.357474 403be3e3dae471fca06f530b600ccf30 6 18 113 207116.711423
TRANSACTION 1587190015.396958 f7ad68c3c819ee5917e2092cb6b68621 1 20 28 207116.748992
TRANSACTION 1587190015.422369 42ea99b060b06bb35f7a351439135ac0 15 2 2636 207116.774775
TRANSACTION 1587190015.467740 8c37c68691c567c82d29671daa4405b7 14 2 39 207116.819276
TRANSACTION 1587190015.550209 51050d5e22249c93ad7991bf9b33ecbe 19 8 20 207116.901869
TRANSACTION 1587190015.557685 59b9779b146d128ec1056eac02d77096 20 15 1 207116.906674
TRANSACTION 1587190015.615177 6c9dd88e7a6f77d4f9f95200c8db2c59 12 1 191 207116.965268
TRANSACTION 1587190015.654661 4393f61f1af355e8f414fd2088f798a6 12 6 47 207117.004721
TRANSACTION 1587190015.741221 f69f9f099715c03a3d16bf8f446834b9 19 17 1 207117.094923
TRANSACTION 1587190015.782705 873629446c67883bc926bc926c3a5907 0 7 51 207117.136294
TRANSACTION 1587190015.786077 ac6751241ea1f24f66488da21c192173 9 20 57 207117.138239
TRANSACTION 1587190015.864490 8cd79217f8197ecf7e604c01804b3a65 7 10 351 207117.217945
TRANSACTION 1587190015.917963 d600329b3f72135dc35b854accfa945b 16 19 15 207117.268779
TRANSACTION 1587190015.953427 c16715f4fd05da69b35e2ea45b8c10df 8 15 18 207117.306226
TRANSACTION 1587190016.004997 fddf7d17ff2bba9f0ff16ffe8d983f63 5 4 217 207117.356019
TRANSACTION 1587190016.033781 edeb603ddd26b97eaad1d6af80ccb4f3 5 6 308 207117.382675
TRANSACTION 1587190016.030453 904a94efcc6989f59b68a21a9e5bda81 19 14 16 207117.383046
TRANSACTION 1587190016.049064 a7aa94c5c5038aabdc482779056d8c72 18 8 1453 207117.400344
TRANSACTION 1587190016.076378 91a1fce0570f1c2b383713d3bb27acac 6 21 261 207117.429405
TRANSACTION 1587190016.122718 b647eb5a88130fba06e832e934fe3c9d 14 15 3 207117.472804
TRANSACTION 1587190016.208171 4724cb55babbed39dda46e98771c5a8f 15 8 11 207117.562671
TRANSACTION 1587190016.233871 754d11f4eabff985ebf4290da334580b 9 20 255 207117.583153
TRANSACTION 1587190016.233631 c0f3b8e6c5443a208ac9e40cf39ea7ec 17 2 99 207117.594265
TRANSACTION 1587190016.278198 94cd322fc71c5013293ddd29b32a7311 10 9 261 207117.631769
TRANSACTION 1587190016.346637 da84b428f46d3392fe998993b3ce2051 5 20 86 207117.700032
TRANSACTION 1587190016.398098 27cf14b59655889577d13cdf7b89d2be 21 13 146 207117.751851
TRANSACTION 1587190016.418491 c9e0d4ae02dcb2f45ab10a9a778eaa99 17 8 36 207117.769051
TRANSACTION 1587190016.425854 ed62f4fe60c4db9321c29d3611238210 3 8 279 207117.776649
TRANSACTION 1587190016.521566 58e7317be2f7222542604c1e7018c974 7 1 178 207117.871860
TRANSACTION 1587190016.538965 9a6c6039c0ad3d55f7be0f7a46b6fb26 16 3 15 207117.890239
TRANSACTION 1587190016.649866 947208651160affb53d9fdaacd68a2f4 2 11 1857 207118.003064
TRANSACTION 1587190016.722254 da241b0e7d41e6e713f2dc1f5c68b226 21 13 27 207118.072845
TRANSACTION 1587190016.732659 356392293863f5eab4d23b71e2b55b42 3 6 3 207118.082722
TRANSACTION 1587190016.806068 8fc7d0a21bfbb237143e23a26e9259f5 5 4 38 207118.158327
TRANSACTION 1587190016.830507 a3681bcd0fe7ddb48def4083e84bf05b 13 21 281 207118.182221
TRANSACTION 1587190016.904977 8e40eb5368295a5ccbb5578029a38ad5 7 10 121 207118.255722
TRANSACTION 1587190016.940533 427f0b36f3afeb1e629f1b61e44f11f5 14 2 2 207118.293818
TRANSACTION 1587190017.110117 298c8dee0ca7ece5e418d3fb099625e7 14 8 1 207118.459301
TRANSACTION 1587190017.147515 2e6c16c94a1e45fb95c8bed3f48189a8 19 20 3 207118.501754
TRANSACTION 1587190017.167917 50e057274fa285ab1c82ab33407cd17a 17 22 1 207118.517805
TRANSACTION 1587190017.200528 a2fab480f5f6ff1f76713e5d9e28e72c 5 19 7 207118.550664
TRANSACTION 1587190017.200303 56a0f6c923f06ce1cbe60da7c6b03180 15 6 196 207118.557611
TRANSACTION 1587190017.232846 aacaa3cdf917adbd21aa037bdfdce0ff 1 21 453 207118.581817
TRANSACTION 1587190017.445431 ba69de686d6447710b31fb2925cdb3eb 5 21 1 207118.799000
TRANSACTION 1587190017.449834 72ca889648495da54fa3022db31794c1 13 3 14 207118.805961
TRANSACTION 1587190017.579278 8f8bd08c8e55fa4d61f5671165981448 8 15 1581 207118.931057
TRANSACTION 1587190017.594782 d1b7a58760133c5de4e2af23b7ff17ec 11 19 941 207118.947514
TRANSACTION 1587190017.675642 9525ba44d86bec1050856fedf39a6f94 8 7 56 207119.025708
TRANSACTION 1587190017.672215 564c99ec5f2af0a42029c546e8622b14 6 19 95 207119.027456
TRANSACTION 1587190017.689931 f672640abc3d34ee2c9d288970b00cf9 1 6 61 207119.039746
TRANSACTION 1587190017.794386 a3bb495a1b83f3a51a9090a1991e8a56 11 3 506 207119.147052
TRANSACTION 1587190017.816816 8978fe97af4b37f5fcc5d7b1e8bbf33b 1 2 38 207119.167228
TRANSACTION 1587190017.870237 52e7c6fd508a49d73ccdbd65af206ca2 5 22 10 207119.220497
TRANSACTION 1587190017.940756 04375d8ced82bd0c2a1229e94cb506b2 10 2 180 207119.291516
TRANSACTION 1587190017.963266 f23e3b502fb2fe370d01b3759a124947 12 14 28 207119.315436
TRANSACTION 1587190017.983681 484b6e4e53ffb3ed34f4b345ff75c755 22 23 10 207119.366724
TRANSACTION 1587190018.000021 3a19ca97997d5f1698438821a8e2bbe3 17 9 1 207119.387014
TRANSACTION 1587190018.078476 0bfca005b6d0a595fb1d9f22b53580d4 21 16 495 207119.427819
TRANSACTION 1587190018.156000 1d6a75c87ae69a8723fcb8ce13e8547e 12 10 3 207119.508372
TRANSACTION 1587190018.164413 b1974a8800a7d50c83f4d7f5f3f160e2 16 23 248 207119.517210
TRANSACTION 1587190018.187735 620ce39b91f93c2ebcd5ff20a289cc80 15 11 6 207119.540921
TRANSACTION 1587190018.204094 9f1001d49fa8c939694eb2b5e063cc77 12 10 4 207119.557793
TRANSACTION 1587190018.248468 0d130ba50f16760e4d55e1e07c615a2e 18 13 391 207119.598536
TRANSACTION 1587190018.384021 68dd51d3cd57636f427e7e4b00c10c98 13 14 252 207119.735874
TRANSACTION 1587190018.406576 ad9beee86df0328520c22f31a6db36a3 19 23 389 207119.758132
TRANSACTION 1587190018.463044 02e35d1bb4f27136de4bd0d0bcba1ec4 6 4 102 207119.817113
TRANSACTION 1587190018.503509 8b554a2d12174250116a66dc60b610ef 21 2 238 207119.854758
TRANSACTION 1587190018.530956 7808514e7941208f734ac3aa03243d9b 10 1 17 207119.884405
TRANSACTION 1587190018.539372 2850b507d1c7fb2fe1f7da48a1e85702 3 13 92 207119.892725
TRANSACTION 1587190018.566709 08acc5c4cd2e61ed192d4b13bfaf007f 0 13 103 207119.917976
TRANSACTION 1587190018.606156 d2e0328326be0f8d20eb6954f1f2fc09 16 1 82 207119.957802
TRANSACTION 1587190018.698684 f46c5bba4eecba8f13e4fafcb46e5dd8 15 4 1425 207120.047957
TRANSACTION 1587190018.783240 34b386737a02419cf84f0c79b7b39244 19 9 447 207120.136650
TRANSACTION 1587190018.847231 316d1b817e5f1a3e4cc7a21b37fde431 3 21 545 207120.199768
TRANSACTION 1587190018.966811 7b018dd1638639210c0ced439f0c93c8 14 9 229 207120.319146
TRANSACTION 1587190018.978413 7313b1bed5162448c744283bcf6c9874 20 12 151 207120.327869
TRANSACTION 1587190018.979923 2584a7dd8d02d9782f83a9b9c68ba0eb 21 13 357 207120.334111
TRANSACTION 1587190019.014387 df3f69e80fd5a596115c3797e40a4025 20 7 2 207120.364219
TRANSACTION 1587190019.014696 3f8e909897b0dfe8d18260a3fb811bdd 22 7 1 207120.376019
TRANSACTION 1587190019.033997 022f01e94bd7bf60428c2d202d11b50a 1 14 29 207120.385358
TRANSACTION 1587190019.055362 050da2bff180b395ea3bfd48531e35e9 20 16 7 207120.409794
TRANSACTION 1587190019.066708 90a9101c100163930a1dbeb789716e92 2 19 253 207120.417242
TRANSACTION 1587190019.121119 35dd8759b9f2b835d3747605af101c9d 15 19 272 207120.474162
TRANSACTION 1587190019.143874 65312f99487927d857956c69cd8b4526 9 19 77 207120.494405
TRANSACTION 1587190019.141550 9cf9ac91d9d9214e9c6ab5315ab54c21 6 20 136 207120.500622
TRANSACTION 1587190019.164224 af9721685eb86adaa1e17647a6b3842a 1 4 69 207120.513402
TRANSACTION 1587190019.184748 606fbef2bf28d8e2a04f352a30cc6514 11 12 57 207120.537397
TRANSACTION 1587190019.320764 d1a50a78b140a1d846efb6040542b048 9 4 427 207120.672672
TRANSACTION 1587190019.332187 6211a5a2c03682959aab1f8ea45bb4fd 18 2 164 207120.681441
TRANSACTION 1587190019.383844 a96e1f814e3972fc6b4ab9e19e4e0309 2 9 141 207120.735051
TRANSACTION 1587190019.383564 e8f0d9c0870bf1f65f1df54622a393b4 6 7 53 207120.735060
TRANSACTION 1587190019.454253 8f25cf52279a559ee974ce89bcf168c8 8 18 119 207120.807555
TRANSACTION 1587190019.500741 62b543ae9e489fdb7ddd5a02857e540f 12 18 160 207120.851163
TRANSACTION 1587190019.576717 1b4bee49ef59a002474a8d8a20b77d7d 23 12 381 207120.926171
TRANSACTION 1587190019.575242 4df3a6132ab9e00a3123a0127dc54d80 11 12 32 207120.932003
TRANSACTION 1587190019.652129 f99d97644c62a9c742096c71b8952553 15 2 81 207121.005387
TRANSACTION 1587190019.672541 58a4190d4476e7c718070feabf9cecbc 0 21 123 207121.026302
TRANSACTION 1587190019.720919 f10fc53da150bbe5b6e53b9fcae5c4c4 4 17 57 207121.070204
TRANSACTION 1587190019.859463 e60f039ccab6b7b8d9b71936db7b04d3 3 14 74 207121.212601
TRANSACTION 1587190019.983150 68ae18f0078d4b05fcce0331657cc86d 16 14 62 207121.339746
TRANSACTION 1587190019.996394 76f21d9dce1a4e444f5a2f9fb2240c8f 16 7 44 207121.345518
TRANSACTION 1587190020.034797 3370f00fdfe20ec5f8d01bb07ca36f3c 6 16 14 207121.386776
TRANSACTION 1587190020.100299 f6151973319aa898b8b2a2ca3dfe3d3c 3 18 5 207121.449721
TRANSACTION 1587190020.241208 c95efae69b777a30abfeaf3294159ac1 19 12 366 207121.593407
TRANSACTION 1587190020.382796 740f5bbddf4a3fecabde1c50e8bf0356 7 5 109 207121.734115
TRANSACTION 1587190020.502561 30bd1be9d1d20cc249d50f57280324bd 3 11 1 207121.853377
TRANSACTION 1587190020.517028 42b8e24919491958f04e4a0db9317333 7 9 62 207121.866250
TRANSACTION 1587190020.523475 67b3574b9cfc8258625b25285f5e630a 16 23 10 207121.873630
TRANSACTION 1587190020.614945 c905104eae9feeb6f3610341366e9168 11 21 618 207121.969730
TRANSACTION 1587190020.668601 3620b75ea7b0aa6efc8f0ac0ec50d268 19 7 93 207122.023070
TRANSACTION 1587190020.699671 2c484db9e84e6f9f11fa87cbdcc13be7 10 23 74 207122.048788
TRANSACTION 1587190020.950140 02ea011b3f45418a3f401f19cfcb090c 13 5 62 207122.300893
TRANSACTION 1587190020.978647 fec0315cf91b52bb00eb60f13474bcae 18 9 72 207122.330891
TRANSACTION 1587190021.008118 d6a6dbe0d8d45ec13151477c83903480 18 16 236 207122.357349
TRANSACTION 1587190021.283003 e13ea4c1a46b9dff0675e97fd29d70a3 21 23 494 207122.632686
TRANSACTION 1587190021.310080 92bda082c446fa36d5ff259bc159b851 21 22 401 207122.660659
TRANSACTION 1587190022.788275 6352359d6afc1edebe8a832606271a1f 16 11 133 207124.137546
TRANSACTION 1587190023.184745 bee098cc466d302423f56a2072ce2166 0 19 654 207124.534144
TRANSACTION 1587190023.491032 8e23ad416740e55d5756740d4dff6abe 9 20 1128 207124.840568
TRANSACTION 1587190025.035638 8dbaab758829e55bd7468465ae3b8b80 18 1 229 207126.384654
TRANSACTION 1587190026.191675 c5abb2af22bd7e5d4ce484c24bf302d0 7 22 27 207127.541160
TRANSACTION 1587190027.937605 7e3154617fbb3591af7096e54f1bc7fc 25 11 3 207129.287142
TRANSACTION 1587190029.193481 069f0eb44cd5f861da42e460d798d126 4 10 337 207130.543237
TRANSACTION 1587190029.917884 10837da6834fb8af2c873f8c6b551c8e 3 16 4 207131.267160
TRANSACTION 1587190030.317957 2cfe208fb42ceeb27a404d22b8d6643e 28 19 50 207131.667101
TRANSACTION 1587190030.837712 f5c2339f6cd9cfe6a7fc17381292d260 5 23 320 207132.187150
TRANSACTION 1587190031.022019 2deade9c23de837c08c906e314bcb4b0 25 19 10 207132.371557
TRANSACTION 1587190031.338204 4bb61c96ae1e986e38071e67cce03843 12 2 270 207132.688244
TRANSACTION 1587190031.867291 41aeafe2c8ab06b231ca8e4200679daa 1 20 68 207133.216665
TRANSACTION 1587190032.976315 40b93a4379ea7d197985549ce879fd4d 20 11 261 207134.325784
TRANSACTION 1587190033.274737 e58130a8a245726b8bc94f60483dfa7a 3 4 70 207134.623819
TRANSACTION 1587190033.448987 ab66292ef944a72e2c17991d63517fd5 21 23 20 207134.798096
TRANSACTION 1587190034.067308 bc0064e5f3fd86b2528761611ee7acdc 12 15 3 207135.416617
TRANSACTION 1587190034.138084 b2187560a920955115477a3b498911db 30 1 33 207135.487204
TRANSACTION 1587190034.215899 c7a39f1c6152d87e4fc30a00c948555f 19 15 1017 207135.566164
TRANSACTION 1587190035.117902 34f755ffb5b2d83b6f5251f00a70b2e4 12 6 48 207136.467328
TRANSACTION 1587190035.736618 6a08fba6d540c840d19361f98b2424b2 20 30 135 207137.085585
TRANSACTION 1587190035.803777 efda8e836aa50c8c11ae1fccd819fd46 31 17 289 207137.153105
TRANSACTION 1587190037.542459 81ad82bddcc3f96019731e555e46d8e3 30 3 122 207138.891869
TRANSACTION 1587190038.666242 65aef691983b0472d8251863a825281a 10 7 105 207140.015369
TRANSACTION 1587190038.888479 081f55872e76966b1b8d9f227c7ffce3 9 12 44 207140.237922
TRANSACTION 1587190040.580472 b141e2a60c6b702edad0b4073922fdbe 21 23 49 207141.930176
TRANSACTION 1587190040.813893 31cc93780922ac74b2cbc8c016579954 26 22 92 207142.163324
TRANSACTION 1587190041.562768 1d3f739cd4d28a25a6d74c897ce7491c 33 9 2001 207142.912225
TRANSACTION 1587190042.680126 2804a15b0a90c0dd3ebd69ff47497caf 19 24 124 207144.029236
TRANSACTION 1587190044.056868 7947099992d3a4392dbb3edcb82eb1e8 21 35 25 207145.406086
TRANSACTION 1587190044.313770 ec67cd17e398a4e7e2aaaeccad58f72d 12 8 13 207145.663134
TRANSACTION 1587190044.512920 11314a9e805a499a2cc3ae3bcb870e2c 20 36 2 207145.862215
TRANSACTION 1587190045.786923 c33e9986a17ea97b6632750a24f638a6 31 3 926 207147.136177
TRANSACTION 1587190046.274198 935315d51dea4298819957c4db4976ea 25 16 11 207147.623415
TRANSACTION 1587190046.777041 0e3b7db51aa6eee4a147b9e5e59ecac0 20 27 8 207148.126050
TRANSACTION 1587190047.258219 3719a8264115da5a7e784874600f04c7 25 16 8 207148.607338
TRANSACTION 1587190047.764460 f44c23a09eee2b73b3246296253e1500 22 30 1 207149.113861
TRANSACTION 1587190048.983682 590e3f0e67dd218d152be7f565da2c44 30 24 458 207150.333290
TRANSACTION 1587190050.917536 d6b4c3cfd54832aab94f57f86f220974 3 16 21 207152.266822
TRANSACTION 1587190051.186999 7fdfbdc9f88517d4f5ac599d54223fb6 15 39 19 207152.536436
TRANSACTION 1587190051.904812 db701d65510730255ee3f53684b1e8ca 14 39 400 207153.254059
TRANSACTION 1587190053.078185 408d33e5c039db33f2869ca103c54478 14 11 1 207154.427231
TRANSACTION 1587190058.368345 b021147277ac77b514353acb8fcfe6e5 30 8 304 207159.717335
TRANSACTION 1587190058.561301 71ab5c839125a7b5388fee1f703dae19 30 32 237 207159.911377
TRANSACTION 1587190058.726179 876940cfb2c01ef68b3e27f9f32d635b 14 41 44 207160.075436
TRANSACTION 1587190059.205846 1d3561596690e383c130a8d98c76d1a1 43 36 1 207160.554910
TRANSACTION 1587190060.184199 f537d64947b900b4c21dbbf3777b849a 1 25 1125 207161.533492
TRANSACTION 1587190061.148974 65e32d15f82e4f55fb24dc76b55dbdfb 8 28 161 207162.498288
TRANSACTION 1587190061.170686 ff0d9dea5bd1c504b89406f73639d72c 38 10 1071 207162.519698
TRANSACTION 1587190062.768700 8af02d641fbbabcd5f44675e6faddcf2 33 2 138 207164.117764
TRANSACTION 1587190064.055153 06c1e3b095a8deb7d488f1671a9a2328 16 4 301 207165.404030
TRANSACTION 1587190064.450168 f73827eab930c9ee262fa35f3ebea8e9 0 44 37 207165.799306
TRANSACTION 1587190067.144408 563b648e4816a1bfdf907025ec964a88 28 16 135 207168.493453
TRANSACTION 1587190067.521612 7bd6ae3b72ece6614857565f0d6c97d8 10 37 1221 207168.870947
TRANSACTION 1587190067.592762 98b963171d15fffdae905579a6d1ea25 5 45 231 207168.942037
TRANSACTION 1587190067.731957 b16893355d49fbc4f1d612c918fd7546 23 33 510 207169.081160
TRANSACTION 1587190068.302826 553973ecff24903eabf425c9ab0dece5 38 16 383 207169.652054
TRANSACTION 1587190069.513921 c9fef1b02bade366130c75fb47ecc540 21 37 45 207170.863265
TRANSACTION 1587190069.906124 65bca84f7717aeb9322937ef42fd6760 36 20 420 207171.255360
TRANSACTION 1587190070.556237 4b0dea6c4a9095777a27419a6fa64d78 26 23 1 207171.905753
TRANSACTION 1587190071.008272 a08506f12d5cb9f4339b979eaa842369 20 1 302 207172.357598
TRANSACTION 1587190071.057729 84cc33529b3bf3b9f09b6a84ee41aed0 36 34 12 207172.407357
TRANSACTION 1587190072.858849 1a7e9972e70c7ab92c0b2be2c65fdf40 43 16 1 207174.207706
TRANSACTION 1587190073.045906 aa486b52446a870d91ebf6300d8d5282 30 6 349 207174.395313
TRANSACTION 1587190074.492587 d48c67bb41304b0354c608ce13769a45 10 28 35 207175.841939
TRANSACTION 1587190076.234539 01fa5e0cae1fcca986621db6e298b71f 24 38 1322 207177.583733
TRANSACTION 1587190076.575141 a13fc9660d11620dbad6836bd50facff 22 36 285 207177.924029
TRANSACTION 1587190076.676774 51e116109aad05287ddfc8588a288887 43 15 22 207178.025970
TRANSACTION 1587190077.428868 2ed3aef04bc0891b240fca9efea0db39 11 50 47 207178.777736
TRANSACTION 1587190077.475189 35c6e0f8074772f3e280316f644ba254 24 50 25 207178.824101
TRANSACTION 1587190078.409190 673c4d8996ab95bad5f91ff2997591bb 50 3 49 207179.758409
TRANSACTION 1587190078.578236 7f18ea57b90e94d24cff849b92fca641 24 41 17 207179.927616
TRANSACTION 1587190078.797705 5ac218d4f9aaec88986ad50cbbc2a464 26 52 272 207180.146677
TRANSACTION 1587190078.939880 5b408ec2a2579f41534c9b975b56a8be 2 8 208 207180.289244
TRANSACTION 1587190079.044027 7a6a229b0557e18d96c96acafe0ee5f1 45 27 919 207180.393411
TRANSACTION 1587190079.665910 c7d5022ac65a7f8b752842cbdf631ae6 11 17 199 207181.015136
TRANSACTION 1587190080.423897 e59d60f92bdf5f39ad4f13dd0dbf1d8e 31 32 4 207181.773152
TRANSACTION 1587190082.749744 74f286354bfdbf0289f5ee96fd08e236 15 2 317 207184.099291
TRANSACTION 1587190083.265263 0db30965d94253b89228f486bbfc7cb8 50 42 69 207184.614922
TRANSACTION 1587190084.110429 51308aa200decf750c1c8fecc162e90b 21 34 2 207185.459627
TRANSACTION 1587190087.422279 9b0f1ff5b0e517e1afd985fd6c30c5ff 7 5 64 207188.772267
TRANSACTION 1587190089.328965 30a0b28da3929e3f38e1254eba864241 24 56 33 207190.678126
TRANSACTION 1587190090.801094 87f03ed5cf6a7c57679cddfd5ab21d45 14 43 1 207192.150412
TRANSACTION 1587190092.787006 5969c353015f29a87c9c67fd35f3efc5 8 45 27 207194.136441
TRANSACTION 1587190093.816777 5c9eda1a4913830fa583c2469fdc2ca3 5 13 11 207195.166005
TRANSACTION 1587190094.641478 6e79610902432cf58a84568589219a55 2 21 638 207195.990672
TRANSACTION 1587190095.100659 11e8ba8a7f1bd6fdb9bd6d6cee98228b 10 60 1186 207196.449806
TRANSACTION 1587190095.171360 ad6cedff5281501a7bb1fe7e8a215a57 37 2 5 207196.520325
TRANSACTION 1587190096.202371 4cfef29362fea3ce332373e611aa9018 4 45 99 207197.551857
TRANSACTION 1587190096.889390 1219622b13a03a53edf2ba4dfe406fca 42 2 1 207198.238822
TRANSACTION 1587190097.766112 2b886ca26eeb1c7c6a669f9198e0677b 56 33 273 207199.115377
TRANSACTION 1587190098.414849 aeb7ed8e9695b4c3d0a33ae4b6c1d45e 57 16 20 207199.763875
TRANSACTION 1587190098.759300 599fa363bc740e1ab9dc069df35c13a4 32 14 99 207200.108254
TRANSACTION 1587190100.094215 c25ccd7164d73a0ab78025e1077ed7c4 7 60 153 207201.443286
TRANSACTION 1587190100.349216 2be0d4172dcc1c0c89f52639d2de8c8e 26 42 225 207201.698076
TRANSACTION 1587190102.976853 9a9b93ef214464c0a824bc10b54bd3bf 50 2 9 207204.325875
TRANSACTION 1587190103.262382 43317655b7bca7dbc6df4eb23fe5166b 23 2 123 207204.611602
TRANSACTION 1587190105.495848 08c6b6287b2777508dbe5905c9bb6065 38 42 180 207206.844798
TRANSACTION 1587190106.626825 0dad23ce494ee1cbdbc16436f3191c01 12 30 67 207207.976191
TRANSACTION 1587190106.695373 2b88059bbe2d1b61e4468ebf679b2f2e 0 52 675 207208.044817
TRANSACTION 1587190108.530959 56fcdf1645bf957577c5db7621820718 63 32 31 207209.880007
TRANSACTION 1587190109.504128 7ae9594a5efd36d0ad08ef12aff9d48b 43 32 64 207210.853379
TRANSACTION 1587190109.518522 b54ec99845973ec258f50f94ed1953d4 65 4 3 207210.868004
TRANSACTION 1587190109.783801 ab5a74993f86ce9ffaf0a1917544aedf 5 58 44 207211.133105
TRANSACTION 1587190110.145783 a3e50707eebdceb25177ffc68faf7324 8 29 3 207211.495133
TRANSACTION 1587190112.023421 6fe4ff2012abd784012f9c16737af8cb 35 14 81 207213.372322
TRANSACTION 1587190112.076833 b6d2b61d90afcc3234dc83cf1f4d50df 25 55 258 207213.426027
TRANSACTION 1587190113.039891 422c3645961b32ff15527a5c220a0292 58 21 26 207214.389076
TRANSACTION 1587190113.346567 617977baba67089f9657255c9dcf2229 3 42 3 207214.695554
TRANSACTION 1587190113.888662 9bdcb8fb58cfa5837533a1fdaee73baa 19 57 1 207215.238207
TRANSACTION 1587190114.122787 11dc9c7b65c21ec1aadbeb0d2a0926fc 62 34 162 207215.472194
TRANSACTION 1587190114.504685 accaf58d11fe865255aa4c407a86f476 20 7 529 207215.854302
TRANSACTION 1587190114.950913 4b97c0aba1e4a8ec3c239993d91594be 43 30 176 207216.300407
TRANSACTION 1587190117.323367 54188f71b3f20fc132a6beaa713ca641 67 8 439 207218.672651
TRANSACTION 1587190119.042985 4ad3b7703e06f873fd661cf76a13aa1b 41 5 176 207220.392215
TRANSACTION 1587190120.220230 20b47012a3fd70d2d9923ca9edf2f2d8 29 35 82 207221.569101
TRANSACTION 1587190120.389835 518ad6563d8a43c0869a3f73392dfb14 52 32 12 207221.739315
TRANSACTION 1587190120.441288 f288049d77b4b39a92a847e34fcd2e3e 10 20 33 207221.790262
TRANSACTION 1587190121.237781 08d107753f5a66b126b6ff69159ba98c 58 50 10 207222.587190
TRANSACTION 1587190121.972584 414b7c305cfe908ccfb288b609aa7e45 39 13 2 207223.321900
TRANSACTION 1587190122.205673 e12dfd1dfa3f20c0f9c58ab666322315 0 48 468 207223.554983
TRANSACTION 1587190123.792053 eaeb5b2c83250d80a8a878a1045c33f7 57 22 339 207225.141435
TRANSACTION 1587190123.935422 02888ca34d5a629f786c1bded3ce9e0e 54 66 221 207225.284710
TRANSACTION 1587190124.604149 1efcdbdea9f1c98c313fa851075151cb 6 17 519 207225.953404
TRANSACTION 1587190125.192299 6b84d6c25af01c4cac041db9b4356637 13 69 167 207226.541286
TRANSACTION 1587190125.195674 08a1a8d3ccd78f802ea9ec9c706719d9 10 8 3 207226.545155
TRANSACTION 1587190126.348652 d4dceaa9b65187c325a79364afd891eb 29 45 57 207227.697886
TRANSACTION 1587190128.248571 6b4b9de49fef343c00b3846e509462e3 55 56 1392 207229.597911
TRANSACTION 1587190128.877223 1df997493c7c53348a5fcc35a234be60 71 54 28 207230.226600
TRANSACTION 1587190128.914306 2cbd1f90ed8185d470f850842bf12ed5 42 48 3 207230.263532
TRANSACTION 1587190130.723929 699a2631753aa52a583622601d9bb721 29 66 86 207232.073173
TRANSACTION 1587190130.781942 b49360353d3dbd8290f7d3526cb6cb75 54 36 197 207232.131439
TRANSACTION 1587190131.337933 3f87a0465c3e5a8840c269e684f93ce1 16 66 398 207232.687280
TRANSACTION 1587190131.585526 3d334010d838b84f900b4e978c4381e1 65 43 370 207232.935340
TRANSACTION 1587190131.705354 4173d298ed142b2ea9cb99bc70b16deb 59 53 58 207233.055062
TRANSACTION 1587190132.092312 59e602e668bff8dec16f263c39ae258c 35 2 14 207233.441401
TRANSACTION 1587190132.163633 541598c93865dc025f6aa2ade26d945d 59 32 49 207233.513160
TRANSACTION 1587190132.664001 f1f9adbbf03264d0adbfb9bb5ee869b9 0 71 670 207234.013445
TRANSACTION 1587190132.902739 9521f21fd4067d4c0ee66d0174fe066f 13 77 361 207234.251845
TRANSACTION 1587190133.120207 a059fd068b644312e4f12f8c67466a38 45 19 1 207234.469237
TRANSACTION 1587190133.365183 5d250d1d1e0606eb625c31e90862bd55 69 57 157 207234.714600
TRANSACTION 1587190134.441674 42a481017b27001719b5e803f3d0eefe 25 72 543 207235.791016
TRANSACTION 1587190134.649713 31a339388b8b53faa1041ce4a191b4b0 74 15 1 207235.999215
TRANSACTION 1587190136.353850 553d6abdedce68c860ed69d4a63215cc 60 13 3 207237.703360
TRANSACTION 1587190139.057590 b82f50ff564163892bcd3567f226db29 60 5 6 207240.406840
TRANSACTION 1587190139.778309 87d9e56ff16729dc1e70ce08957f91a0 66 54 84 207241.127443
TRANSACTION 1587190144.020328 31392d34d75b3b875a7fb179ba3925f6 73 75 2 207245.369380
TRANSACTION 1587190144.306824 b29428b7b3c93c1bc547f73830341314 15 70 16 207245.656132
TRANSACTION 1587190145.586162 9ccbb3e273537e23f6a5c292ad36902c 20 49 35 207246.935071
TRANSACTION 1587190146.584884 33fd09513b9e45c3cfec5fca298ee88f 23 53 1196 207247.934074
TRANSACTION 1587190147.115190 9a74ed6f5549126707d18024d10368fd 61 24 721 207248.464339
TRANSACTION 1587190147.720260 42f171c15f9cfd1a1c270e2fd89ab8a3 22 23 1211 207249.069321
TRANSACTION 1587190148.340359 9e3a76fbbc612b31fb2af72ccfe9f193 15 65 699 207249.689685
TRANSACTION 1587190149.637352 001e7aed27a9c8a9dec248c9a8697b5f 18 33 80 207250.986600
TRANSACTION 1587190149.750223 e022df1c977b5e26e80ef2b59efec216 76 74 13 207251.099716
TRANSACTION 1587190149.972114 a3f2642795744229d2aea8578f5a899f 77 37 82 207251.321125
TRANSACTION 1587190150.532876 4cb1a15bdaf6abace9bfc2ee0bea37eb 72 69 1302 207251.882144
TRANSACTION 1587190150.600695 22ceec38080202357da8def1fa22def0 14 68 285 207251.949899
TRANSACTION 1587190151.284693 193c222cbf21d0e6912f17490656d97d 67 31 25 207252.633777
TRANSACTION 1587190151.850356 a4e6325b3e115330b20643530d8e65db 73 71 14 207253.200001
TRANSACTION 1587190152.322515 561951cbab1cd29ed9d6fa707b7c2b3d 16 3 10 207253.671391
TRANSACTION 1587190152.712463 e1061e960d79462f85b6db9713a79225 17 48 450 207254.061517
TRANSACTION 1587190152.961402 4635046f433a835199a878ae6489e189 16 33 20 207254.310708
TRANSACTION 1587190154.571033 d186cd324cf30baf2b7c5587843d4fa7 12 32 1299 207255.920326
TRANSACTION 1587190155.124972 2632f8a35e9be5072ecc93f167fecbaf 31 77 115 207256.474132
TRANSACTION 1587190156.159887 bad71d5321d4659618bfafd6a67f2945 48 77 859 207257.509369
TRANSACTION 1587190156.732700 26b7c3e71db407394b4bb6eb9e3b94a2 24 49 581 207258.081927
TRANSACTION 1587190157.000006 c6c5cd29769d4b31b6460f3d3bab874b 55 12 996 207258.349435
TRANSACTION 1587190157.601257 8cf5a5ffeb69d707c56a4c947071cef3 31 32 2 207258.950440
TRANSACTION 1587190158.328263 fa86510e53a1807cd631f53fe0b5b4df 68 82 2 207259.677463
TRANSACTION 1587190158.440615 9c04de979150b6b6da3747d67f26eae0 65 56 256 207259.790070
TRANSACTION 1587190159.775934 54c3ffc028a46cdae4b42259efa96c72 0 10 231 207261.125418
TRANSACTION 1587190159.968475 1a561b7561d931779e495367d0a6cf01 3 35 1 207261.317938
TRANSACTION 1587190160.123877 7c2427878796e02d99ce8b45c29e631b 65 16 78 207261.473382
TRANSACTION 1587190161.356013 2f062b6615c1d875175085bf1e60fe71 36 9 14 207262.705335
TRANSACTION 1587190161.387556 5a5b384057149751a156a4668f1c5c39 22 46 212 207262.736965
TRANSACTION 1587190161.705000 c01056d64961d17724653840f891553c 31 21 53 207263.053916
TRANSACTION 1587190164.073402 d3dc814e10caec989695a744c781ea1a 28 32 135 207265.422333
TRANSACTION 1587190164.748692 8509287ca73cbbfed8c48a41a25f867e 33 64 23 207266.098366
TRANSACTION 1587190164.793127 f399cab0d9dacd3d49fead01337a26a2 8 64 6 207266.142616
TRANSACTION 1587190164.978476 d4ef76343024cb1ce41e6e3aebe10e06 11 17 594 207266.327879
TRANSACTION 1587190165.335582 2131d776700a90fcfe0f9122aced7583 20 64 64 207266.684731
TRANSACTION 1587190165.722107 5522a6e5f2583658efab9f253456c22e 59 60 2 207267.071327
TRANSACTION 1587190166.002618 a033bb92ddec663a2a1351210e55c8e1 46 8 100 207267.352070
TRANSACTION 1587190166.142567 07750002e1ae6e373a250494a2027409 3 72 851 207267.491947
TRANSACTION 1587190167.570675 96ad9722ae56a3a77d18e5e9ce313719 11 8 1 207268.919702
TRANSACTION 1587190168.228464 bdfc2cf3f0f8b141cb1aceef46548a6c 16 70 108 207269.577707
TRANSACTION 1587190168.619962 12f3ff577e9ebecd742eedff0debcb4d 16 78 246 207269.969294
TRANSACTION 1587190168.726493 22317b43334c40e6b4c8d7de3d163aa6 54 15 1 207270.075849
TRANSACTION 1587190169.861245 ab8410b15d2e09efeb0b3baebe4dffd3 16 45 469 207271.210448
TRANSACTION 1587190173.998431 f061e0f2a4cac9edd36002a5e57f356d 7 21 6 207275.347451
TRANSACTION 1587190175.431216 59670efe93fd45b254261db0b2d96d6f 20 38 1 207276.780359
TRANSACTION 1587190175.445532 982cc1ed2425f1a96b091221bb21bd79 41 87 685 207276.794920
TRANSACTION 1587190176.362638 0823659dbb4034df99432613d838a226 21 75 870 207277.711635
TRANSACTION 1587190176.425168 d99a40efa7e84442f52d511270ac66bb 71 55 4 207277.774961
TRANSACTION 1587190177.600499 961f8b258d8d0d8d7f52158699243f0a 60 88 489 207278.949463
TRANSACTION 1587190178.654958 ed28a56aa34c32f7ddab04b07861a72b 1 13 29 207280.004106
TRANSACTION 1587190178.868770 5876f64a6e5db6077aa2e78b783fee61 63 71 794 207280.218060
TRANSACTION 1587190179.007209 4971b04a012fbc585a9f0b3ea4bdc832 22 40 36 207280.356530
TRANSACTION 1587190179.089811 e94602d67ab0c0d53e47be91f2891f06 82 23 167 207280.439168
TRANSACTION 1587190179.950085 a7ea61deea3ae549115e9aae6bdb5ba7 26 57 11 207281.299477
TRANSACTION 1587190180.440217 4a936ce8810fced27f0de320723366ed 83 35 1 207281.789608
TRANSACTION 1587190181.437871 ed361c0264377856b04103cbdb085380 79 59 37 207282.787055
TRANSACTION 1587190181.856673 ea178c0290f696155d1295bb6472f955 86 70 12 207283.205903
TRANSACTION 1587190182.132063 c69c01ce554f626efe004890b0099f5a 82 56 74 207283.481458
TRANSACTION 1587190182.721460 d92ea82e1281634c2aba33ffaa25d1bd 39 83 51 207284.070904
TRANSACTION 1587190182.978733 84d1f8fa0281eaee5fc47260b599962b 74 63 2663 207284.328204
TRANSACTION 1587190183.224719 d75b72e31d7d1c54ca9cc1098b33888b 4 80 2 207284.573893
TRANSACTION 1587190184.139911 f73c0191426fea4cf15fdcedd37c9515 53 73 1036 207285.489171
TRANSACTION 1587190186.348884 d1846981d4a1c8897296c7f591081deb 58 18 456 207287.698234
TRANSACTION 1587190187.677114 56110d03bed13749a0fee2c372842234 27 88 1 207289.026317
TRANSACTION 1587190188.353771 01cb7a927ed61c8d97527da78f94512c 5 40 811 207289.703211
TRANSACTION 1587190189.134389 a0b79a5fd8e9e14872dc07c5e803733e 49 88 14 207290.483743
TRANSACTION 1587190189.246198 712b8dceb0c4b30a83229686056c7af1 77 48 222 207290.595433
TRANSACTION 1587190189.976043 f243b23233a6c66dd5cd05af89b8113f 6 37 320 207291.325326
TRANSACTION 1587190190.451271 2fdb0303f31e6e0ba62f317a120ddda7 87 69 84 207291.800642
TRANSACTION 1587190192.151280 b2400c778783a8e17042ce8766ccbcc3 33 64 25 207293.500420
TRANSACTION 1587190193.000005 5b08e4b1f97ba363d759a4865187db97 60 88 30 207294.349445
TRANSACTION 1587190194.056262 f25ee6e7cba1e54d2006eeaf0c9a02fd 21 71 7 207295.405624
TRANSACTION 1587190194.304116 0d9e6f429cee9bb345b5284ee9445fa8 88 28 734 207295.653363
TRANSACTION 1587190194.630699 5881a66a3bbb352c2bf2af1ec3085d12 32 36 45 207295.979959
TRANSACTION 1587190195.121812 7524a17b66610176e9cd3165b75dcfae 79 50 214 207296.471242
TRANSACTION 1587190195.442050 fd8cbaf24a9c22ad97b22501d2234f0b 22 3 2 207296.791484
TRANSACTION 1587190195.477897 e73178b89c6e0d04ee46f92caeb3cd31 68 19 381 207296.826853
TRANSACTION 1587190195.831619 e0732a6f74dd601c342a9a84a374c0f0 75 49 175 207297.181098
TRANSACTION 1587190197.236093 c0d62afb1e2ec68d5184020cad43d7fb 10 81 547 207298.585229
TRANSACTION 1587190197.991355 b3ba038009a5d0ccb2303a2439a91542 72 36 117 207299.340515
TRANSACTION 1587190199.162280 693bc91bdbbfbd30ddd42de33b9cb2b7 34 43 1 207300.511811
TRANSACTION 1587190199.207213 de0685027ac60197ba68c01eb784137f 82 77 573 207300.556627
TRANSACTION 1587190199.743078 019ac11b90d4404f54ae97a47324f0e9 70 79 16 207301.092260
TRANSACTION 1587190200.362309 8d1c0e8d900e4426a4d6b79eef7ca03b 45 39 52 207301.711626
TRANSACTION 1587190200.952747 fa61ffd154ac766c66319c3f9a891bc6 57 41 3 207302.301977
TRANSACTION 1587190203.091410 12fe87ccb5c62e9d678ab3462483809a 13 70 7 207304.440556
TRANSACTION 1587190203.370755 9b722b46e6d9200cd677aeaed60ce2ca 47 85 288 207304.720246
TRANSACTION 1587190204.270523 857ffae3a54abbc328d38e82c592ae87 34 7 7 207305.620247
TRANSACTION 1587190205.846314 ecd3fc6d7e997cf136cf579b436da8c7 7 13 78 207307.195207
TRANSACTION 1587190205.949481 0f1fd02ba230bfd3dbe275ad209fdd5c 37 35 6 207307.298877
TRANSACTION 1587190207.122129 54629b134678585435f0246e30ffcf5f 92 58 18 207308.471331
TRANSACTION 1587190208.125638 992767f59c3746846471c3ea4220f9f1 59 84 14 207309.474794
TRANSACTION 1587190208.600691 b8614b42d6c8e45805072bca0c0342a3 48 24 147 207309.949590
TRANSACTION 1587190209.345985 0e27d191bc82ad64b3732451d648a1b0 6 78 736 207310.695147
TRANSACTION 1587190210.201556 db30a16eee7317d23f441cef9a84a08a 24 61 120 207311.550579
TRANSACTION 1587190211.630157 8ad17c10858934bcfaf3f72e51b595f5 52 59 2 207312.979472
