TRANSACTION 1587190005.989594 a525fd79fa842b46f8b7225a1f506f3c 3 5 2 207108.239515
TRANSACTION 1587190006.281593 061d534a9e1ed02be95adb11b85c7a05 6 3 984 207108.239552
TRANSACTION 1587190006.060255 517ed4a5657089e7c1b944b3f9efefb7 1 5 89 207108.246279
TRANSACTION 1587190006.088533 a065478c1ba2893c549fda3bbb7dbed8 5 6 291 207108.249337
TRANSACTION 1587190006.518889 f9522a5d39d0751189d7fd8e0f1ffb82 6 5 30 207108.249346
TRANSACTION 1587190006.387441 ce131dd01744df63c79fe07d14a2bdb7 1 5 198 207108.265213
TRANSACTION 1587190006.239843 3695d3560eb128a520c9c1b75948e931 2 5 131 207108.274868
TRANSACTION 1587190005.979359 340d784a17e994858c96389f9d8cbb17 2 1 137 207108.284736
TRANSACTION 1587190006.493417 00b8195bd9146dfce78d2ea984923f09 5 7 453 207108.292590
TRANSACTION 1587190006.525465 34fb0bb602700d3b9aa4a116ba713a31 3 8 17 207108.371641
TRANSACTION 1587190006.845755 05284cfe5bc4a9995ca13c3c72d26eb3 7 3 433 207108.371651
TRANSACTION 1587190007.001086 16a994a3dbda0a5ed6953f52d769ada9 3 9 51 207108.371654
TRANSACTION 1587190007.074403 7f669f162b94f0573a44631c3078de16 9 2 45 207108.441712
TRANSACTION 1587190007.127938 f78cede42a8f7cb7d54df01f20d20a3b 3 8 143 207108.493537
TRANSACTION 1587190007.188504 9a660a43c79fb93fec107b121c968e02 4 9 85 207108.555031
TRANSACTION 1587190007.242953 73531223ff2b1dba59accf55beb15a93 1 3 429 207108.608784
TRANSACTION 1587190007.265365 4dc8b8d82742695f2f77d12a53004441 2 8 1318 207108.640074
TRANSACTION 1587190007.273664 f2c4297f7959ea4b5fe51088806c7557 8 5 2507 207108.640084
TRANSACTION 1587190007.312984 d97d864b82099eada4ef17f0050ca013 7 6 16 207108.690605
TRANSACTION 1587190007.323417 4e8a44206c224c869d3d255ad9a7fe28 4 8 43 207108.690616
TRANSACTION 1587190007.353857 035da1977b2c5f49e4d4111fc6c552e3 9 10 11 207108.719132
TRANSACTION 1587190007.423774 a8613ad8a73ee8cb4a6b66dafe15efa1 8 3 114 207108.810978
TRANSACTION 1587190007.422320 eb5c2c662e9fd5f27912a42a5e508629 5 4 1065 207108.810989
TRANSACTION 1587190007.443091 49bc78ac0afd7bfe4142dd72e25ee419 2 9 316 207108.810993
TRANSACTION 1587190007.466430 974b07bb085aea82ddb5b3468902a86b 5 6 246 207108.867885
TRANSACTION 1587190007.472202 dba5a2226721ec6982feef54e9b5f6be 3 2 75 207108.867896
TRANSACTION 1587190007.482514 9eddabdf42a0a68003df4677e7bc2c02 8 7 1 207108.867899
TRANSACTION 1587190007.496830 362b86b9436f5485422dfc5e322d636b 5 2 620 207108.867902
TRANSACTION 1587190007.542199 aaa796a5e7d4497e425f75bb9fb27dfc 3 10 99 207108.908968
TRANSACTION 1587190007.650780 b76b188f281deb016e7932c486ee25df 9 5 114 207109.017238
TRANSACTION 1587190007.678200 c66a870663fa288a4cb55e8b23143800 3 7 455 207109.042785
TRANSACTION 1587190007.699520 91740dee9b2e66e14f8374292e4d7c56 0 6 753 207109.065476
TRANSACTION 1587190007.740889 b19c09ea3bbb1a92621d2fcb8afbc9ba 9 5 197 207109.107470
TRANSACTION 1587190007.796356 1d12066f20aa2e32bcd26c268fc9b359 10 5 106 207109.163983
TRANSACTION 1587190007.965948 0d19a24490f62110995fbd7e27ebdd5d 5 7 313 207109.342216
TRANSACTION 1587190007.973421 88a609df5893b1d7104fd6489dbecec9 6 7 473 207109.342227
TRANSACTION 1587190008.023864 366ebf1758e5ee64ce967710c51d5886 9 4 38 207109.391312
TRANSACTION 1587190008.044289 2ff1e5c3d08b428b20685e2a55d97214 2 3 372 207109.408321
TRANSACTION 1587190008.092738 12ef01f1e49ea6d8bf7b1955052675fd 9 11 15 207109.468457
TRANSACTION 1587190008.101129 788d8f182cf149fc0766803587166a5e 2 3 23 207109.468468
TRANSACTION 1587190008.252629 b1a556a1c942eddb6c92f202db7f963a 9 5 29 207109.618822
TRANSACTION 1587190008.272049 b723986204e88322b1df33ac3901eaed 9 6 3 207109.635552
TRANSACTION 1587190008.291373 26621f3c68986c122c03b7296303d694 8 6 4 207109.655107
TRANSACTION 1587190008.385816 ffea4bc28366e3990ac0d4774012aa78 10 5 4 207109.753285
TRANSACTION 1587190008.681578 db1faf32fbd3bd0da9f8de433415cfe7 11 12 11 207110.060997
TRANSACTION 1587190008.697013 eb637c37440e98bc203e016a13f4806d 11 7 3 207110.061008
TRANSACTION 1587190008.713386 ece1fce8495e0a0fa9cc190f57e540ce 10 9 7 207110.076614
TRANSACTION 1587190008.771802 9ff75fb9534e45b31775e4a2dd685821 11 5 1 207110.120801
TRANSACTION 1587190008.864313 fe6734177efd789c58543647780d8b77 3 13 238 207110.229627
TRANSACTION 1587190008.990905 9582c8aa9db86180dba30219dd69e1a0 13 14 177 207110.356773
TRANSACTION 1587190009.044404 b0415855326b5ec6cbf6673019329a50 1 9 466 207110.410091
TRANSACTION 1587190009.075822 8ff1d752808b4bb49b973c7759a5ba1d 7 11 631 207110.440666
TRANSACTION 1587190009.144252 879b1c944bb424a3dd0c7d769eae9108 11 2 209 207110.509898
TRANSACTION 1587190009.288825 1dcf17edd49f09aa065337bdf9171398 2 6 224 207110.655428
TRANSACTION 1587190009.366313 ca897c6482bf92898787223d0d484a50 2 6 134 207110.741642
TRANSACTION 1587190009.373779 8194294fdd8ca96d56e9fa1c1f48061a 1 2 46 207110.741652
TRANSACTION 1587190009.462239 03c4de758f6d6f70f3c4bbaa3b675f6d 3 13 124 207110.828757
TRANSACTION 1587190009.502724 80f26ada1ec2871c2baaea681890215f 6 9 778 207110.867194
TRANSACTION 1587190009.571203 ee8e8a9a241e87f5e384da9d569db64c 9 13 227 207110.938694
TRANSACTION 1587190009.641711 39a38e99c3277dc646cad4b7b7bc9b4b 1 3 183 207111.008052
TRANSACTION 1587190009.679143 b630dbf81206d77dbe8cddec825b7996 4 7 302 207111.043478
TRANSACTION 1587190009.724550 58bb037cd30b9e6c49c3da913e6abb18 12 15 1 207111.089867
TRANSACTION 1587190009.852087 5a813674c0e94c0a7d466a5be6cae509 8 14 1 207111.201198
TRANSACTION 1587190009.862521 5333fac3a33deb4bd602e1c8d2a34637 12 10 5 207111.230307
TRANSACTION 1587190009.881821 dc3b4f3b26d900123f48d6ef16e46c7c 5 1 280 207111.258371
TRANSACTION 1587190009.885121 9ac844c4c5307244e53ef2a02b1931e2 1 7 215 207111.258382
TRANSACTION 1587190009.967541 2206593f7edc8d601ecd147ca70b42a0 15 6 1 207111.345649
TRANSACTION 1587190009.979982 6be18ee82c31519f73269a9f9cb9c393 4 13 223 207111.345660
TRANSACTION 1587190010.007350 b369760a07d3c40c959b1751f7aab853 0 3 96 207111.371271
TRANSACTION 1587190010.494227 b93081aa362a7c08c859c53082a5e421 8 10 61 207111.843226
TRANSACTION 1587190017.110117 298c8dee0ca7ece5e418d3fb099625e7 14 8 1 207118.459149
TRANSACTION 1587190018.078476 0bfca005b6d0a595fb1d9f22b53580d4 21 16 495 207119.427651
TRANSACTION 1587190018.978413 7313b1bed5162448c744283bcf6c9874 20 12 151 207120.327691
TRANSACTION 1587190019.164224 af9721685eb86adaa1e17647a6b3842a 1 4 69 207120.513286
TRANSACTION 1587190019.332187 6211a5a2c03682959aab1f8ea45bb4fd 18 2 164 207120.681215
TRANSACTION 1587190020.699671 2c484db9e84e6f9f11fa87cbdcc13be7 10 23 74 207122.048690
TRANSACTION 1587190030.837712 f5c2339f6cd9cfe6a7fc17381292d260 5 23 320 207132.187002
TRANSACTION 1587190031.867291 41aeafe2c8ab06b231ca8e4200679daa 1 20 68 207133.216429
TRANSACTION 1587190046.274198 935315d51dea4298819957c4db4976ea 25 16 11 207147.623285
TRANSACTION 1587190048.983682 590e3f0e67dd218d152be7f565da2c44 30 24 458 207150.333123
TRANSACTION 1587190058.726179 876940cfb2c01ef68b3e27f9f32d635b 14 41 44 207160.075282
TRANSACTION 1587190076.234539 01fa5e0cae1fcca986621db6e298b71f 24 38 1322 207177.583599
TRANSACTION 1587190078.578236 7f18ea57b90e94d24cff849b92fca641 24 41 17 207179.927349
TRANSACTION 1587190079.044027 7a6a229b0557e18d96c96acafe0ee5f1 45 27 919 207180.393184
TRANSACTION 1587190082.749744 74f286354bfdbf0289f5ee96fd08e236 15 2 317 207184.099063
TRANSACTION 1587190083.265263 0db30965d94253b89228f486bbfc7cb8 50 42 69 207184.614598
TRANSACTION 1587190109.518522 b54ec99845973ec258f50f94ed1953d4 65 4 3 207210.867738
TRANSACTION 1587190113.888662 9bdcb8fb58cfa5837533a1fdaee73baa 19 57 1 207215.237961
TRANSACTION 1587190114.122787 11dc9c7b65c21ec1aadbeb0d2a0926fc 62 34 162 207215.472003
TRANSACTION 1587190114.504685 accaf58d11fe865255aa4c407a86f476 20 7 529 207215.853996
TRANSACTION 1587190114.950913 4b97c0aba1e4a8ec3c239993d91594be 43 30 176 207216.300121
TRANSACTION 1587190125.195674 08a1a8d3ccd78f802ea9ec9c706719d9 10 8 3 207226.544812
TRANSACTION 1587190131.585526 3d334010d838b84f900b4e978c4381e1 65 43 370 207232.935065
TRANSACTION 1587190149.750223 e022df1c977b5e26e80ef2b59efec216 76 74 13 207251.099422
TRANSACTION 1587190156.159887 bad71d5321d4659618bfafd6a67f2945 48 77 859 207257.509111
TRANSACTION 1587190159.775934 54c3ffc028a46cdae4b42259efa96c72 0 10 231 207261.125246
TRANSACTION 1587190166.002618 a033bb92ddec663a2a1351210e55c8e1 46 8 100 207267.351783
TRANSACTION 1587190166.142567 07750002e1ae6e373a250494a2027409 3 72 851 207267.491785
TRANSACTION 1587190175.445532 982cc1ed2425f1a96b091221bb21bd79 41 87 685 207276.794647
TRANSACTION 1587190190.451271 2fdb0303f31e6e0ba62f317a120ddda7 87 69 84 207291.800417
TRANSACTION 1587190193.000005 5b08e4b1f97ba363d759a4865187db97 60 88 30 207294.349167
TRANSACTION 1587190195.121812 7524a17b66610176e9cd3165b75dcfae 79 50 214 207296.471062
TRANSACTION 1587190195.831619 e0732a6f74dd601c342a9a84a374c0f0 75 49 175 207297.180778
TRANSACTION 1587190199.162280 693bc91bdbbfbd30ddd42de33b9cb2b7 34 43 1 207300.511455
TRANSACTION 1587190203.370755 9b722b46e6d9200cd677aeaed60ce2ca 47 85 288 207304.719925
