TRANSACTION 1587190006.387441 ce131dd01744df63c79fe07d14a2bdb7 1 5 198 207108.260736
TRANSACTION 1587190006.239843 3695d3560eb128a520c9c1b75948e931 2 5 131 207108.270750
TRANSACTION 1587190005.979359 340d784a17e994858c96389f9d8cbb17 2 1 137 207108.278579
TRANSACTION 1587190006.493417 00b8195bd9146dfce78d2ea984923f09 5 7 453 207108.287630
TRANSACTION 1587190006.525465 34fb0bb602700d3b9aa4a116ba713a31 3 8 17 207108.355954
TRANSACTION 1587190006.845755 05284cfe5bc4a9995ca13c3c72d26eb3 7 3 433 207108.355964
TRANSACTION 1587190007.001086 16a994a3dbda0a5ed6953f52d769ada9 3 9 51 207108.372630
TRANSACTION 1587190007.074403 7f669f162b94f0573a44631c3078de16 9 2 45 207108.437372
TRANSACTION 1587190007.127938 f78cede42a8f7cb7d54df01f20d20a3b 3 8 143 207108.489904
TRANSACTION 1587190007.188504 9a660a43c79fb93fec107b121c968e02 4 9 85 207108.551256
TRANSACTION 1587190007.242953 73531223ff2b1dba59accf55beb15a93 1 3 429 207108.604995
TRANSACTION 1587190007.265365 4dc8b8d82742695f2f77d12a53004441 2 8 1318 207108.635256
TRANSACTION 1587190007.273664 f2c4297f7959ea4b5fe51088806c7557 8 5 2507 207108.635267
TRANSACTION 1587190007.312984 d97d864b82099eada4ef17f0050ca013 7 6 16 207108.684280
TRANSACTION 1587190007.323417 4e8a44206c224c869d3d255ad9a7fe28 4 8 43 207108.684359
TRANSACTION 1587190007.353857 035da1977b2c5f49e4d4111fc6c552e3 9 10 11 207108.715293
TRANSACTION 1587190007.423774 a8613ad8a73ee8cb4a6b66dafe15efa1 8 3 114 207108.790921
TRANSACTION 1587190007.422320 eb5c2c662e9fd5f27912a42a5e508629 5 4 1065 207108.790932
TRANSACTION 1587190007.443091 49bc78ac0afd7bfe4142dd72e25ee419 2 9 316 207108.807651
TRANSACTION 1587190007.466430 974b07bb085aea82ddb5b3468902a86b 5 6 246 207108.857379
TRANSACTION 1587190007.472202 dba5a2226721ec6982feef54e9b5f6be 3 2 75 207108.857389
TRANSACTION 1587190007.482514 9eddabdf42a0a68003df4677e7bc2c02 8 7 1 207108.857392
TRANSACTION 1587190007.496830 362b86b9436f5485422dfc5e322d636b 5 2 620 207108.857467
TRANSACTION 1587190007.542199 aaa796a5e7d4497e425f75bb9fb27dfc 3 10 99 207108.904605
TRANSACTION 1587190007.650780 b76b188f281deb016e7932c486ee25df 9 5 114 207109.012332
TRANSACTION 1587190007.678200 c66a870663fa288a4cb55e8b23143800 3 7 455 207109.038693
TRANSACTION 1587190007.699520 91740dee9b2e66e14f8374292e4d7c56 0 6 753 207109.060855
TRANSACTION 1587190007.740889 b19c09ea3bbb1a92621d2fcb8afbc9ba 9 5 197 207109.103275
TRANSACTION 1587190007.796356 1d12066f20aa2e32bcd26c268fc9b359 10 5 106 207109.159213
TRANSACTION 1587190007.965948 0d19a24490f62110995fbd7e27ebdd5d 5 7 313 207109.336165
TRANSACTION 1587190007.973421 88a609df5893b1d7104fd6489dbecec9 6 7 473 207109.336175
TRANSACTION 1587190008.023864 366ebf1758e5ee64ce967710c51d5886 9 4 38 207109.387080
TRANSACTION 1587190008.044289 2ff1e5c3d08b428b20685e2a55d97214 2 3 372 207109.404324
TRANSACTION 1587190008.092738 12ef01f1e49ea6d8bf7b1955052675fd 9 11 15 207109.462950
TRANSACTION 1587190008.101129 788d8f182cf149fc0766803587166a5e 2 3 23 207109.462960
TRANSACTION 1587190008.252629 b1a556a1c942eddb6c92f202db7f963a 9 5 29 207109.614822
TRANSACTION 1587190008.272049 b723986204e88322b1df33ac3901eaed 9 6 3 207109.632347
TRANSACTION 1587190008.291373 26621f3c68986c122c03b7296303d694 8 6 4 207109.651565
TRANSACTION 1587190008.385816 ffea4bc28366e3990ac0d4774012aa78 10 5 4 207109.749187
TRANSACTION 1587190008.681578 db1faf32fbd3bd0da9f8de433415cfe7 11 12 11 207110.043873
TRANSACTION 1587190008.697013 eb637c37440e98bc203e016a13f4806d 11 7 3 207110.056870
TRANSACTION 1587190008.713386 ece1fce8495e0a0fa9cc190f57e540ce 10 9 7 207110.073514
TRANSACTION 1587190008.771802 9ff75fb9534e45b31775e4a2dd685821 11 5 1 207110.133565
TRANSACTION 1587190008.864313 fe6734177efd789c58543647780d8b77 3 13 238 207110.225925
TRANSACTION 1587190008.990905 9582c8aa9db86180dba30219dd69e1a0 13 14 177 207110.352987
TRANSACTION 1587190009.044404 b0415855326b5ec6cbf6673019329a50 1 9 466 207110.406255
TRANSACTION 1587190009.075822 8ff1d752808b4bb49b973c7759a5ba1d 7 11 631 207110.436324
TRANSACTION 1587190009.144252 879b1c944bb424a3dd0c7d769eae9108 11 2 209 207110.493371
TRANSACTION 1587190009.288825 1dcf17edd49f09aa065337bdf9171398 2 6 224 207110.651329
TRANSACTION 1587190009.366313 ca897c6482bf92898787223d0d484a50 2 6 134 207110.736529
TRANSACTION 1587190009.373779 8194294fdd8ca96d56e9fa1c1f48061a 1 2 46 207110.736539
TRANSACTION 1587190009.462239 03c4de758f6d6f70f3c4bbaa3b675f6d 3 13 124 207110.824736
TRANSACTION 1587190009.502724 80f26ada1ec2871c2baaea681890215f 6 9 778 207110.863662
TRANSACTION 1587190009.571203 ee8e8a9a241e87f5e384da9d569db64c 9 13 227 207110.934592
TRANSACTION 1587190009.641711 39a38e99c3277dc646cad4b7b7bc9b4b 1 3 183 207111.004018
TRANSACTION 1587190009.679143 b630dbf81206d77dbe8cddec825b7996 4 7 302 207111.039894
TRANSACTION 1587190009.724550 58bb037cd30b9e6c49c3da913e6abb18 12 15 1 207111.086075
TRANSACTION 1587190009.852087 5a813674c0e94c0a7d466a5be6cae509 8 14 1 207111.214046
TRANSACTION 1587190009.862521 5333fac3a33deb4bd602e1c8d2a34637 12 10 5 207111.226315
TRANSACTION 1587190009.881821 dc3b4f3b26d900123f48d6ef16e46c7c 5 1 280 207111.241271
TRANSACTION 1587190009.885121 9ac844c4c5307244e53ef2a02b1931e2 1 7 215 207111.254854
TRANSACTION 1587190009.967541 2206593f7edc8d601ecd147ca70b42a0 15 6 1 207111.340213
TRANSACTION 1587190009.979982 6be18ee82c31519f73269a9f9cb9c393 4 13 223 207111.340224
TRANSACTION 1587190010.007350 b369760a07d3c40c959b1751f7aab853 0 3 96 207111.367759
TRANSACTION 1587190010.052709 e85454b8bf52fd53b80d5dc710db96fc 5 8 242 207111.422797
TRANSACTION 1587190010.058053 275306193402d92d48c8ad4ce5a26f98 0 13 674 207111.422807
TRANSACTION 1587190010.195535 d4ceec5dec25d91c7a174445ef0806c6 13 2 1253 207111.558843
TRANSACTION 1587190010.269053 cc6aaa2d66172c119953fc32113104b3 11 7 145 207111.631816
TRANSACTION 1587190010.326525 c780ff449cb899ff3cb4cd3f5ba1994c 11 8 15 207111.689520
TRANSACTION 1587190010.396012 222194d2a63f2c178086f5e4af12149a 7 15 323 207111.768208
TRANSACTION 1587190010.406410 27217e366c17a0f50a5c25e8f79de66e 11 1 107 207111.768218
TRANSACTION 1587190010.449770 68bf6d38d93803d690c912d75cfe17ac 3 14 294 207111.811604
TRANSACTION 1587190010.494227 b93081aa362a7c08c859c53082a5e421 8 10 61 207111.856664
TRANSACTION 1587190010.509611 f4bc2f35a76f67e6b971018b875a5d7c 11 14 38 207111.884095
TRANSACTION 1587190010.514935 4e2493ed5b824652cfaf61fb2ab220b7 15 14 279 207111.884106
TRANSACTION 1587190010.515141 03b85fcb9ca549c2aa9d0bf5b6e34000 9 11 852 207111.884109
TRANSACTION 1587190010.535421 b1299a2cb016ac714618115067e19e2d 8 4 173 207111.909348
TRANSACTION 1587190010.542743 cb8cbfc536a0af07c4a04dd0258df4bd 5 3 178 207111.909358
TRANSACTION 1587190010.699290 bc0842161e6547509200d71ca0b3a5a0 14 1 29 207112.061811
TRANSACTION 1587190010.715740 1919db850bbc53557b68ab5621e865b8 1 12 78 207112.076277
TRANSACTION 1587190010.762090 b70e36b05728f147650734e767e2461d 1 11 10 207112.135545
TRANSACTION 1587190010.772435 400851c4215fbf9fee4fc379f46b1299 5 3 28 207112.135555
TRANSACTION 1587190010.817798 f08a1ac25a9e1ebaf33f04314924f710 15 9 16 207112.180770
TRANSACTION 1587190010.867247 6934053aee470f972514e21ea59c2dce 0 3 578 207112.237688
TRANSACTION 1587190010.872710 034aacb3cfd6755afd78df707306e8ae 15 7 11 207112.237702
TRANSACTION 1587190010.905103 3d7659324baf075bff9c222d3f35b3ff 0 8 573 207112.266862
TRANSACTION 1587190011.004690 deb5198fbe4430fba5f91aacf6195b8c 8 2 343 207112.369177
TRANSACTION 1587190011.060292 593e24838971a1d1166e482e7431abfe 8 4 15 207112.424712
TRANSACTION 1587190011.272980 a78407d0b4ed2641f18cfa4fbb7206bf 4 13 178 207112.635852
TRANSACTION 1587190011.316638 9634b6763bbfc60460b60069c2ef4df1 7 15 554 207112.678749
TRANSACTION 1587190011.383264 39444d9515aec0439cc05e2b7f2a23ad 8 11 19 207112.745966
TRANSACTION 1587190011.443868 07d8abde015c8202f53469763d14b6c6 0 14 739 207112.813438
TRANSACTION 1587190011.447345 40f8ccfd6d1cab2374bb101844321a11 15 13 116 207112.813448
TRANSACTION 1587190011.509712 5ba1b98184ffc0f1f554b73af0c298dc 3 1 260 207112.872343
TRANSACTION 1587190011.527212 080ba8f8b9668c57a2f070366254ff2d 3 16 354 207112.888010
TRANSACTION 1587190011.816857 c34a5ec25b94c5683ac507332f79e31c 5 3 4 207113.191096
TRANSACTION 1587190011.829284 c0b9b716ee1348b7afcf7e80387ee2a1 11 17 251 207113.191106
TRANSACTION 1587190013.167852 77bd6a2c9ecf50a699ae19694ff1f5ba 8 11 56 207114.516934
TRANSACTION 1587190015.615177 6c9dd88e7a6f77d4f9f95200c8db2c59 12 1 191 207116.964179
TRANSACTION 1587190016.940533 427f0b36f3afeb1e629f1b61e44f11f5 14 2 2 207118.289646
TRANSACTION 1587190021.667265 87333cc79d2f121e999b8d64e996f094 7 16 23 207123.016433
TRANSACTION 1587190026.579969 74cef1cc03c5665f81132eef853febcd 7 12 2 207127.929213
TRANSACTION 1587190031.462240 0ea369a7aa978f4b3cc52049e5f02840 3 12 1 207132.811422
TRANSACTION 1587190037.487755 d1115079a55448a84d336ffadaa608aa 32 18 227 207138.836810
TRANSACTION 1587190042.822530 ab2fb4a692568bac48edf961ed64adc6 1 30 30 207144.171628
TRANSACTION 1587190047.176105 5e4ee4cba65f50eac1eb54b75d7f23c7 29 20 2060 207148.525291
TRANSACTION 1587190095.973713 05cdba38383841c4709d3a325bc3012c 28 30 542 207197.322900
TRANSACTION 1587190097.176496 cd0802cfb10c1128729240730a975632 38 22 1 207198.525779
TRANSACTION 1587190104.314634 65ccb2ca07067006f81d257a2025fd9c 66 20 10 207205.663874
TRANSACTION 1587190109.922401 43e7dea00f488ae286a8436bf0081088 45 21 293 207211.271639
TRANSACTION 1587190110.611409 7f52a48c9497a0075c6fb22a3557c3f9 33 30 42 207211.960994
TRANSACTION 1587190111.791164 24e3c852cbe4b42fb3878b2bffeb6d43 19 26 137 207213.140360
TRANSACTION 1587190116.903759 83264797c42b8d28e8053c3d696f8d57 34 36 6 207218.252843
TRANSACTION 1587190121.808456 50a75fe371f1af3afdece84571560754 49 54 468 207223.157649
TRANSACTION 1587190123.932033 5544ce83ac2f0f2efe886141d6f0889e 28 39 50 207225.281223
TRANSACTION 1587190131.528570 cb96f627b080aed5d3de3a074d7214ed 42 13 2 207232.877715
TRANSACTION 1587190150.613085 963ddee3b5bf4c47d61cf564defe839f 73 8 41 207251.962290
TRANSACTION 1587190151.796783 02d6342901cac2a33851ce2aadc2ad22 35 76 40 207253.145996
TRANSACTION 1587190155.187921 310739170a5c112ade3e770460583ddf 74 58 27 207256.537022
TRANSACTION 1587190155.596046 c5bb001bb2e6a792c08902628676dca0 23 13 1 207256.945118
TRANSACTION 1587190156.283220 630b7be9b5c4ccf9fde049736205a765 30 20 194 207257.632359
TRANSACTION 1587190156.953920 d6a6b0e8ec4f9a1d860a3add190db1f0 8 23 405 207258.303057
TRANSACTION 1587190175.013129 46ed3b46ce200daf22db41e8972fbca2 81 3 34 207276.362218
TRANSACTION 1587190177.042484 d26189ff59839ff552b5eca4cf18f3ee 87 76 53 207278.391738
TRANSACTION 1587190181.844322 7b2d9f1bf49ac23b0d870dd5417b4834 20 72 10 207283.193408
TRANSACTION 1587190182.343585 a70eafc264a6ec22bdeafda89165b817 40 45 32 207283.692625
TRANSACTION 1587190184.503453 f65e8e44083ee1b08c016e56d8af2885 27 86 1 207285.852635
TRANSACTION 1587190185.655561 9c5afd40e8894d421333d2d80a916b06 85 65 21 207287.004630
TRANSACTION 1587190191.096850 95606251cf34124aaf3a16c05abc4c1d 27 66 1 207292.446068
TRANSACTION 1587190191.170475 7955e69292db3708165ec016d53a5d37 66 85 83 207292.519672
TRANSACTION 1587190192.901151 f6f793017144aa4d12b07f59eb3116a8 34 73 217 207294.250359
TRANSACTION 1587190196.407180 2be5485d01cbca9021dc433329285e36 69 80 2 207297.756294
TRANSACTION 1587190206.499348 0d49c703800630d110f39bdbe973dbfe 50 84 70 207307.848544
TRANSACTION 1587190207.070647 0ad4ae50c01de6c634a5b5e3966cde9e 21 40 263 207308.420282
TRANSACTION 1587190210.302747 792275d9325a484798ad6a22e6d6aab3 14 11 688 207311.651956
TRANSACTION 1587190210.752204 10d71d1e769c1d5963688980c5f49f3f 48 37 4 207312.101285
TRANSACTION 1587190213.329985 be96e2bfdbfec2cea28c8f084df9b032 26 71 974 207314.679328
