TRANSACTION 1587190007.074403 7f669f162b94f0573a44631c3078de16 9 2 45 207108.426109
TRANSACTION 1587190007.127938 f78cede42a8f7cb7d54df01f20d20a3b 3 8 143 207108.476990
TRANSACTION 1587190007.188504 9a660a43c79fb93fec107b121c968e02 4 9 85 207108.541362
TRANSACTION 1587190007.242953 73531223ff2b1dba59accf55beb15a93 1 3 429 207108.594651
TRANSACTION 1587190007.265365 4dc8b8d82742695f2f77d12a53004441 2 8 1318 207108.617439
TRANSACTION 1587190007.273664 f2c4297f7959ea4b5fe51088806c7557 8 5 2507 207108.623950
TRANSACTION 1587190007.312984 d97d864b82099eada4ef17f0050ca013 7 6 16 207108.664118
TRANSACTION 1587190007.323417 4e8a44206c224c869d3d255ad9a7fe28 4 8 43 207108.679306
TRANSACTION 1587190007.353857 035da1977b2c5f49e4d4111fc6c552e3 9 10 11 207108.709321
TRANSACTION 1587190007.423774 a8613ad8a73ee8cb4a6b66dafe15efa1 8 3 114 207108.781327
TRANSACTION 1587190007.422320 eb5c2c662e9fd5f27912a42a5e508629 5 4 1065 207108.781337
TRANSACTION 1587190007.443091 49bc78ac0afd7bfe4142dd72e25ee419 2 9 316 207108.792223
TRANSACTION 1587190007.466430 974b07bb085aea82ddb5b3468902a86b 5 6 246 207108.821747
TRANSACTION 1587190007.472202 dba5a2226721ec6982feef54e9b5f6be 3 2 75 207108.832315
TRANSACTION 1587190007.482514 9eddabdf42a0a68003df4677e7bc2c02 8 7 1 207108.839408
TRANSACTION 1587190007.496830 362b86b9436f5485422dfc5e322d636b 5 2 620 207108.851857
TRANSACTION 1587190007.542199 aaa796a5e7d4497e425f75bb9fb27dfc 3 10 99 207108.891345
TRANSACTION 1587190007.650780 b76b188f281deb016e7932c486ee25df 9 5 114 207109.005734
TRANSACTION 1587190007.678200 c66a870663fa288a4cb55e8b23143800 3 7 455 207109.032154
TRANSACTION 1587190007.699520 91740dee9b2e66e14f8374292e4d7c56 0 6 753 207109.054540
TRANSACTION 1587190007.740889 b19c09ea3bbb1a92621d2fcb8afbc9ba 9 5 197 207109.096333
TRANSACTION 1587190007.796356 1d12066f20aa2e32bcd26c268fc9b359 10 5 106 207109.152141
TRANSACTION 1587190007.965948 0d19a24490f62110995fbd7e27ebdd5d 5 7 313 207109.321885
TRANSACTION 1587190007.973421 88a609df5893b1d7104fd6489dbecec9 6 7 473 207109.327317
TRANSACTION 1587190008.023864 366ebf1758e5ee64ce967710c51d5886 9 4 38 207109.378514
TRANSACTION 1587190008.044289 2ff1e5c3d08b428b20685e2a55d97214 2 3 372 207109.399234
TRANSACTION 1587190008.092738 12ef01f1e49ea6d8bf7b1955052675fd 9 11 15 207109.442366
TRANSACTION 1587190008.101129 788d8f182cf149fc0766803587166a5e 2 3 23 207109.455617
TRANSACTION 1587190008.252629 b1a556a1c942eddb6c92f202db7f963a 9 5 29 207109.608396
TRANSACTION 1587190008.272049 b723986204e88322b1df33ac3901eaed 9 6 3 207109.626619
TRANSACTION 1587190008.291373 26621f3c68986c122c03b7296303d694 8 6 4 207109.645319
TRANSACTION 1587190008.385816 ffea4bc28366e3990ac0d4774012aa78 10 5 4 207109.741489
TRANSACTION 1587190008.681578 db1faf32fbd3bd0da9f8de433415cfe7 11 12 11 207110.037290
TRANSACTION 1587190008.697013 eb637c37440e98bc203e016a13f4806d 11 7 3 207110.045936
TRANSACTION 1587190008.713386 ece1fce8495e0a0fa9cc190f57e540ce 10 9 7 207110.067465
TRANSACTION 1587190008.771802 9ff75fb9534e45b31775e4a2dd685821 11 5 1 207110.126386
TRANSACTION 1587190008.864313 fe6734177efd789c58543647780d8b77 3 13 238 207110.219319
TRANSACTION 1587190008.990905 9582c8aa9db86180dba30219dd69e1a0 13 14 177 207110.346221
TRANSACTION 1587190009.044404 b0415855326b5ec6cbf6673019329a50 1 9 466 207110.399097
TRANSACTION 1587190009.075822 8ff1d752808b4bb49b973c7759a5ba1d 7 11 631 207110.429919
TRANSACTION 1587190009.144252 879b1c944bb424a3dd0c7d769eae9108 11 2 209 207110.499446
TRANSACTION 1587190009.288825 1dcf17edd49f09aa065337bdf9171398 2 6 224 207110.643695
TRANSACTION 1587190009.366313 ca897c6482bf92898787223d0d484a50 2 6 134 207110.721292
TRANSACTION 1587190009.373779 8194294fdd8ca96d56e9fa1c1f48061a 1 2 46 207110.727817
TRANSACTION 1587190009.462239 03c4de758f6d6f70f3c4bbaa3b675f6d 3 13 124 207110.817897
TRANSACTION 1587190009.502724 80f26ada1ec2871c2baaea681890215f 6 9 778 207110.857369
TRANSACTION 1587190009.571203 ee8e8a9a241e87f5e384da9d569db64c 9 13 227 207110.927110
TRANSACTION 1587190009.641711 39a38e99c3277dc646cad4b7b7bc9b4b 1 3 183 207110.996335
TRANSACTION 1587190009.679143 b630dbf81206d77dbe8cddec825b7996 4 7 302 207111.028332
TRANSACTION 1587190009.724550 58bb037cd30b9e6c49c3da913e6abb18 12 15 1 207111.078550
TRANSACTION 1587190009.852087 5a813674c0e94c0a7d466a5be6cae509 8 14 1 207111.206442
TRANSACTION 1587190009.862521 5333fac3a33deb4bd602e1c8d2a34637 12 10 5 207111.218806
TRANSACTION 1587190009.881821 dc3b4f3b26d900123f48d6ef16e46c7c 5 1 280 207111.233087
TRANSACTION 1587190009.885121 9ac844c4c5307244e53ef2a02b1931e2 1 7 215 207111.248425
TRANSACTION 1587190009.967541 2206593f7edc8d601ecd147ca70b42a0 15 6 1 207111.322536
TRANSACTION 1587190009.979982 6be18ee82c31519f73269a9f9cb9c393 4 13 223 207111.333322
TRANSACTION 1587190010.007350 b369760a07d3c40c959b1751f7aab853 0 3 96 207111.360133
TRANSACTION 1587190010.052709 e85454b8bf52fd53b80d5dc710db96fc 5 8 242 207111.402465
TRANSACTION 1587190010.058053 275306193402d92d48c8ad4ce5a26f98 0 13 674 207111.413594
TRANSACTION 1587190010.195535 d4ceec5dec25d91c7a174445ef0806c6 13 2 1253 207111.544985
TRANSACTION 1587190010.269053 cc6aaa2d66172c119953fc32113104b3 11 7 145 207111.624634
TRANSACTION 1587190010.326525 c780ff449cb899ff3cb4cd3f5ba1994c 11 8 15 207111.681732
TRANSACTION 1587190010.396012 222194d2a63f2c178086f5e4af12149a 7 15 323 207111.750700
TRANSACTION 1587190010.406410 27217e366c17a0f50a5c25e8f79de66e 11 1 107 207111.760004
TRANSACTION 1587190010.449770 68bf6d38d93803d690c912d75cfe17ac 3 14 294 207111.804418
TRANSACTION 1587190010.494227 b93081aa362a7c08c859c53082a5e421 8 10 61 207111.848974
TRANSACTION 1587190010.509611 f4bc2f35a76f67e6b971018b875a5d7c 11 14 38 207111.863725
TRANSACTION 1587190010.514935 4e2493ed5b824652cfaf61fb2ab220b7 15 14 279 207111.869264
TRANSACTION 1587190010.515141 03b85fcb9ca549c2aa9d0bf5b6e34000 9 11 852 207111.869279
TRANSACTION 1587190010.535421 b1299a2cb016ac714618115067e19e2d 8 4 173 207111.889325
TRANSACTION 1587190010.542743 cb8cbfc536a0af07c4a04dd0258df4bd 5 3 178 207111.895674
TRANSACTION 1587190010.699290 bc0842161e6547509200d71ca0b3a5a0 14 1 29 207112.054709
TRANSACTION 1587190010.715740 1919db850bbc53557b68ab5621e865b8 1 12 78 207112.069890
TRANSACTION 1587190010.762090 b70e36b05728f147650734e767e2461d 1 11 10 207112.117074
TRANSACTION 1587190010.772435 400851c4215fbf9fee4fc379f46b1299 5 3 28 207112.126355
TRANSACTION 1587190010.817798 f08a1ac25a9e1ebaf33f04314924f710 15 9 16 207112.172718
TRANSACTION 1587190010.867247 6934053aee470f972514e21ea59c2dce 0 3 578 207112.224404
TRANSACTION 1587190010.872710 034aacb3cfd6755afd78df707306e8ae 15 7 11 207112.226266
TRANSACTION 1587190010.905103 3d7659324baf075bff9c222d3f35b3ff 0 8 573 207112.259389
TRANSACTION 1587190011.004690 deb5198fbe4430fba5f91aacf6195b8c 8 2 343 207112.360702
TRANSACTION 1587190011.060292 593e24838971a1d1166e482e7431abfe 8 4 15 207112.416668
TRANSACTION 1587190011.272980 a78407d0b4ed2641f18cfa4fbb7206bf 4 13 178 207112.622073
TRANSACTION 1587190011.316638 9634b6763bbfc60460b60069c2ef4df1 7 15 554 207112.672387
TRANSACTION 1587190011.383264 39444d9515aec0439cc05e2b7f2a23ad 8 11 19 207112.732912
TRANSACTION 1587190011.443868 07d8abde015c8202f53469763d14b6c6 0 14 739 207112.805073
TRANSACTION 1587190011.447345 40f8ccfd6d1cab2374bb101844321a11 15 13 116 207112.805089
TRANSACTION 1587190011.509712 5ba1b98184ffc0f1f554b73af0c298dc 3 1 260 207112.865586
TRANSACTION 1587190011.527212 080ba8f8b9668c57a2f070366254ff2d 3 16 354 207112.881860
TRANSACTION 1587190011.816857 c34a5ec25b94c5683ac507332f79e31c 5 3 4 207113.172771
TRANSACTION 1587190011.829284 c0b9b716ee1348b7afcf7e80387ee2a1 11 17 251 207113.184084
TRANSACTION 1587190011.901720 b53b6b99b062d876c06da4764caf23d0 5 16 58 207113.258097
TRANSACTION 1587190012.022287 54c122b81bcaecf48a0ef344f64ac0a5 4 3 454 207113.378852
TRANSACTION 1587190012.064774 0d3b6c57524e2e275d43195750184343 5 4 8 207113.420655
TRANSACTION 1587190012.133249 e9fa3c24a08cbcffea40ee3452c77c25 0 16 439 207113.482344
TRANSACTION 1587190012.205786 6bf80274b379b99f51cb3b809b7a29b1 15 7 304 207113.562650
TRANSACTION 1587190012.227239 70282db9ae7d170483a1bc8eca7911fd 1 5 379 207113.588130
TRANSACTION 1587190012.230604 8151efd884ccac187f2adce73fc4cfa3 15 14 134 207113.588145
TRANSACTION 1587190012.385111 bf717e358da3131783477fef5de2a933 2 15 1084 207113.741826
TRANSACTION 1587190012.466671 46e02d354017b371dccd68ee4f250eaa 9 15 168 207113.815630
TRANSACTION 1587190012.793489 71ad3e627f502e6118b581463f5acc5e 8 17 116 207114.143289
TRANSACTION 1587190012.890059 6e02ab1d6bba9386e61c9de4c5db7d06 15 6 831 207114.246791
TRANSACTION 1587190012.927525 311b435f6d7b89bfdcd0472421d31f6f 14 15 1330 207114.284119
TRANSACTION 1587190013.044078 6f00cb497854b2bbcca4fb74d26b999e 10 7 21 207114.401279
TRANSACTION 1587190013.167852 77bd6a2c9ecf50a699ae19694ff1f5ba 8 11 56 207114.525585
TRANSACTION 1587190013.180264 6a10d03f26a4ba3636007c3c8c05ae97 11 7 496 207114.541753
TRANSACTION 1587190013.183615 abb456d3e1a3c8e66b9fb65c2d27ed77 4 9 138 207114.541762
TRANSACTION 1587190013.335376 b658e52a6a759fb7200d15866ee398d8 8 15 16 207114.691745
TRANSACTION 1587190013.463962 c8f8ad95626eec70868a75420a05f0bc 1 13 115 207114.821042
TRANSACTION 1587190013.467373 d088c5684e4c7d5194a3d9ab06f530ec 10 15 25 207114.832471
TRANSACTION 1587190013.505760 ff3b5d2b801d8bdc23f2bc291cbd47d7 13 9 281 207114.861702
TRANSACTION 1587190013.522163 6285e680c85270d9d0a28d1ebf7473fa 16 5 419 207114.877414
TRANSACTION 1587190013.556551 94e50c5615ae7728d038cfecb7a5dd64 3 12 452 207114.905621
TRANSACTION 1587190013.581993 11c55ca89cbbece3144c2cfe10ef417f 14 18 208 207114.937209
TRANSACTION 1587190013.655627 1039fc89ac1b769eb86c6cbd0d827784 14 19 21 207115.011635
TRANSACTION 1587190013.716145 018f962e26775557f6dd3ad1dc2058cc 17 9 73 207115.071998
TRANSACTION 1587190013.743618 6219e451f7b96063001a8b5b5d804c69 18 19 85 207115.098251
TRANSACTION 1587190013.877139 043d4a6759b023be0d9b60f961286d0e 15 7 1219 207115.226496
TRANSACTION 1587190014.005814 2222dbd9de66caba6b0973597229f6c8 14 19 9 207115.362550
TRANSACTION 1587190014.061321 73626fcfb5b0c44c6fefa98a1e550592 9 10 95 207115.411171
TRANSACTION 1587190014.183879 745297b573cf77a6dc7fd1267f73b10d 16 15 245 207115.540588
TRANSACTION 1587190014.200287 ddc08c947578ce8d7b7ef5917deb51a1 3 7 85 207115.555644
TRANSACTION 1587190014.223663 eef7003eabaf5dcb6133a2fa73aaa711 15 4 607 207115.579190
TRANSACTION 1587190014.236038 e6e3b92b866c0740e351ffa511c334f3 13 10 46 207115.590606
TRANSACTION 1587190014.263384 8d628ff341ec7da2d984e0c226aea4c7 14 6 10 207115.618323
TRANSACTION 1587190014.288762 a898dfb72b5265f25197e3e58d0b5f43 16 19 149 207115.643530
TRANSACTION 1587190014.488355 613e6ffafcc41babf58a9170eacca454 7 15 1380 207115.843290
TRANSACTION 1587190014.522814 68718858bac8b5b8e78596cfd0663624 2 17 510 207115.876719
TRANSACTION 1587190014.571248 9e47805ca3d6756d1ae19e962f537549 5 17 471 207115.926250
TRANSACTION 1587190014.644759 5898717b6b2964031a5cb7ac4cd5744b 6 15 775 207115.999925
TRANSACTION 1587190014.649167 4273cae0c0f4b9d6c0925b1d706c9aa8 8 3 14 207116.006482
TRANSACTION 1587190014.674516 18b3e75c71ff1a5da00289b906479769 19 3 194 207116.027880
TRANSACTION 1587190014.719916 b7afe65e236c83f71b5c77181cd3bd42 4 15 483 207116.074286
TRANSACTION 1587190014.869493 dac6b175b57db62e0206e5c25379dc3f 10 17 126 207116.224099
TRANSACTION 1587190015.100228 9ed622b66709666277cb1db7abc3918b 5 15 172 207116.453074
TRANSACTION 1587190015.106699 4a406708ed07290d2e35f70f510bc2a5 7 5 520 207116.457395
TRANSACTION 1587190015.164085 7dd9d64162c194e3dd171be8c45b1ed8 12 9 261 207116.513305
TRANSACTION 1587190015.232009 aed40e872839ee0da6c4d7224e07d4f1 17 18 1265 207116.585698
TRANSACTION 1587190015.357474 403be3e3dae471fca06f530b600ccf30 6 18 113 207116.706735
TRANSACTION 1587190015.396958 f7ad68c3c819ee5917e2092cb6b68621 1 20 28 207116.748220
TRANSACTION 1587190015.422369 42ea99b060b06bb35f7a351439135ac0 15 2 2636 207116.777377
TRANSACTION 1587190015.467740 8c37c68691c567c82d29671daa4405b7 14 2 39 207116.821394
TRANSACTION 1587190015.550209 51050d5e22249c93ad7991bf9b33ecbe 19 8 20 207116.903744
TRANSACTION 1587190015.557685 59b9779b146d128ec1056eac02d77096 20 15 1 207116.909180
TRANSACTION 1587190015.615177 6c9dd88e7a6f77d4f9f95200c8db2c59 12 1 191 207116.969606
TRANSACTION 1587190015.654661 4393f61f1af355e8f414fd2088f798a6 12 6 47 207117.006994
TRANSACTION 1587190015.741221 f69f9f099715c03a3d16bf8f446834b9 19 17 1 207117.092626
TRANSACTION 1587190015.782705 873629446c67883bc926bc926c3a5907 0 7 51 207117.133147
TRANSACTION 1587190015.786077 ac6751241ea1f24f66488da21c192173 9 20 57 207117.140623
TRANSACTION 1587190015.864490 8cd79217f8197ecf7e604c01804b3a65 7 10 351 207117.215013
TRANSACTION 1587190015.917963 d600329b3f72135dc35b854accfa945b 16 19 15 207117.270027
TRANSACTION 1587190015.953427 c16715f4fd05da69b35e2ea45b8c10df 8 15 18 207117.304350
TRANSACTION 1587190016.004997 fddf7d17ff2bba9f0ff16ffe8d983f63 5 4 217 207117.354087
TRANSACTION 1587190016.030453 904a94efcc6989f59b68a21a9e5bda81 19 14 16 207117.381095
TRANSACTION 1587190016.033781 edeb603ddd26b97eaad1d6af80ccb4f3 5 6 308 207117.386996
TRANSACTION 1587190016.049064 a7aa94c5c5038aabdc482779056d8c72 18 8 1453 207117.399077
TRANSACTION 1587190016.076378 91a1fce0570f1c2b383713d3bb27acac 6 21 261 207117.426443
TRANSACTION 1587190016.122718 b647eb5a88130fba06e832e934fe3c9d 14 15 3 207117.475167
TRANSACTION 1587190016.208171 4724cb55babbed39dda46e98771c5a8f 15 8 11 207117.558928
TRANSACTION 1587190016.233871 754d11f4eabff985ebf4290da334580b 9 20 255 207117.585504
TRANSACTION 1587190016.233631 c0f3b8e6c5443a208ac9e40cf39ea7ec 17 2 99 207117.590677
TRANSACTION 1587190016.278198 94cd322fc71c5013293ddd29b32a7311 10 9 261 207117.629235
TRANSACTION 1587190016.346637 da84b428f46d3392fe998993b3ce2051 5 20 86 207117.696995
TRANSACTION 1587190016.398098 27cf14b59655889577d13cdf7b89d2be 21 13 146 207117.748412
TRANSACTION 1587190016.418491 c9e0d4ae02dcb2f45ab10a9a778eaa99 17 8 36 207117.771440
TRANSACTION 1587190016.425854 ed62f4fe60c4db9321c29d3611238210 3 8 279 207117.777337
TRANSACTION 1587190016.521566 58e7317be2f7222542604c1e7018c974 7 1 178 207117.873584
TRANSACTION 1587190016.538965 9a6c6039c0ad3d55f7be0f7a46b6fb26 16 3 15 207117.890931
TRANSACTION 1587190016.649866 947208651160affb53d9fdaacd68a2f4 2 11 1857 207118.001226
TRANSACTION 1587190016.722254 da241b0e7d41e6e713f2dc1f5c68b226 21 13 27 207118.075008
TRANSACTION 1587190016.732659 356392293863f5eab4d23b71e2b55b42 3 6 3 207118.084159
TRANSACTION 1587190016.806068 8fc7d0a21bfbb237143e23a26e9259f5 5 4 38 207118.156479
TRANSACTION 1587190016.830507 a3681bcd0fe7ddb48def4083e84bf05b 13 21 281 207118.180546
TRANSACTION 1587190016.904977 8e40eb5368295a5ccbb5578029a38ad5 7 10 121 207118.255998
TRANSACTION 1587190016.940533 427f0b36f3afeb1e629f1b61e44f11f5 14 2 2 207118.292045
TRANSACTION 1587190017.110117 298c8dee0ca7ece5e418d3fb099625e7 14 8 1 207118.463099
TRANSACTION 1587190017.147515 2e6c16c94a1e45fb95c8bed3f48189a8 19 20 3 207118.499383
TRANSACTION 1587190017.167917 50e057274fa285ab1c82ab33407cd17a 17 22 1 207118.519757
TRANSACTION 1587190017.200528 a2fab480f5f6ff1f76713e5d9e28e72c 5 19 7 207118.554443
TRANSACTION 1587190017.200303 56a0f6c923f06ce1cbe60da7c6b03180 15 6 196 207118.554453
TRANSACTION 1587190017.232846 aacaa3cdf917adbd21aa037bdfdce0ff 1 21 453 207118.584076
TRANSACTION 1587190017.445431 ba69de686d6447710b31fb2925cdb3eb 5 21 1 207118.794544
TRANSACTION 1587190017.449834 72ca889648495da54fa3022db31794c1 13 3 14 207118.803350
TRANSACTION 1587190017.579278 8f8bd08c8e55fa4d61f5671165981448 8 15 1581 207118.933180
TRANSACTION 1587190017.594782 d1b7a58760133c5de4e2af23b7ff17ec 11 19 941 207118.946308
TRANSACTION 1587190017.672215 564c99ec5f2af0a42029c546e8622b14 6 19 95 207119.023756
TRANSACTION 1587190017.675642 9525ba44d86bec1050856fedf39a6f94 8 7 56 207119.030051
TRANSACTION 1587190017.689931 f672640abc3d34ee2c9d288970b00cf9 1 6 61 207119.042092
TRANSACTION 1587190017.794386 a3bb495a1b83f3a51a9090a1991e8a56 11 3 506 207119.144963
TRANSACTION 1587190017.816816 8978fe97af4b37f5fcc5d7b1e8bbf33b 1 2 38 207119.168854
TRANSACTION 1587190017.870237 52e7c6fd508a49d73ccdbd65af206ca2 5 22 10 207119.223628
TRANSACTION 1587190017.940756 04375d8ced82bd0c2a1229e94cb506b2 10 2 180 207119.297229
TRANSACTION 1587190017.963266 f23e3b502fb2fe370d01b3759a124947 12 14 28 207119.320964
TRANSACTION 1587190017.983681 484b6e4e53ffb3ed34f4b345ff75c755 22 23 10 207119.356111
TRANSACTION 1587190018.000021 3a19ca97997d5f1698438821a8e2bbe3 17 9 1 207119.392421
TRANSACTION 1587190018.078476 0bfca005b6d0a595fb1d9f22b53580d4 21 16 495 207119.438104
TRANSACTION 1587190018.156000 1d6a75c87ae69a8723fcb8ce13e8547e 12 10 3 207119.524010
TRANSACTION 1587190018.164413 b1974a8800a7d50c83f4d7f5f3f160e2 16 23 248 207119.524021
TRANSACTION 1587190018.187735 620ce39b91f93c2ebcd5ff20a289cc80 15 11 6 207119.545782
TRANSACTION 1587190018.204094 9f1001d49fa8c939694eb2b5e063cc77 12 10 4 207119.562200
TRANSACTION 1587190018.248468 0d130ba50f16760e4d55e1e07c615a2e 18 13 391 207119.608570
TRANSACTION 1587190018.384021 68dd51d3cd57636f427e7e4b00c10c98 13 14 252 207119.743389
TRANSACTION 1587190018.406576 ad9beee86df0328520c22f31a6db36a3 19 23 389 207119.764731
TRANSACTION 1587190018.463044 02e35d1bb4f27136de4bd0d0bcba1ec4 6 4 102 207119.822541
TRANSACTION 1587190018.503509 8b554a2d12174250116a66dc60b610ef 21 2 238 207119.862795
TRANSACTION 1587190018.530956 7808514e7941208f734ac3aa03243d9b 10 1 17 207119.897616
TRANSACTION 1587190018.539372 2850b507d1c7fb2fe1f7da48a1e85702 3 13 92 207119.897627
TRANSACTION 1587190018.566709 08acc5c4cd2e61ed192d4b13bfaf007f 0 13 103 207119.926012
TRANSACTION 1587190018.606156 d2e0328326be0f8d20eb6954f1f2fc09 16 1 82 207119.966405
TRANSACTION 1587190018.698684 f46c5bba4eecba8f13e4fafcb46e5dd8 15 4 1425 207120.058404
TRANSACTION 1587190018.783240 34b386737a02419cf84f0c79b7b39244 19 9 447 207120.132415
TRANSACTION 1587190018.847231 316d1b817e5f1a3e4cc7a21b37fde431 3 21 545 207120.207925
TRANSACTION 1587190018.966811 7b018dd1638639210c0ced439f0c93c8 14 9 229 207120.340689
TRANSACTION 1587190018.978413 7313b1bed5162448c744283bcf6c9874 20 12 151 207120.340816
TRANSACTION 1587190018.979923 2584a7dd8d02d9782f83a9b9c68ba0eb 21 13 357 207120.340951
TRANSACTION 1587190019.014696 3f8e909897b0dfe8d18260a3fb811bdd 22 7 1 207120.379806
TRANSACTION 1587190019.014387 df3f69e80fd5a596115c3797e40a4025 20 7 2 207120.379816
TRANSACTION 1587190019.033997 022f01e94bd7bf60428c2d202d11b50a 1 14 29 207120.391440
TRANSACTION 1587190019.055362 050da2bff180b395ea3bfd48531e35e9 20 16 7 207120.413135
TRANSACTION 1587190019.066708 90a9101c100163930a1dbeb789716e92 2 19 253 207120.424406
TRANSACTION 1587190019.121119 35dd8759b9f2b835d3747605af101c9d 15 19 272 207120.479171
TRANSACTION 1587190019.141550 9cf9ac91d9d9214e9c6ab5315ab54c21 6 20 136 207120.506203
TRANSACTION 1587190019.143874 65312f99487927d857956c69cd8b4526 9 19 77 207120.506214
TRANSACTION 1587190019.164224 af9721685eb86adaa1e17647a6b3842a 1 4 69 207120.521121
TRANSACTION 1587190019.184748 606fbef2bf28d8e2a04f352a30cc6514 11 12 57 207120.541642
TRANSACTION 1587190019.320764 d1a50a78b140a1d846efb6040542b048 9 4 427 207120.678629
TRANSACTION 1587190019.332187 6211a5a2c03682959aab1f8ea45bb4fd 18 2 164 207120.688323
TRANSACTION 1587190019.383844 a96e1f814e3972fc6b4ab9e19e4e0309 2 9 141 207120.745588
TRANSACTION 1587190019.383564 e8f0d9c0870bf1f65f1df54622a393b4 6 7 53 207120.745599
TRANSACTION 1587190019.454253 8f25cf52279a559ee974ce89bcf168c8 8 18 119 207120.812514
TRANSACTION 1587190019.500741 62b543ae9e489fdb7ddd5a02857e540f 12 18 160 207120.858289
TRANSACTION 1587190019.576717 1b4bee49ef59a002474a8d8a20b77d7d 23 12 381 207120.938578
TRANSACTION 1587190019.575242 4df3a6132ab9e00a3123a0127dc54d80 11 12 32 207120.938589
TRANSACTION 1587190019.652129 f99d97644c62a9c742096c71b8952553 15 2 81 207121.010110
TRANSACTION 1587190019.672541 58a4190d4476e7c718070feabf9cecbc 0 21 123 207121.028616
TRANSACTION 1587190019.720919 f10fc53da150bbe5b6e53b9fcae5c4c4 4 17 57 207121.077610
TRANSACTION 1587190019.859463 e60f039ccab6b7b8d9b71936db7b04d3 3 14 74 207121.216637
TRANSACTION 1587190019.983150 68ae18f0078d4b05fcce0331657cc86d 16 14 62 207121.337144
TRANSACTION 1587190019.996394 76f21d9dce1a4e444f5a2f9fb2240c8f 16 7 44 207121.351814
TRANSACTION 1587190020.034797 3370f00fdfe20ec5f8d01bb07ca36f3c 6 16 14 207121.391277
TRANSACTION 1587190020.100299 f6151973319aa898b8b2a2ca3dfe3d3c 3 18 5 207121.457144
TRANSACTION 1587190020.241208 c95efae69b777a30abfeaf3294159ac1 19 12 366 207121.597573
TRANSACTION 1587190020.502561 30bd1be9d1d20cc249d50f57280324bd 3 11 1 207121.859943
TRANSACTION 1587190020.517028 42b8e24919491958f04e4a0db9317333 7 9 62 207121.871740
TRANSACTION 1587190020.614945 c905104eae9feeb6f3610341366e9168 11 21 618 207121.971210
TRANSACTION 1587190020.668601 3620b75ea7b0aa6efc8f0ac0ec50d268 19 7 93 207122.024556
TRANSACTION 1587190020.696095 9aef17e9c6ff56db989f01b54b1c7060 0 22 681 207122.055456
TRANSACTION 1587190020.699671 2c484db9e84e6f9f11fa87cbdcc13be7 10 23 74 207122.055467
TRANSACTION 1587190020.740062 b2baa2808d3d8a0108e3ceee0dfc1a04 12 3 818 207122.092471
TRANSACTION 1587190020.838702 8a6f73731017db620e925809c32fc357 14 3 129 207122.191502
TRANSACTION 1587190020.866203 0ee12244a2ad2a2c3ae6275b68db5554 23 17 235 207122.219743
TRANSACTION 1587190020.978647 fec0315cf91b52bb00eb60f13474bcae 18 9 72 207122.335130
TRANSACTION 1587190021.008118 d6a6dbe0d8d45ec13151477c83903480 18 16 236 207122.363594
TRANSACTION 1587190021.071025 c0dc17f7430806a924e9851874280759 6 3 3 207122.424828
TRANSACTION 1587190021.172954 9d4dcb305b9022a6ca514b405487f98c 2 11 1163 207122.526094
TRANSACTION 1587190021.283003 e13ea4c1a46b9dff0675e97fd29d70a3 21 23 494 207122.638713
TRANSACTION 1587190021.303719 05868a73feed43242255ac7e47d71571 12 19 4 207122.655592
TRANSACTION 1587190021.310080 92bda082c446fa36d5ff259bc159b851 21 22 401 207122.664924
TRANSACTION 1587190021.339503 243423c485ebaa9e93dc740f4be76c8e 17 12 192 207122.692438
TRANSACTION 1587190021.391019 643ae806e7a24d056c71edab05c24bbe 21 9 72 207122.744491
TRANSACTION 1587190021.507673 fc2e3516806cd4b9d9a9217e890ff770 23 24 1070 207122.863078
TRANSACTION 1587190021.576167 529a25bf477d7e7d2cf2b7736ce72c8f 21 8 8 207122.929481
TRANSACTION 1587190021.623727 b4f60c6cdf36bd85f45adc962e245c18 21 12 17 207122.976158
TRANSACTION 1587190021.667265 87333cc79d2f121e999b8d64e996f094 7 16 23 207123.022604
TRANSACTION 1587190021.677795 2775ff3fcb834e02cdcacb6c663b529d 18 6 2 207123.029643
TRANSACTION 1587190024.205380 ae5c9f23da4a450b37f94e4b99eca40c 24 14 170 207125.554499
TRANSACTION 1587190027.991376 cd002d4ed981319f1c0b2102f24173ca 13 5 622 207129.342888
TRANSACTION 1587190036.830493 3b08bd7e0eeca5979f7c060830541a63 30 20 399 207138.179695
TRANSACTION 1587190037.324350 e76560582f315ef7d5607703d4429a0d 13 9 3 207138.673351
TRANSACTION 1587190037.550937 717f2931d71b2ce9b84b68591ebedfe3 31 11 20 207138.899941
TRANSACTION 1587190038.347899 eb21247b8afdb9feedfc8181d6a2734c 16 31 1 207139.696991
TRANSACTION 1587190038.467754 93250a5a82d675b7ddd734029ad62024 17 25 219 207139.816933
TRANSACTION 1587190039.490936 a659522b634f7428af1c0c91ccf94ec6 18 31 246 207140.839955
TRANSACTION 1587190040.770151 c1d0a1939662ee1c7a05dc9262f952d9 18 11 23 207142.119179
TRANSACTION 1587190048.291068 79e381bf4b10374d3d6854b7d4c9f26d 19 9 393 207149.640111
TRANSACTION 1587190056.482885 9e4b31ade13ab1e42a04df211dc8bc6f 35 30 130 207157.831934
TRANSACTION 1587190056.843546 c02619348ddd4c6a056afdc3fc654d93 6 4 816 207158.192676
TRANSACTION 1587190075.108103 167b50aa29d184ebf059ac391d76c308 42 48 1033 207176.457332
TRANSACTION 1587190076.416488 4bf559b3b9b82579511ce236e3e0ef5b 39 7 884 207177.765554
TRANSACTION 1587190077.718770 b0ec8206eb6cb4f0c9918d86c27432fb 36 47 907 207179.067845
TRANSACTION 1587190085.490891 b84b69906d6e929ad972517106ff8d7a 38 15 49 207186.840117
TRANSACTION 1587190096.892752 0be02290b62f62f2796a0a495473cc21 16 35 1135 207198.241754
TRANSACTION 1587190097.967173 d871efb0e1a1a202da18a4c9c64c116a 22 37 70 207199.316248
TRANSACTION 1587190113.843275 01a0eaa719612dd491ecbaf2ca53ee60 67 4 400 207215.192412
TRANSACTION 1587190115.636188 5a02e21623509d19fa68130dc65b21dc 61 9 797 207216.985387
TRANSACTION 1587190117.481926 38a75bdbc101cdfc829262f9e4073836 34 68 292 207218.830990
TRANSACTION 1587190119.905424 539bd1f9d2d8441c954b553b798ccd70 10 63 72 207221.254512
TRANSACTION 1587190120.039463 6e1f4cde258e651af94f7c7450fadc1d 16 7 76 207221.388475
TRANSACTION 1587190132.535442 5ea3e83b8f39d8a77f342515a053d939 45 57 1 207233.884633
TRANSACTION 1587190134.265988 ed9bab81b8972d46bf12d0077ac6d11e 18 34 336 207235.614996
TRANSACTION 1587190140.377461 632dac5bee2b42dc62c473123224cbee 11 35 7 207241.726692
TRANSACTION 1587190150.510973 274ba2c13b0f1735b449f6237780c755 78 44 20 207251.860200
TRANSACTION 1587190156.639902 30304b1a481d2b198021f75526364300 57 14 444 207257.989014
TRANSACTION 1587190164.471807 f8dca72cb4362f7172aa7ab1cd560cee 5 58 1161 207265.820872
TRANSACTION 1587190164.572601 f74b614711ba9810d935f2fe7253a606 33 10 618 207265.921938
TRANSACTION 1587190167.068683 a92dc27d55e7b6bbda6de883b10164ae 70 57 101 207268.417882
TRANSACTION 1587190168.334902 8152f00dcb82d06ddb918469eb535539 77 18 2088 207269.683908
TRANSACTION 1587190169.541045 4d745e3f89085fca055ccb1d110146e2 50 32 205 207270.890138
TRANSACTION 1587190173.861678 6c68da488efa38e2631953422f0016b0 42 48 3 207275.210711
TRANSACTION 1587190185.591734 2fe68f1f7aacf439b4077a6a692a3afd 61 48 1498 207286.940776
TRANSACTION 1587190192.022002 15a96cccdf5d323687d98128c21131bd 29 14 1096 207293.371136
TRANSACTION 1587190192.139954 5507ad0eb28ff6f290bc67195d363792 29 39 145 207293.489040
TRANSACTION 1587190199.439184 4b2541bec0b48baf37bd47a22c8004f7 24 7 61 207300.788287
TRANSACTION 1587190200.013134 0fa5074673f3da24914418db433b08d5 64 79 1 207301.362216
TRANSACTION 1587190200.794572 f53e185e326cea515fae5be511bf3b99 57 46 7 207302.143726
TRANSACTION 1587190202.981771 1084a9b2dccb938cfb3c533aedde257b 69 85 10 207304.330868
TRANSACTION 1587190203.005229 c054a00ed9887ba74732d07cc3cbdcdb 16 61 685 207304.354378
TRANSACTION 1587190203.555393 40974c30b1607c69cbaa3728426efff2 9 89 42 207304.904576
TRANSACTION 1587190207.310765 c711ca2e5cfdbd460b5356201710f979 63 12 35 207308.659761
TRANSACTION 1587190210.716530 691f8eb2822612aec32b698b7654e69d 35 90 776 207312.065705
TRANSACTION 1587190213.260490 359b011e285e24150cf0c32b6ce1fcca 6 83 626 207314.609647
