TRANSACTION 1587190006.525465 34fb0bb602700d3b9aa4a116ba713a31 3 8 17 207108.357745
TRANSACTION 1587190006.845755 05284cfe5bc4a9995ca13c3c72d26eb3 7 3 433 207108.357783
TRANSACTION 1587190007.001086 16a994a3dbda0a5ed6953f52d769ada9 3 9 51 207108.370009
TRANSACTION 1587190007.074403 7f669f162b94f0573a44631c3078de16 9 2 45 207108.428659
TRANSACTION 1587190007.127938 f78cede42a8f7cb7d54df01f20d20a3b 3 8 143 207108.481238
TRANSACTION 1587190007.188504 9a660a43c79fb93fec107b121c968e02 4 9 85 207108.542864
TRANSACTION 1587190007.242953 73531223ff2b1dba59accf55beb15a93 1 3 429 207108.596248
TRANSACTION 1587190007.265365 4dc8b8d82742695f2f77d12a53004441 2 8 1318 207108.617767
TRANSACTION 1587190007.273664 f2c4297f7959ea4b5fe51088806c7557 8 5 2507 207108.623732
TRANSACTION 1587190007.312984 d97d864b82099eada4ef17f0050ca013 7 6 16 207108.662796
TRANSACTION 1587190007.323417 4e8a44206c224c869d3d255ad9a7fe28 4 8 43 207108.677532
TRANSACTION 1587190007.353857 035da1977b2c5f49e4d4111fc6c552e3 9 10 11 207108.707501
TRANSACTION 1587190007.422320 eb5c2c662e9fd5f27912a42a5e508629 5 4 1065 207108.776784
TRANSACTION 1587190007.423774 a8613ad8a73ee8cb4a6b66dafe15efa1 8 3 114 207108.777161
TRANSACTION 1587190007.443091 49bc78ac0afd7bfe4142dd72e25ee419 2 9 316 207108.793822
TRANSACTION 1587190007.466430 974b07bb085aea82ddb5b3468902a86b 5 6 246 207108.819896
TRANSACTION 1587190007.472202 dba5a2226721ec6982feef54e9b5f6be 3 2 75 207108.829934
TRANSACTION 1587190007.482514 9eddabdf42a0a68003df4677e7bc2c02 8 7 1 207108.836652
TRANSACTION 1587190007.496830 362b86b9436f5485422dfc5e322d636b 5 2 620 207108.848953
TRANSACTION 1587190007.542199 aaa796a5e7d4497e425f75bb9fb27dfc 3 10 99 207108.896386
TRANSACTION 1587190007.650780 b76b188f281deb016e7932c486ee25df 9 5 114 207109.004128
TRANSACTION 1587190007.678200 c66a870663fa288a4cb55e8b23143800 3 7 455 207109.030981
TRANSACTION 1587190007.699520 91740dee9b2e66e14f8374292e4d7c56 0 6 753 207109.052334
TRANSACTION 1587190007.740889 b19c09ea3bbb1a92621d2fcb8afbc9ba 9 5 197 207109.094363
TRANSACTION 1587190007.796356 1d12066f20aa2e32bcd26c268fc9b359 10 5 106 207109.149671
TRANSACTION 1587190007.965948 0d19a24490f62110995fbd7e27ebdd5d 5 7 313 207109.319558
TRANSACTION 1587190007.973421 88a609df5893b1d7104fd6489dbecec9 6 7 473 207109.326438
TRANSACTION 1587190008.023864 366ebf1758e5ee64ce967710c51d5886 9 4 38 207109.377608
TRANSACTION 1587190008.044289 2ff1e5c3d08b428b20685e2a55d97214 2 3 372 207109.397754
TRANSACTION 1587190008.092738 12ef01f1e49ea6d8bf7b1955052675fd 9 11 15 207109.447461
TRANSACTION 1587190008.101129 788d8f182cf149fc0766803587166a5e 2 3 23 207109.453939
TRANSACTION 1587190008.252629 b1a556a1c942eddb6c92f202db7f963a 9 5 29 207109.606432
TRANSACTION 1587190008.272049 b723986204e88322b1df33ac3901eaed 9 6 3 207109.625476
TRANSACTION 1587190008.291373 26621f3c68986c122c03b7296303d694 8 6 4 207109.644183
TRANSACTION 1587190008.385816 ffea4bc28366e3990ac0d4774012aa78 10 5 4 207109.740029
TRANSACTION 1587190008.681578 db1faf32fbd3bd0da9f8de433415cfe7 11 12 11 207110.035913
TRANSACTION 1587190008.697013 eb637c37440e98bc203e016a13f4806d 11 7 3 207110.050176
TRANSACTION 1587190008.713386 ece1fce8495e0a0fa9cc190f57e540ce 10 9 7 207110.066636
TRANSACTION 1587190008.771802 9ff75fb9534e45b31775e4a2dd685821 11 5 1 207110.125610
TRANSACTION 1587190008.864313 fe6734177efd789c58543647780d8b77 3 13 238 207110.218582
TRANSACTION 1587190008.990905 9582c8aa9db86180dba30219dd69e1a0 13 14 177 207110.345470
TRANSACTION 1587190009.044404 b0415855326b5ec6cbf6673019329a50 1 9 466 207110.398319
TRANSACTION 1587190009.075822 8ff1d752808b4bb49b973c7759a5ba1d 7 11 631 207110.429125
TRANSACTION 1587190009.144252 879b1c944bb424a3dd0c7d769eae9108 11 2 209 207110.498334
TRANSACTION 1587190009.288825 1dcf17edd49f09aa065337bdf9171398 2 6 224 207110.642278
TRANSACTION 1587190009.366313 ca897c6482bf92898787223d0d484a50 2 6 134 207110.718722
TRANSACTION 1587190009.373779 8194294fdd8ca96d56e9fa1c1f48061a 1 2 46 207110.726023
TRANSACTION 1587190009.462239 03c4de758f6d6f70f3c4bbaa3b675f6d 3 13 124 207110.816366
TRANSACTION 1587190009.502724 80f26ada1ec2871c2baaea681890215f 6 9 778 207110.851739
TRANSACTION 1587190009.571203 ee8e8a9a241e87f5e384da9d569db64c 9 13 227 207110.921459
TRANSACTION 1587190009.641711 39a38e99c3277dc646cad4b7b7bc9b4b 1 3 183 207110.993305
TRANSACTION 1587190009.679143 b630dbf81206d77dbe8cddec825b7996 4 7 302 207111.030455
TRANSACTION 1587190009.724550 58bb037cd30b9e6c49c3da913e6abb18 12 15 1 207111.074555
TRANSACTION 1587190009.852087 5a813674c0e94c0a7d466a5be6cae509 8 14 1 207111.203518
TRANSACTION 1587190009.862521 5333fac3a33deb4bd602e1c8d2a34637 12 10 5 207111.219906
TRANSACTION 1587190009.881821 dc3b4f3b26d900123f48d6ef16e46c7c 5 1 280 207111.234480
TRANSACTION 1587190009.885121 9ac844c4c5307244e53ef2a02b1931e2 1 7 215 207111.247280
TRANSACTION 1587190009.967541 2206593f7edc8d601ecd147ca70b42a0 15 6 1 207111.320743
TRANSACTION 1587190009.979982 6be18ee82c31519f73269a9f9cb9c393 4 13 223 207111.333048
TRANSACTION 1587190010.007350 b369760a07d3c40c959b1751f7aab853 0 3 96 207111.359293
TRANSACTION 1587190010.052709 e85454b8bf52fd53b80d5dc710db96fc 5 8 242 207111.405886
TRANSACTION 1587190010.058053 275306193402d92d48c8ad4ce5a26f98 0 13 674 207111.411851
TRANSACTION 1587190010.195535 d4ceec5dec25d91c7a174445ef0806c6 13 2 1253 207111.548412
TRANSACTION 1587190010.269053 cc6aaa2d66172c119953fc32113104b3 11 7 145 207111.619016
TRANSACTION 1587190010.326525 c780ff449cb899ff3cb4cd3f5ba1994c 11 8 15 207111.679590
TRANSACTION 1587190010.396012 222194d2a63f2c178086f5e4af12149a 7 15 323 207111.748800
TRANSACTION 1587190010.406410 27217e366c17a0f50a5c25e8f79de66e 11 1 107 207111.758569
TRANSACTION 1587190010.449770 68bf6d38d93803d690c912d75cfe17ac 3 14 294 207111.802750
TRANSACTION 1587190010.494227 b93081aa362a7c08c859c53082a5e421 8 10 61 207111.846890
TRANSACTION 1587190010.509611 f4bc2f35a76f67e6b971018b875a5d7c 11 14 38 207111.862254
TRANSACTION 1587190010.514935 4e2493ed5b824652cfaf61fb2ab220b7 15 14 279 207111.864626
TRANSACTION 1587190010.515141 03b85fcb9ca549c2aa9d0bf5b6e34000 9 11 852 207111.874177
TRANSACTION 1587190010.535421 b1299a2cb016ac714618115067e19e2d 8 4 173 207111.889910
TRANSACTION 1587190010.542743 cb8cbfc536a0af07c4a04dd0258df4bd 5 3 178 207111.896263
TRANSACTION 1587190010.699290 bc0842161e6547509200d71ca0b3a5a0 14 1 29 207112.054262
TRANSACTION 1587190010.715740 1919db850bbc53557b68ab5621e865b8 1 12 78 207112.069212
TRANSACTION 1587190010.762090 b70e36b05728f147650734e767e2461d 1 11 10 207112.116382
TRANSACTION 1587190010.772435 400851c4215fbf9fee4fc379f46b1299 5 3 28 207112.124991
TRANSACTION 1587190010.817798 f08a1ac25a9e1ebaf33f04314924f710 15 9 16 207112.171663
TRANSACTION 1587190010.867247 6934053aee470f972514e21ea59c2dce 0 3 578 207112.217608
TRANSACTION 1587190010.872710 034aacb3cfd6755afd78df707306e8ae 15 7 11 207112.224242
TRANSACTION 1587190010.905103 3d7659324baf075bff9c222d3f35b3ff 0 8 573 207112.255300
TRANSACTION 1587190011.004690 deb5198fbe4430fba5f91aacf6195b8c 8 2 343 207112.353913
TRANSACTION 1587190011.060292 593e24838971a1d1166e482e7431abfe 8 4 15 207112.414621
TRANSACTION 1587190011.272980 a78407d0b4ed2641f18cfa4fbb7206bf 4 13 178 207112.627313
TRANSACTION 1587190011.316638 9634b6763bbfc60460b60069c2ef4df1 7 15 554 207112.670673
TRANSACTION 1587190011.383264 39444d9515aec0439cc05e2b7f2a23ad 8 11 19 207112.737908
TRANSACTION 1587190011.443868 07d8abde015c8202f53469763d14b6c6 0 14 739 207112.799795
TRANSACTION 1587190011.447345 40f8ccfd6d1cab2374bb101844321a11 15 13 116 207112.799805
TRANSACTION 1587190011.509712 5ba1b98184ffc0f1f554b73af0c298dc 3 1 260 207112.863183
TRANSACTION 1587190011.527212 080ba8f8b9668c57a2f070366254ff2d 3 16 354 207112.879793
TRANSACTION 1587190011.816857 c34a5ec25b94c5683ac507332f79e31c 5 3 4 207113.170206
TRANSACTION 1587190011.829284 c0b9b716ee1348b7afcf7e80387ee2a1 11 17 251 207113.181943
TRANSACTION 1587190011.901720 b53b6b99b062d876c06da4764caf23d0 5 16 58 207113.255595
TRANSACTION 1587190012.022287 54c122b81bcaecf48a0ef344f64ac0a5 4 3 454 207113.375818
TRANSACTION 1587190012.064774 0d3b6c57524e2e275d43195750184343 5 4 8 207113.418447
TRANSACTION 1587190012.133249 e9fa3c24a08cbcffea40ee3452c77c25 0 16 439 207113.487624
TRANSACTION 1587190012.205786 6bf80274b379b99f51cb3b809b7a29b1 15 7 304 207113.556296
TRANSACTION 1587190012.227239 70282db9ae7d170483a1bc8eca7911fd 1 5 379 207113.579018
TRANSACTION 1587190012.230604 8151efd884ccac187f2adce73fc4cfa3 15 14 134 207113.579432
TRANSACTION 1587190012.385111 bf717e358da3131783477fef5de2a933 2 15 1084 207113.735238
TRANSACTION 1587190012.466671 46e02d354017b371dccd68ee4f250eaa 9 15 168 207113.819513
TRANSACTION 1587190012.793489 71ad3e627f502e6118b581463f5acc5e 8 17 116 207114.147276
TRANSACTION 1587190012.890059 6e02ab1d6bba9386e61c9de4c5db7d06 15 6 831 207114.240526
TRANSACTION 1587190012.927525 311b435f6d7b89bfdcd0472421d31f6f 14 15 1330 207114.281065
TRANSACTION 1587190013.044078 6f00cb497854b2bbcca4fb74d26b999e 10 7 21 207114.398046
TRANSACTION 1587190013.167852 77bd6a2c9ecf50a699ae19694ff1f5ba 8 11 56 207114.522166
TRANSACTION 1587190013.180264 6a10d03f26a4ba3636007c3c8c05ae97 11 7 496 207114.533542
TRANSACTION 1587190013.183615 abb456d3e1a3c8e66b9fb65c2d27ed77 4 9 138 207114.538278
TRANSACTION 1587190013.335376 b658e52a6a759fb7200d15866ee398d8 8 15 16 207114.685826
TRANSACTION 1587190013.463962 c8f8ad95626eec70868a75420a05f0bc 1 13 115 207114.817875
TRANSACTION 1587190013.467373 d088c5684e4c7d5194a3d9ab06f530ec 10 15 25 207114.829750
TRANSACTION 1587190013.505760 ff3b5d2b801d8bdc23f2bc291cbd47d7 13 9 281 207114.859048
TRANSACTION 1587190013.522163 6285e680c85270d9d0a28d1ebf7473fa 16 5 419 207114.872162
TRANSACTION 1587190013.556551 94e50c5615ae7728d038cfecb7a5dd64 3 12 452 207114.907233
TRANSACTION 1587190013.581993 11c55ca89cbbece3144c2cfe10ef417f 14 18 208 207114.934109
TRANSACTION 1587190013.655627 1039fc89ac1b769eb86c6cbd0d827784 14 19 21 207115.009139
TRANSACTION 1587190013.716145 018f962e26775557f6dd3ad1dc2058cc 17 9 73 207115.068573
TRANSACTION 1587190013.743618 6219e451f7b96063001a8b5b5d804c69 18 19 85 207115.092551
TRANSACTION 1587190013.877139 043d4a6759b023be0d9b60f961286d0e 15 7 1219 207115.229744
TRANSACTION 1587190014.005814 2222dbd9de66caba6b0973597229f6c8 14 19 9 207115.357729
TRANSACTION 1587190014.061321 73626fcfb5b0c44c6fefa98a1e550592 9 10 95 207115.415113
TRANSACTION 1587190014.183879 745297b573cf77a6dc7fd1267f73b10d 16 15 245 207115.534684
TRANSACTION 1587190014.200287 ddc08c947578ce8d7b7ef5917deb51a1 3 7 85 207115.549434
TRANSACTION 1587190014.223663 eef7003eabaf5dcb6133a2fa73aaa711 15 4 607 207115.577204
TRANSACTION 1587190014.236038 e6e3b92b866c0740e351ffa511c334f3 13 10 46 207115.588789
TRANSACTION 1587190014.263384 8d628ff341ec7da2d984e0c226aea4c7 14 6 10 207115.613531
TRANSACTION 1587190014.288762 a898dfb72b5265f25197e3e58d0b5f43 16 19 149 207115.638828
TRANSACTION 1587190014.488355 613e6ffafcc41babf58a9170eacca454 7 15 1380 207115.841990
TRANSACTION 1587190014.522814 68718858bac8b5b8e78596cfd0663624 2 17 510 207115.874592
TRANSACTION 1587190014.571248 9e47805ca3d6756d1ae19e962f537549 5 17 471 207115.920440
TRANSACTION 1587190014.644759 5898717b6b2964031a5cb7ac4cd5744b 6 15 775 207115.997743
TRANSACTION 1587190014.649167 4273cae0c0f4b9d6c0925b1d706c9aa8 8 3 14 207116.004560
TRANSACTION 1587190014.674516 18b3e75c71ff1a5da00289b906479769 19 3 194 207116.024575
TRANSACTION 1587190014.719916 b7afe65e236c83f71b5c77181cd3bd42 4 15 483 207116.070375
TRANSACTION 1587190014.869493 dac6b175b57db62e0206e5c25379dc3f 10 17 126 207116.220473
TRANSACTION 1587190015.100228 9ed622b66709666277cb1db7abc3918b 5 15 172 207116.454704
TRANSACTION 1587190015.106699 4a406708ed07290d2e35f70f510bc2a5 7 5 520 207116.456952
TRANSACTION 1587190015.164085 7dd9d64162c194e3dd171be8c45b1ed8 12 9 261 207116.516656
TRANSACTION 1587190015.232009 aed40e872839ee0da6c4d7224e07d4f1 17 18 1265 207116.585478
TRANSACTION 1587190015.357474 403be3e3dae471fca06f530b600ccf30 6 18 113 207116.710062
TRANSACTION 1587190015.396958 f7ad68c3c819ee5917e2092cb6b68621 1 20 28 207116.747968
TRANSACTION 1587190015.422369 42ea99b060b06bb35f7a351439135ac0 15 2 2636 207116.777161
TRANSACTION 1587190015.467740 8c37c68691c567c82d29671daa4405b7 14 2 39 207116.822058
TRANSACTION 1587190015.550209 51050d5e22249c93ad7991bf9b33ecbe 19 8 20 207116.904461
TRANSACTION 1587190015.557685 59b9779b146d128ec1056eac02d77096 20 15 1 207116.909608
TRANSACTION 1587190015.615177 6c9dd88e7a6f77d4f9f95200c8db2c59 12 1 191 207116.970163
TRANSACTION 1587190015.654661 4393f61f1af355e8f414fd2088f798a6 12 6 47 207117.005258
TRANSACTION 1587190015.741221 f69f9f099715c03a3d16bf8f446834b9 19 17 1 207117.091591
TRANSACTION 1587190015.782705 873629446c67883bc926bc926c3a5907 0 7 51 207117.133718
TRANSACTION 1587190015.786077 ac6751241ea1f24f66488da21c192173 9 20 57 207117.143024
TRANSACTION 1587190015.864490 8cd79217f8197ecf7e604c01804b3a65 7 10 351 207117.215566
TRANSACTION 1587190015.917963 d600329b3f72135dc35b854accfa945b 16 19 15 207117.267228
TRANSACTION 1587190015.953427 c16715f4fd05da69b35e2ea45b8c10df 8 15 18 207117.307814
TRANSACTION 1587190016.004997 fddf7d17ff2bba9f0ff16ffe8d983f63 5 4 217 207117.359953
TRANSACTION 1587190016.033781 edeb603ddd26b97eaad1d6af80ccb4f3 5 6 308 207117.385326
TRANSACTION 1587190016.030453 904a94efcc6989f59b68a21a9e5bda81 19 14 16 207117.385335
TRANSACTION 1587190016.049064 a7aa94c5c5038aabdc482779056d8c72 18 8 1453 207117.401033
TRANSACTION 1587190016.076378 91a1fce0570f1c2b383713d3bb27acac 6 21 261 207117.430178
TRANSACTION 1587190016.122718 b647eb5a88130fba06e832e934fe3c9d 14 15 3 207117.473338
TRANSACTION 1587190016.208171 4724cb55babbed39dda46e98771c5a8f 15 8 11 207117.563482
TRANSACTION 1587190016.233871 754d11f4eabff985ebf4290da334580b 9 20 255 207117.584445
TRANSACTION 1587190016.233631 c0f3b8e6c5443a208ac9e40cf39ea7ec 17 2 99 207117.593273
TRANSACTION 1587190016.278198 94cd322fc71c5013293ddd29b32a7311 10 9 261 207117.630765
TRANSACTION 1587190016.346637 da84b428f46d3392fe998993b3ce2051 5 20 86 207117.698852
TRANSACTION 1587190016.398098 27cf14b59655889577d13cdf7b89d2be 21 13 146 207117.750340
TRANSACTION 1587190016.418491 c9e0d4ae02dcb2f45ab10a9a778eaa99 17 8 36 207117.769800
TRANSACTION 1587190016.425854 ed62f4fe60c4db9321c29d3611238210 3 8 279 207117.779642
TRANSACTION 1587190016.521566 58e7317be2f7222542604c1e7018c974 7 1 178 207117.872405
TRANSACTION 1587190016.538965 9a6c6039c0ad3d55f7be0f7a46b6fb26 16 3 15 207117.893180
TRANSACTION 1587190016.649866 947208651160affb53d9fdaacd68a2f4 2 11 1857 207118.004647
TRANSACTION 1587190016.722254 da241b0e7d41e6e713f2dc1f5c68b226 21 13 27 207118.073350
TRANSACTION 1587190016.732659 356392293863f5eab4d23b71e2b55b42 3 6 3 207118.082083
TRANSACTION 1587190016.806068 8fc7d0a21bfbb237143e23a26e9259f5 5 4 38 207118.160353
TRANSACTION 1587190016.830507 a3681bcd0fe7ddb48def4083e84bf05b 13 21 281 207118.183886
TRANSACTION 1587190016.904977 8e40eb5368295a5ccbb5578029a38ad5 7 10 121 207118.259878
TRANSACTION 1587190016.940533 427f0b36f3afeb1e629f1b61e44f11f5 14 2 2 207118.295666
TRANSACTION 1587190017.110117 298c8dee0ca7ece5e418d3fb099625e7 14 8 1 207118.464925
TRANSACTION 1587190017.147515 2e6c16c94a1e45fb95c8bed3f48189a8 19 20 3 207118.502957
TRANSACTION 1587190017.167917 50e057274fa285ab1c82ab33407cd17a 17 22 1 207118.521355
TRANSACTION 1587190017.200528 a2fab480f5f6ff1f76713e5d9e28e72c 5 19 7 207118.557167
TRANSACTION 1587190017.200303 56a0f6c923f06ce1cbe60da7c6b03180 15 6 196 207118.557176
TRANSACTION 1587190017.232846 aacaa3cdf917adbd21aa037bdfdce0ff 1 21 453 207118.586337
TRANSACTION 1587190017.445431 ba69de686d6447710b31fb2925cdb3eb 5 21 1 207118.799851
TRANSACTION 1587190017.449834 72ca889648495da54fa3022db31794c1 13 3 14 207118.806563
TRANSACTION 1587190017.579278 8f8bd08c8e55fa4d61f5671165981448 8 15 1581 207118.934816
TRANSACTION 1587190017.594782 d1b7a58760133c5de4e2af23b7ff17ec 11 19 941 207118.943872
TRANSACTION 1587190017.675642 9525ba44d86bec1050856fedf39a6f94 8 7 56 207119.026952
TRANSACTION 1587190017.672215 564c99ec5f2af0a42029c546e8622b14 6 19 95 207119.031657
TRANSACTION 1587190017.689931 f672640abc3d34ee2c9d288970b00cf9 1 6 61 207119.043431
TRANSACTION 1587190017.794386 a3bb495a1b83f3a51a9090a1991e8a56 11 3 506 207119.148701
TRANSACTION 1587190017.816816 8978fe97af4b37f5fcc5d7b1e8bbf33b 1 2 38 207119.166551
TRANSACTION 1587190017.870237 52e7c6fd508a49d73ccdbd65af206ca2 5 22 10 207119.225411
TRANSACTION 1587190017.940756 04375d8ced82bd0c2a1229e94cb506b2 10 2 180 207119.289945
TRANSACTION 1587190017.963266 f23e3b502fb2fe370d01b3759a124947 12 14 28 207119.322347
TRANSACTION 1587190017.983681 484b6e4e53ffb3ed34f4b345ff75c755 22 23 10 207119.381927
TRANSACTION 1587190018.000021 3a19ca97997d5f1698438821a8e2bbe3 17 9 1 207119.381938
TRANSACTION 1587190018.078476 0bfca005b6d0a595fb1d9f22b53580d4 21 16 495 207119.429432
TRANSACTION 1587190018.156000 1d6a75c87ae69a8723fcb8ce13e8547e 12 10 3 207119.510061
TRANSACTION 1587190018.164413 b1974a8800a7d50c83f4d7f5f3f160e2 16 23 248 207119.519285
TRANSACTION 1587190018.187735 620ce39b91f93c2ebcd5ff20a289cc80 15 11 6 207119.538214
TRANSACTION 1587190018.204094 9f1001d49fa8c939694eb2b5e063cc77 12 10 4 207119.554909
TRANSACTION 1587190018.248468 0d130ba50f16760e4d55e1e07c615a2e 18 13 391 207119.603361
TRANSACTION 1587190018.384021 68dd51d3cd57636f427e7e4b00c10c98 13 14 252 207119.738207
TRANSACTION 1587190018.406576 ad9beee86df0328520c22f31a6db36a3 19 23 389 207119.761326
TRANSACTION 1587190018.463044 02e35d1bb4f27136de4bd0d0bcba1ec4 6 4 102 207119.813759
TRANSACTION 1587190018.503509 8b554a2d12174250116a66dc60b610ef 21 2 238 207119.857200
TRANSACTION 1587190018.530956 7808514e7941208f734ac3aa03243d9b 10 1 17 207119.880736
TRANSACTION 1587190018.539372 2850b507d1c7fb2fe1f7da48a1e85702 3 13 92 207119.888385
TRANSACTION 1587190018.566709 08acc5c4cd2e61ed192d4b13bfaf007f 0 13 103 207119.921314
TRANSACTION 1587190018.606156 d2e0328326be0f8d20eb6954f1f2fc09 16 1 82 207119.959790
TRANSACTION 1587190018.698684 f46c5bba4eecba8f13e4fafcb46e5dd8 15 4 1425 207120.050117
TRANSACTION 1587190018.783240 34b386737a02419cf84f0c79b7b39244 19 9 447 207120.133184
TRANSACTION 1587190018.847231 316d1b817e5f1a3e4cc7a21b37fde431 3 21 545 207120.202043
TRANSACTION 1587190018.966811 7b018dd1638639210c0ced439f0c93c8 14 9 229 207120.316799
TRANSACTION 1587190018.978413 7313b1bed5162448c744283bcf6c9874 20 12 151 207120.330719
TRANSACTION 1587190018.979923 2584a7dd8d02d9782f83a9b9c68ba0eb 21 13 357 207120.337024
TRANSACTION 1587190019.014387 df3f69e80fd5a596115c3797e40a4025 20 7 2 207120.368162
TRANSACTION 1587190019.014696 3f8e909897b0dfe8d18260a3fb811bdd 22 7 1 207120.372906
TRANSACTION 1587190019.033997 022f01e94bd7bf60428c2d202d11b50a 1 14 29 207120.387693
TRANSACTION 1587190019.055362 050da2bff180b395ea3bfd48531e35e9 20 16 7 207120.407059
TRANSACTION 1587190019.066708 90a9101c100163930a1dbeb789716e92 2 19 253 207120.416658
TRANSACTION 1587190019.121119 35dd8759b9f2b835d3747605af101c9d 15 19 272 207120.471535
TRANSACTION 1587190019.141550 9cf9ac91d9d9214e9c6ab5315ab54c21 6 20 136 207120.493130
TRANSACTION 1587190019.143874 65312f99487927d857956c69cd8b4526 9 19 77 207120.498849
TRANSACTION 1587190019.164224 af9721685eb86adaa1e17647a6b3842a 1 4 69 207120.515410
TRANSACTION 1587190019.184748 606fbef2bf28d8e2a04f352a30cc6514 11 12 57 207120.538016
TRANSACTION 1587190019.320764 d1a50a78b140a1d846efb6040542b048 9 4 427 207120.674371
TRANSACTION 1587190019.332187 6211a5a2c03682959aab1f8ea45bb4fd 18 2 164 207120.683039
TRANSACTION 1587190019.383564 e8f0d9c0870bf1f65f1df54622a393b4 6 7 53 207120.734382
TRANSACTION 1587190019.383844 a96e1f814e3972fc6b4ab9e19e4e0309 2 9 141 207120.740503
TRANSACTION 1587190019.454253 8f25cf52279a559ee974ce89bcf168c8 8 18 119 207120.808232
TRANSACTION 1587190019.500741 62b543ae9e489fdb7ddd5a02857e540f 12 18 160 207120.854053
TRANSACTION 1587190019.576717 1b4bee49ef59a002474a8d8a20b77d7d 23 12 381 207120.930917
TRANSACTION 1587190019.575242 4df3a6132ab9e00a3123a0127dc54d80 11 12 32 207120.930928
TRANSACTION 1587190019.652129 f99d97644c62a9c742096c71b8952553 15 2 81 207121.002865
TRANSACTION 1587190019.672541 58a4190d4476e7c718070feabf9cecbc 0 21 123 207121.025634
TRANSACTION 1587190019.720919 f10fc53da150bbe5b6e53b9fcae5c4c4 4 17 57 207121.072130
TRANSACTION 1587190019.859463 e60f039ccab6b7b8d9b71936db7b04d3 3 14 74 207121.211315
TRANSACTION 1587190019.983150 68ae18f0078d4b05fcce0331657cc86d 16 14 62 207121.335521
TRANSACTION 1587190019.996394 76f21d9dce1a4e444f5a2f9fb2240c8f 16 7 44 207121.349013
TRANSACTION 1587190020.034797 3370f00fdfe20ec5f8d01bb07ca36f3c 6 16 14 207121.389736
TRANSACTION 1587190020.100299 f6151973319aa898b8b2a2ca3dfe3d3c 3 18 5 207121.455309
TRANSACTION 1587190020.241208 c95efae69b777a30abfeaf3294159ac1 19 12 366 207121.595631
TRANSACTION 1587190020.502561 30bd1be9d1d20cc249d50f57280324bd 3 11 1 207121.852839
TRANSACTION 1587190020.517028 42b8e24919491958f04e4a0db9317333 7 9 62 207121.871398
TRANSACTION 1587190020.614945 c905104eae9feeb6f3610341366e9168 11 21 618 207121.964918
TRANSACTION 1587190020.668601 3620b75ea7b0aa6efc8f0ac0ec50d268 19 7 93 207122.022671
TRANSACTION 1587190020.696095 9aef17e9c6ff56db989f01b54b1c7060 0 22 681 207122.046236
TRANSACTION 1587190020.699671 2c484db9e84e6f9f11fa87cbdcc13be7 10 23 74 207122.054953
TRANSACTION 1587190020.740062 b2baa2808d3d8a0108e3ceee0dfc1a04 12 3 818 207122.092060
TRANSACTION 1587190020.838702 8a6f73731017db620e925809c32fc357 14 3 129 207122.189003
TRANSACTION 1587190020.866203 0ee12244a2ad2a2c3ae6275b68db5554 23 17 235 207122.216167
TRANSACTION 1587190020.978647 fec0315cf91b52bb00eb60f13474bcae 18 9 72 207122.334306
TRANSACTION 1587190021.008118 d6a6dbe0d8d45ec13151477c83903480 18 16 236 207122.361411
TRANSACTION 1587190021.071025 c0dc17f7430806a924e9851874280759 6 3 3 207122.422632
TRANSACTION 1587190021.172954 9d4dcb305b9022a6ca514b405487f98c 2 11 1163 207122.525086
TRANSACTION 1587190021.283003 e13ea4c1a46b9dff0675e97fd29d70a3 21 23 494 207122.636363
TRANSACTION 1587190021.303719 05868a73feed43242255ac7e47d71571 12 19 4 207122.654874
TRANSACTION 1587190021.310080 92bda082c446fa36d5ff259bc159b851 21 22 401 207122.662706
TRANSACTION 1587190021.339503 243423c485ebaa9e93dc740f4be76c8e 17 12 192 207122.688870
TRANSACTION 1587190021.391019 643ae806e7a24d056c71edab05c24bbe 21 9 72 207122.740539
TRANSACTION 1587190021.507673 fc2e3516806cd4b9d9a9217e890ff770 23 24 1070 207122.860576
TRANSACTION 1587190021.576167 529a25bf477d7e7d2cf2b7736ce72c8f 21 8 8 207122.926266
TRANSACTION 1587190021.623727 b4f60c6cdf36bd85f45adc962e245c18 21 12 17 207122.974799
TRANSACTION 1587190021.667265 87333cc79d2f121e999b8d64e996f094 7 16 23 207123.021083
TRANSACTION 1587190021.677795 2775ff3fcb834e02cdcacb6c663b529d 18 6 2 207123.026918
TRANSACTION 1587190021.783257 1e9b173adca155a1fb32c8dfe9ef13a8 21 3 17 207123.132657
TRANSACTION 1587190021.869246 5ecf52220aeeb04ac3fd65c303eba0b6 0 18 375 207123.220882
TRANSACTION 1587190021.877313 4e8bea235943e0a3475871ddbb01d439 6 24 25 207123.228055
TRANSACTION 1587190021.954122 736c3df05c7f2179f4f260dd822bd9ae 6 13 9 207123.305850
TRANSACTION 1587190021.970712 9e332ac29868baf83069dcb99e3404ee 18 5 66 207123.324048
TRANSACTION 1587190022.018177 4f98fa47dfcccc349d9a61b9d2bf89a2 5 16 175 207123.367710
TRANSACTION 1587190022.051711 031fffce83605d0ee9f33f80b1ff95da 10 20 10 207123.403479
TRANSACTION 1587190022.125369 f94efc82fb520d6f96e333aab73ab295 3 12 36 207123.478179
TRANSACTION 1587190022.204900 ef9a8a4b642446e3a8d54794fabc5474 11 6 82 207123.557973
TRANSACTION 1587190022.278506 dfcbc600ee498ecaf0093ac0e6b53978 3 20 491 207123.631006
TRANSACTION 1587190022.399287 2bca3a8e2c4bc8d7e46de8626c20205b 3 22 161 207123.752375
TRANSACTION 1587190022.416664 dc57fc839c553a73408e4bfb2c864915 12 23 143 207123.768612
TRANSACTION 1587190022.452102 ba9617c8ea792d2b317704cbe5bae7fe 10 3 55 207123.805159
TRANSACTION 1587190022.514729 93531708292180ef0ca2ac3547952206 17 9 58 207123.864144
TRANSACTION 1587190022.704029 128aca01759a3860ce7ac211cd8f23f9 16 19 6 207124.057766
TRANSACTION 1587190023.057919 e5f14f84695c6de5a0b13052206d5b6a 24 18 725 207124.409902
TRANSACTION 1587190023.074385 11a6014391304f50c84bed0f1d77a70c 12 18 80 207124.426003
TRANSACTION 1587190023.491032 8e23ad416740e55d5756740d4dff6abe 9 20 1128 207124.845732
TRANSACTION 1587190023.602947 1bc7faed95741e30450fc9bcba9f4d54 4 16 2055 207124.954809
TRANSACTION 1587190023.638461 beb06d558c3c5a8d0a1000408164a24a 15 22 315 207124.988578
TRANSACTION 1587190023.665910 f09198e4b4bc59f153d6116879ccd087 6 24 126 207125.015464
TRANSACTION 1587190023.759444 789113e7b7b559d97337700a5558f896 12 2 1 207125.111084
TRANSACTION 1587190024.002900 88447f95766f5b6211d547581555ccab 5 7 235 207125.352478
TRANSACTION 1587190024.063315 b1c2b1221be3e26c6a6355ac47c1ddc4 1 8 168 207125.414863
TRANSACTION 1587190024.101837 5f3d82a6ac0ef10a13d13a6bcfaa76c2 10 23 30 207125.454752
TRANSACTION 1587190024.130380 f5e99026ceea0c691d0c18fb5948b52e 14 20 750 207125.481937
TRANSACTION 1587190024.130632 3f2ae39f63efdaad4217e3c76086840a 5 3 37 207125.483216
TRANSACTION 1587190024.171409 635da05b4ff9bc41d036be0697eccd78 16 25 1140 207125.522847
TRANSACTION 1587190024.187881 cefded37ce62792ca62868251261dc1a 10 7 2 207125.538911
TRANSACTION 1587190024.205380 ae5c9f23da4a450b37f94e4b99eca40c 24 14 170 207125.555897
TRANSACTION 1587190024.254041 0f660dca2897ec25b34d410c1a5be00b 16 11 301 207125.604661
TRANSACTION 1587190024.374495 a9667c9ccbb7019035c7aa9c1b827d50 2 18 188 207125.726498
TRANSACTION 1587190024.495066 c2416f73f6572ddac2c6fd3d55d338be 3 5 233 207125.847790
TRANSACTION 1587190024.530654 1558bc9908475678357a8320625c5c34 20 25 1725 207125.881361
TRANSACTION 1587190024.738286 3ba71ab8c97c743037115c8400d28381 6 12 162 207126.089015
TRANSACTION 1587190024.950106 c77a7b8d4a6f5a55763fbc4f5271ac08 8 2 665 207126.299329
TRANSACTION 1587190025.341249 41c3164758fb5f03203e521ed5919777 16 18 418 207126.690769
TRANSACTION 1587190025.407277 4b57411323f3c2ffca5b046676ecd615 1 15 1496 207126.757686
TRANSACTION 1587190025.565387 67ca40a884bdde97ca7356d1cf646cf5 14 2 53 207126.914746
TRANSACTION 1587190026.988749 d30258652705e4c217fd50a261e2b18f 8 9 20 207128.338173
TRANSACTION 1587190027.057245 36ccd170b540722231342a56fb0b53c7 2 13 82 207128.407494
TRANSACTION 1587190027.259691 04e9065eab9de31b8c536fbb6fb9eb17 11 2 16 207128.609188
TRANSACTION 1587190027.544188 075aea2daa101555227aa188dfab8b77 4 22 42 207128.893658
TRANSACTION 1587190027.941990 671df7463eddfc4e4d445ff52fe1ae72 24 15 98 207129.291348
TRANSACTION 1587190028.362641 b0bc9b1b21a2b6edaec3d9f27d755f4e 14 5 359 207129.711842
TRANSACTION 1587190028.875185 961bd8c21595bc16baf586276d16baa9 1 13 5 207130.224595
TRANSACTION 1587190029.273344 7eb49638206986b75c103156b35eb565 18 23 219 207130.622866
TRANSACTION 1587190029.398206 79b9cd629fc2af8ad4ac44ca7bb90331 2 6 57 207130.747644
TRANSACTION 1587190030.099268 bb4ca4a258278dc2044a44ea947ce3ca 4 8 90 207131.449213
TRANSACTION 1587190030.652083 ed87475fd11d2387cfc15631f5dcd1b2 28 25 1 207132.001419
TRANSACTION 1587190031.464578 c79a9a176b980cbb1668d3c43a7fa662 2 6 265 207132.813727
TRANSACTION 1587190031.792796 a31c78846619cb6ebf4ea5383de03919 9 8 8 207133.142757
TRANSACTION 1587190031.965055 1a286e8348f5d4a3d29dbcd5f78157c1 20 24 540 207133.315139
TRANSACTION 1587190032.726660 6f9328e5f0b2b5af11e6d1e9bd48d7ec 8 13 58 207134.076103
TRANSACTION 1587190032.781368 b1ecf5f92f41aba82547307ed563f349 8 25 35 207134.130662
TRANSACTION 1587190033.070287 403f583a68a10d1ea316214c49abd270 23 29 87 207134.419893
TRANSACTION 1587190033.182102 38d1718eeb656e757162c26875a40d0f 23 3 182 207134.532298
TRANSACTION 1587190033.383707 e291c6b357211523ac03898480386e26 7 13 48 207134.733682
TRANSACTION 1587190033.437445 a91295acd0413e113634dd9dbb08afa9 24 2 338 207134.787512
TRANSACTION 1587190033.902747 58cf779fb409a322237d6ba4cc225321 2 31 1022 207135.253301
TRANSACTION 1587190034.016246 a1fe3a36337319e63a8fedf969f899ee 9 24 467 207135.365779
TRANSACTION 1587190034.951012 a8d4f8acf544fdeb757d7023f45d813c 15 8 1622 207136.300760
TRANSACTION 1587190035.403157 befa8ea50a301daf3c5858275bcc7bf0 5 15 90 207136.752530
TRANSACTION 1587190035.406585 e97d0311a922d11a0dd74fda7ed246d8 26 1 53 207136.756124
TRANSACTION 1587190035.750993 d7a32fce41521ea6c163ac484f419b83 17 16 4 207137.100895
TRANSACTION 1587190036.004217 376d2a6e037cff5db6657eaee8320dcd 8 25 161 207137.353991
TRANSACTION 1587190036.051675 f731a2eb11e04ab5f33b55e92aa29cd6 6 21 288 207137.401839
TRANSACTION 1587190036.058053 11edcc51c36c13ef778f04c1e47b5c74 16 3 2627 207137.406984
TRANSACTION 1587190037.313993 4216474b8a33d848754a008b3c5d49a9 14 29 1221 207138.663437
TRANSACTION 1587190037.340794 73f4128b720f37559a7b1c414d2ae9f0 2 15 87 207138.690307
TRANSACTION 1587190037.438641 f723a317454f6a3874202494e249b704 0 33 763 207138.789213
TRANSACTION 1587190037.512057 bf161e5b73dac33c7b7c29e0dab9dcdb 9 12 51 207138.861457
TRANSACTION 1587190037.634643 0bbc1812a4ba6a1ad864e979dd3afa4e 13 23 224 207138.983988
TRANSACTION 1587190037.881703 56596be9bfac306a9a5f34e802a26fab 29 1 308 207139.231245
TRANSACTION 1587190038.006464 9a9fd31d1c6fc883fd2cf65f061aae57 10 8 186 207139.356664
TRANSACTION 1587190038.087706 e32896d54a3733c255a997337936c824 25 19 134 207139.436649
TRANSACTION 1587190038.496175 06ab12dd7c02be088a2bdba0cbf13166 3 33 325 207139.845728
TRANSACTION 1587190038.622553 cb16675f6709f4c9ace4cbb119f91911 23 30 28 207139.972964
TRANSACTION 1587190038.975036 5fd576f412ac110f1efa4546fd2c1361 2 35 65 207140.325015
TRANSACTION 1587190039.043562 f4d31a540ab6a8f7c50275388595afa4 11 14 130 207140.393058
TRANSACTION 1587190039.173852 9cd4d97b574b6b73d2506dd188190613 3 8 9 207140.523568
TRANSACTION 1587190039.480563 f9c0f39e2e81c0f13e444fb98d674401 3 32 14 207140.830047
TRANSACTION 1587190039.657870 10270e1097e92bddc35d18dec53ecf71 14 5 482 207141.008080
TRANSACTION 1587190039.711222 a11235432a66ac111761a5fedc423536 10 5 59 207141.060845
TRANSACTION 1587190039.936209 daa6a2c27ac32867abd714ae5881c23e 19 27 112 207141.286643
TRANSACTION 1587190040.051861 1c6e5caedd62d89a4579c1eef6d845c3 31 24 429 207141.401666
TRANSACTION 1587190040.130163 d093c13d183fd0576e5b6108a07446bf 5 27 881 207141.479109
TRANSACTION 1587190040.445125 ba40026d00ea3b0629b9f75edd4dcbf7 13 27 79 207141.794824
TRANSACTION 1587190040.648521 ecce763c1cf0cf3c63664332a0994ea7 12 6 202 207141.998691
TRANSACTION 1587190040.650871 e94273076fc878f71dbd37dababc31d6 31 20 53 207142.000675
TRANSACTION 1587190040.744817 018f917052f41a5763f3e94c4ef62824 2 33 90 207142.094958
TRANSACTION 1587190040.833289 1666fcffb8acf9d88aafb8e67de8c9ce 31 2 365 207142.183591
TRANSACTION 1587190041.249089 9d51d315bc9bc4fc566aebc4495d13ed 13 6 1 207142.598785
TRANSACTION 1587190041.259514 1e889506bc391e38c0c7714edfa0041c 14 4 23 207142.609523
TRANSACTION 1587190041.571479 24ee281dc72ce657f89d79d5331c7135 33 27 505 207142.921563
TRANSACTION 1587190041.812164 6aad123c618c067abd57790fc745ba74 24 28 47 207143.161894
TRANSACTION 1587190041.861562 4b2270a55ece6ca5d460975f9230548f 3 24 7 207143.211036
TRANSACTION 1587190042.094253 30bafd491ad5936f33736453219e14f5 29 18 17 207143.443766
TRANSACTION 1587190042.558022 20a1f71252da5c8542f82f989ba3ec69 25 14 39 207143.907543
TRANSACTION 1587190042.568615 e5b768b0e062c73d437e7dc670e32f05 23 31 917 207143.918201
TRANSACTION 1587190043.396302 3132627ab868cdd975a54cbf6898cbb8 13 31 24 207144.745972
TRANSACTION 1587190043.598155 1ca3058ff4a8545be7cda03fbe9bb033 4 5 669 207144.948019
TRANSACTION 1587190043.958482 8d85f273ce9ca4ba67772ea48bd1252e 28 17 1467 207145.308435
TRANSACTION 1587190044.040446 553ccfc5ce63e9e0d41d7ada860e1b1c 25 5 71 207145.389496
TRANSACTION 1587190044.367803 61fdfea13192882e3821a3eb41caf8fb 14 32 34 207145.717303
TRANSACTION 1587190045.011393 d4b0b1d2db4befde5f2ce6cddf265d30 9 30 52 207146.361127
TRANSACTION 1587190045.099366 00caad7940c0eb38e6739154b580274c 22 14 659 207146.449151
TRANSACTION 1587190045.742400 cbff6ebaacc8034e893d0dcb7096a706 33 32 230 207147.091968
TRANSACTION 1587190045.925643 e775bb5913222d6c683f5397f92e24fb 36 34 4 207147.275862
TRANSACTION 1587190046.191019 97ab02bf96e1a85253d7e70c423e2538 13 36 38 207147.540369
TRANSACTION 1587190046.458423 2ab0a4a7239dc57d27692874f8c47656 7 26 358 207147.808151
TRANSACTION 1587190046.479825 9e4c84d3b11b69eb68f67fcf67141d21 24 27 123 207147.829348
TRANSACTION 1587190046.665170 e5fe500d8d2db1af384691061bb9a937 29 1 183 207148.014990
TRANSACTION 1587190046.915286 ef6341235a7536ad8f72530b109958a1 18 33 4 207148.264905
TRANSACTION 1587190047.496824 7b9d353abc63ae2ec7d918c263ae49ce 33 21 211 207148.846249
TRANSACTION 1587190047.881386 388829ff6d4067c899600701079617d5 19 4 140 207149.230767
TRANSACTION 1587190047.882903 4644aa66ed00df54be92b5d8921c7b56 1 11 466 207149.232737
TRANSACTION 1587190048.111508 edb83b43c5f5809f4ec81cc9af8dbacb 33 25 342 207149.461379
TRANSACTION 1587190048.402983 4bdebbafb0718f49fbcd5ef5de9c735c 20 13 767 207149.753032
TRANSACTION 1587190048.497801 efa8d7e15c45a595cdfd653ea274e5c2 11 3 176 207149.847191
TRANSACTION 1587190048.705372 4ce132f6e7ed6fb0f60a0e62895ad93e 35 13 192 207150.055533
TRANSACTION 1587190049.031684 0fb06bb1c0959e7abc90c8f81b31efa5 24 11 90 207150.381968
TRANSACTION 1587190049.083534 ef401bda8afc67252ec2e4f416806f8d 26 27 219 207150.433028
TRANSACTION 1587190049.254703 2962b3502002c19065548fe9cf9aa5f6 24 32 99 207150.604860
TRANSACTION 1587190050.491032 be1ad08e78e63a7dec6c0582c11335d5 19 5 123 207151.840326
TRANSACTION 1587190050.844040 06c20796779dd983a982ed2ce4119294 22 20 13 207152.193514
TRANSACTION 1587190050.991035 bf5a43aea90b86ef2e66331bb90a4455 28 35 37 207152.340422
TRANSACTION 1587190051.018859 94c1454e819a7ad95b649de3e1937124 28 9 27 207152.368142
TRANSACTION 1587190051.622206 b490bdbeece5bd7148c81bfb9d4066b7 28 6 14 207152.971501
