TRANSACTION 1587190007.074403 7f669f162b94f0573a44631c3078de16 9 2 45 207108.437515
TRANSACTION 1587190007.127938 f78cede42a8f7cb7d54df01f20d20a3b 3 8 143 207108.490023
TRANSACTION 1587190007.188504 9a660a43c79fb93fec107b121c968e02 4 9 85 207108.551373
TRANSACTION 1587190007.242953 73531223ff2b1dba59accf55beb15a93 1 3 429 207108.605110
TRANSACTION 1587190007.265365 4dc8b8d82742695f2f77d12a53004441 2 8 1318 207108.614388
TRANSACTION 1587190007.273664 f2c4297f7959ea4b5fe51088806c7557 8 5 2507 207108.635379
TRANSACTION 1587190007.312984 d97d864b82099eada4ef17f0050ca013 7 6 16 207108.684484
TRANSACTION 1587190007.323417 4e8a44206c224c869d3d255ad9a7fe28 4 8 43 207108.684494
TRANSACTION 1587190007.353857 035da1977b2c5f49e4d4111fc6c552e3 9 10 11 207108.715407
TRANSACTION 1587190007.423774 a8613ad8a73ee8cb4a6b66dafe15efa1 8 3 114 207108.791064
TRANSACTION 1587190007.422320 eb5c2c662e9fd5f27912a42a5e508629 5 4 1065 207108.791074
TRANSACTION 1587190007.443091 49bc78ac0afd7bfe4142dd72e25ee419 2 9 316 207108.806384
TRANSACTION 1587190007.466430 974b07bb085aea82ddb5b3468902a86b 5 6 246 207108.857663
TRANSACTION 1587190007.472202 dba5a2226721ec6982feef54e9b5f6be 3 2 75 207108.857674
TRANSACTION 1587190007.482514 9eddabdf42a0a68003df4677e7bc2c02 8 7 1 207108.857677
TRANSACTION 1587190007.496830 362b86b9436f5485422dfc5e322d636b 5 2 620 207108.857680
TRANSACTION 1587190007.542199 aaa796a5e7d4497e425f75bb9fb27dfc 3 10 99 207108.904737
TRANSACTION 1587190007.650780 b76b188f281deb016e7932c486ee25df 9 5 114 207109.012439
TRANSACTION 1587190007.678200 c66a870663fa288a4cb55e8b23143800 3 7 455 207109.038802
TRANSACTION 1587190007.699520 91740dee9b2e66e14f8374292e4d7c56 0 6 753 207109.060971
TRANSACTION 1587190007.740889 b19c09ea3bbb1a92621d2fcb8afbc9ba 9 5 197 207109.103394
TRANSACTION 1587190007.796356 1d12066f20aa2e32bcd26c268fc9b359 10 5 106 207109.159324
TRANSACTION 1587190007.965948 0d19a24490f62110995fbd7e27ebdd5d 5 7 313 207109.336327
TRANSACTION 1587190007.973421 88a609df5893b1d7104fd6489dbecec9 6 7 473 207109.336337
TRANSACTION 1587190008.023864 366ebf1758e5ee64ce967710c51d5886 9 4 38 207109.387184
TRANSACTION 1587190008.044289 2ff1e5c3d08b428b20685e2a55d97214 2 3 372 207109.404414
TRANSACTION 1587190008.092738 12ef01f1e49ea6d8bf7b1955052675fd 9 11 15 207109.463085
TRANSACTION 1587190008.101129 788d8f182cf149fc0766803587166a5e 2 3 23 207109.463102
TRANSACTION 1587190008.252629 b1a556a1c942eddb6c92f202db7f963a 9 5 29 207109.614917
TRANSACTION 1587190008.272049 b723986204e88322b1df33ac3901eaed 9 6 3 207109.632423
TRANSACTION 1587190008.291373 26621f3c68986c122c03b7296303d694 8 6 4 207109.651643
TRANSACTION 1587190008.385816 ffea4bc28366e3990ac0d4774012aa78 10 5 4 207109.749275
TRANSACTION 1587190008.681578 db1faf32fbd3bd0da9f8de433415cfe7 11 12 11 207110.043972
TRANSACTION 1587190008.697013 eb637c37440e98bc203e016a13f4806d 11 7 3 207110.056971
TRANSACTION 1587190008.713386 ece1fce8495e0a0fa9cc190f57e540ce 10 9 7 207110.073613
TRANSACTION 1587190008.771802 9ff75fb9534e45b31775e4a2dd685821 11 5 1 207110.133683
TRANSACTION 1587190008.864313 fe6734177efd789c58543647780d8b77 3 13 238 207110.226011
TRANSACTION 1587190008.990905 9582c8aa9db86180dba30219dd69e1a0 13 14 177 207110.353080
TRANSACTION 1587190009.044404 b0415855326b5ec6cbf6673019329a50 1 9 466 207110.406347
TRANSACTION 1587190009.075822 8ff1d752808b4bb49b973c7759a5ba1d 7 11 631 207110.436408
TRANSACTION 1587190009.144252 879b1c944bb424a3dd0c7d769eae9108 11 2 209 207110.493200
TRANSACTION 1587190009.288825 1dcf17edd49f09aa065337bdf9171398 2 6 224 207110.651431
TRANSACTION 1587190009.366313 ca897c6482bf92898787223d0d484a50 2 6 134 207110.736652
TRANSACTION 1587190009.373779 8194294fdd8ca96d56e9fa1c1f48061a 1 2 46 207110.736668
TRANSACTION 1587190009.462239 03c4de758f6d6f70f3c4bbaa3b675f6d 3 13 124 207110.824843
TRANSACTION 1587190009.502724 80f26ada1ec2871c2baaea681890215f 6 9 778 207110.863752
TRANSACTION 1587190009.571203 ee8e8a9a241e87f5e384da9d569db64c 9 13 227 207110.934685
TRANSACTION 1587190009.641711 39a38e99c3277dc646cad4b7b7bc9b4b 1 3 183 207111.004106
TRANSACTION 1587190009.679143 b630dbf81206d77dbe8cddec825b7996 4 7 302 207111.039986
TRANSACTION 1587190009.724550 58bb037cd30b9e6c49c3da913e6abb18 12 15 1 207111.086161
TRANSACTION 1587190009.852087 5a813674c0e94c0a7d466a5be6cae509 8 14 1 207111.214138
TRANSACTION 1587190009.862521 5333fac3a33deb4bd602e1c8d2a34637 12 10 5 207111.215474
TRANSACTION 1587190009.881821 dc3b4f3b26d900123f48d6ef16e46c7c 5 1 280 207111.241351
TRANSACTION 1587190009.885121 9ac844c4c5307244e53ef2a02b1931e2 1 7 215 207111.254951
TRANSACTION 1587190009.967541 2206593f7edc8d601ecd147ca70b42a0 15 6 1 207111.340338
TRANSACTION 1587190009.979982 6be18ee82c31519f73269a9f9cb9c393 4 13 223 207111.340354
TRANSACTION 1587190010.007350 b369760a07d3c40c959b1751f7aab853 0 3 96 207111.367854
TRANSACTION 1587190010.052709 e85454b8bf52fd53b80d5dc710db96fc 5 8 242 207111.422934
TRANSACTION 1587190010.058053 275306193402d92d48c8ad4ce5a26f98 0 13 674 207111.422950
TRANSACTION 1587190010.195535 d4ceec5dec25d91c7a174445ef0806c6 13 2 1253 207111.558941
TRANSACTION 1587190010.269053 cc6aaa2d66172c119953fc32113104b3 11 7 145 207111.631921
TRANSACTION 1587190010.326525 c780ff449cb899ff3cb4cd3f5ba1994c 11 8 15 207111.689626
TRANSACTION 1587190010.396012 222194d2a63f2c178086f5e4af12149a 7 15 323 207111.768359
TRANSACTION 1587190010.406410 27217e366c17a0f50a5c25e8f79de66e 11 1 107 207111.768369
TRANSACTION 1587190010.449770 68bf6d38d93803d690c912d75cfe17ac 3 14 294 207111.811717
TRANSACTION 1587190010.494227 b93081aa362a7c08c859c53082a5e421 8 10 61 207111.856768
TRANSACTION 1587190010.509611 f4bc2f35a76f67e6b971018b875a5d7c 11 14 38 207111.884334
TRANSACTION 1587190010.514935 4e2493ed5b824652cfaf61fb2ab220b7 15 14 279 207111.884346
TRANSACTION 1587190010.515141 03b85fcb9ca549c2aa9d0bf5b6e34000 9 11 852 207111.884349
TRANSACTION 1587190010.535421 b1299a2cb016ac714618115067e19e2d 8 4 173 207111.905228
TRANSACTION 1587190010.542743 cb8cbfc536a0af07c4a04dd0258df4bd 5 3 178 207111.905237
TRANSACTION 1587190010.699290 bc0842161e6547509200d71ca0b3a5a0 14 1 29 207112.061918
TRANSACTION 1587190010.715740 1919db850bbc53557b68ab5621e865b8 1 12 78 207112.076362
TRANSACTION 1587190010.762090 b70e36b05728f147650734e767e2461d 1 11 10 207112.135696
TRANSACTION 1587190010.772435 400851c4215fbf9fee4fc379f46b1299 5 3 28 207112.135706
TRANSACTION 1587190010.817798 f08a1ac25a9e1ebaf33f04314924f710 15 9 16 207112.180909
TRANSACTION 1587190010.867247 6934053aee470f972514e21ea59c2dce 0 3 578 207112.237305
TRANSACTION 1587190010.872710 034aacb3cfd6755afd78df707306e8ae 15 7 11 207112.237316
TRANSACTION 1587190010.905103 3d7659324baf075bff9c222d3f35b3ff 0 8 573 207112.266974
TRANSACTION 1587190011.004690 deb5198fbe4430fba5f91aacf6195b8c 8 2 343 207112.354052
TRANSACTION 1587190011.060292 593e24838971a1d1166e482e7431abfe 8 4 15 207112.424360
TRANSACTION 1587190011.272980 a78407d0b4ed2641f18cfa4fbb7206bf 4 13 178 207112.635965
TRANSACTION 1587190011.316638 9634b6763bbfc60460b60069c2ef4df1 7 15 554 207112.678871
TRANSACTION 1587190011.383264 39444d9515aec0439cc05e2b7f2a23ad 8 11 19 207112.746078
TRANSACTION 1587190011.443868 07d8abde015c8202f53469763d14b6c6 0 14 739 207112.813598
TRANSACTION 1587190011.447345 40f8ccfd6d1cab2374bb101844321a11 15 13 116 207112.813609
TRANSACTION 1587190011.509712 5ba1b98184ffc0f1f554b73af0c298dc 3 1 260 207112.872453
TRANSACTION 1587190011.527212 080ba8f8b9668c57a2f070366254ff2d 3 16 354 207112.888101
TRANSACTION 1587190011.816857 c34a5ec25b94c5683ac507332f79e31c 5 3 4 207113.191246
TRANSACTION 1587190011.829284 c0b9b716ee1348b7afcf7e80387ee2a1 11 17 251 207113.191256
TRANSACTION 1587190013.167852 77bd6a2c9ecf50a699ae19694ff1f5ba 8 11 56 207114.517068
TRANSACTION 1587190015.422369 42ea99b060b06bb35f7a351439135ac0 15 2 2636 207116.771626
TRANSACTION 1587190015.615177 6c9dd88e7a6f77d4f9f95200c8db2c59 12 1 191 207116.964293
TRANSACTION 1587190015.917963 d600329b3f72135dc35b854accfa945b 16 19 15 207117.267092
TRANSACTION 1587190016.940533 427f0b36f3afeb1e629f1b61e44f11f5 14 2 2 207118.289958
TRANSACTION 1587190018.966811 7b018dd1638639210c0ced439f0c93c8 14 9 229 207120.316110
TRANSACTION 1587190020.241208 c95efae69b777a30abfeaf3294159ac1 19 12 366 207121.591204
TRANSACTION 1587190021.056624 32067d292498b628ca8f3f8ac1dfcf33 23 1 50 207122.405591
TRANSACTION 1587190021.667265 87333cc79d2f121e999b8d64e996f094 7 16 23 207123.016979
TRANSACTION 1587190024.254041 0f660dca2897ec25b34d410c1a5be00b 16 11 301 207125.603259
TRANSACTION 1587190026.579969 74cef1cc03c5665f81132eef853febcd 7 12 2 207127.929356
TRANSACTION 1587190026.855831 d5c58c83be9f8e460625c733688932e9 5 18 8 207128.204728
TRANSACTION 1587190027.057245 36ccd170b540722231342a56fb0b53c7 2 13 82 207128.407264
TRANSACTION 1587190029.782632 b8d2386a3ba5d5274137fdae01f79b8e 20 21 2 207131.131977
TRANSACTION 1587190030.181209 97e2d2f39b61fb553c3c6a1eb52bd579 14 11 99 207131.530096
TRANSACTION 1587190031.462240 0ea369a7aa978f4b3cc52049e5f02840 3 12 1 207132.812030
TRANSACTION 1587190033.364154 18873728ec0c77de9dde06fb2b63b0bc 30 17 10 207134.714036
TRANSACTION 1587190033.865409 1085440077ae772d2e6c4d04cd73af48 20 25 113 207135.214345
TRANSACTION 1587190034.640009 af371b6ea644722707d5ed0facd190ce 26 12 212 207135.988800
TRANSACTION 1587190036.656998 b096a9ba60d6c9b4ec6ecccd1e1515bf 23 16 24 207138.005900
TRANSACTION 1587190037.340794 73f4128b720f37559a7b1c414d2ae9f0 2 15 87 207138.689925
TRANSACTION 1587190037.487755 d1115079a55448a84d336ffadaa608aa 32 18 227 207138.837028
TRANSACTION 1587190038.702913 3fc58ffebb71f359c6a74faaae9fbfa1 21 2 3 207140.052173
TRANSACTION 1587190039.422065 bc20aae0282c0176edb81cf4247ee0b9 5 29 783 207140.771113
TRANSACTION 1587190041.259514 1e889506bc391e38c0c7714edfa0041c 14 4 23 207142.609185
TRANSACTION 1587190042.822530 ab2fb4a692568bac48edf961ed64adc6 1 30 30 207144.171717
TRANSACTION 1587190043.175106 e3e28a90c5179660927b1c62b050c4e4 7 16 685 207144.524756
TRANSACTION 1587190046.279500 ac2604d09e65e679c324ebdeb738561c 23 17 56 207147.628682
TRANSACTION 1587190047.176105 5e4ee4cba65f50eac1eb54b75d7f23c7 29 20 2060 207148.525709
TRANSACTION 1587190047.706226 665948a9b76c19e471ab825d04d19690 3 28 94 207149.055266
TRANSACTION 1587190051.622206 b490bdbeece5bd7148c81bfb9d4066b7 28 6 14 207152.971598
TRANSACTION 1587190051.753245 b832922884b03d48fe5374f19d9861f9 30 41 3 207153.102165
TRANSACTION 1587190055.552323 06c090408fb5edd5e29659e26b78f10d 2 1 28 207156.901686
TRANSACTION 1587190058.748619 5d31b0c355daec40411ffca49e4152ac 11 24 60 207160.097778
TRANSACTION 1587190059.964204 1bb7a8c37ca9a76530d3d2c1e289d39a 7 15 48 207161.313494
TRANSACTION 1587190060.947688 f6c040c4e42413b9c7a91e3efd6b02fd 32 10 1 207162.297097
TRANSACTION 1587190061.551727 375bcb13be04abe428dd3cf98444e7c0 36 17 323 207162.901393
TRANSACTION 1587190062.518448 73d55ca2d33c21c59a7e4e09407c14b5 41 32 21 207163.868098
TRANSACTION 1587190063.978224 f7e1929b6d7202326d28778d7bcfcbd0 42 19 1 207165.327711
TRANSACTION 1587190064.601286 acf233723be4ad4be640c12cd2f2a0ab 29 15 285 207165.950659
TRANSACTION 1587190066.084697 c30ea2f15b45da5e468af5a3adee39ac 0 45 9 207167.434340
TRANSACTION 1587190067.270131 f2d6f8d45d97482d3f2b451694fe75f9 9 20 81 207168.619394
TRANSACTION 1587190067.703593 2fda7b291d46eeaf1edeacaf6bab509a 4 40 1560 207169.052985
TRANSACTION 1587190068.460744 47750b4f578ce1c89001127fe3913b34 31 24 127 207169.810311
TRANSACTION 1587190068.840211 94dd26c0d1fbeb8ae01f63a492905884 47 39 174 207170.189392
TRANSACTION 1587190069.252672 0c5ca09d609089ba75ca9bf79a287ffd 39 22 405 207170.601634
TRANSACTION 1587190070.528907 9d33bbd20980b3087c78b2488f57818d 3 46 1 207171.878172
TRANSACTION 1587190072.771912 901a80df596c087a30246e836ae8a8aa 28 21 768 207174.120746
TRANSACTION 1587190072.972755 31cbea0a8b009b195f9e99cab456dacd 8 38 16 207174.322449
TRANSACTION 1587190074.002888 61d2a9368331cc256f95c843a823b423 17 16 378 207175.352164
TRANSACTION 1587190074.014264 5f39520df9a02f5d9d936a7884093194 5 38 124 207175.363132
TRANSACTION 1587190075.952198 a04f1f6fab89094cd5a7a216012986e3 32 37 3 207177.301539
TRANSACTION 1587190076.143226 726e9496bb0720ac95d12cda7599780d 23 21 9 207177.492762
TRANSACTION 1587190076.151583 ec673647f371ce2a70b9322052885db7 11 2 115 207177.500424
TRANSACTION 1587190080.735388 ab07eed0013d158658b2eeea24c788ea 1 53 10 207182.084294
TRANSACTION 1587190081.136724 6db40f688c3e5e7cc691d50d01168c11 18 46 15 207182.486416
TRANSACTION 1587190082.104875 c1e733505750b25df59e0d42b6484119 27 41 191 207183.454203
TRANSACTION 1587190083.512148 42506d41b8deb2bec871cfda0ad145b4 24 7 1 207184.861115
TRANSACTION 1587190086.778594 da65cd372c1db37f954221243a2de240 44 23 123 207188.127815
TRANSACTION 1587190089.953659 99f2b55fa5f85cb0f6f8b674cbad3e44 12 50 2313 207191.302899
TRANSACTION 1587190090.688537 04011a9fd536fd184be44f97ae3f21d1 36 6 161 207192.037530
TRANSACTION 1587190091.070415 6e67a0de7d110baa7f19caa385c134a0 30 12 100 207192.419300
TRANSACTION 1587190091.476160 29d375656ba5b3f30e2244d8cc29bf26 25 39 1162 207192.825148
TRANSACTION 1587190091.644211 dc85a62089483371cf064b222f1ce6ee 18 1 3 207192.994197
TRANSACTION 1587190092.377980 420b8a3e7a63e15dd561c759b9aa5c77 27 41 78 207193.726994
TRANSACTION 1587190095.973713 05cdba38383841c4709d3a325bc3012c 28 30 542 207197.323004
TRANSACTION 1587190097.176496 cd0802cfb10c1128729240730a975632 38 22 1 207198.525935
TRANSACTION 1587190098.681049 44a0a881fe9bfdf875ad735b8aa358f1 54 7 1565 207200.029958
TRANSACTION 1587190099.102567 167fcc03d719c26e51b6d58fb4dfd8fc 12 22 49 207200.451502
TRANSACTION 1587190102.903886 baa0e2efebac68b67089544910933f0a 41 42 280 207204.252788
TRANSACTION 1587190104.314634 65ccb2ca07067006f81d257a2025fd9c 66 20 10 207205.664005
TRANSACTION 1587190104.658239 04a83504b79fa4cb46b84eb22d24e92f 13 42 1 207206.007704
TRANSACTION 1587190105.308671 6d11efe73be4e55afff980929f27ade0 57 4 208 207206.657749
TRANSACTION 1587190105.719865 5f9097e67315e14e15c4533ca95b92d6 1 29 37 207207.069625
TRANSACTION 1587190107.861004 6c6a58a125b5ae56cb02a778ab74cc04 21 18 3319 207209.209897
TRANSACTION 1587190109.922401 43e7dea00f488ae286a8436bf0081088 45 21 293 207211.271756
TRANSACTION 1587190110.573916 79405311cf17aa78acf7bb643ad1c6b2 29 32 265 207211.923211
TRANSACTION 1587190110.611409 7f52a48c9497a0075c6fb22a3557c3f9 33 30 42 207211.961304
TRANSACTION 1587190111.791164 24e3c852cbe4b42fb3878b2bffeb6d43 19 26 137 207213.140531
TRANSACTION 1587190116.903759 83264797c42b8d28e8053c3d696f8d57 34 36 6 207218.252947
TRANSACTION 1587190118.840687 9db744e4e11f4424f338699e9fc392d2 5 61 522 207220.190004
TRANSACTION 1587190118.860033 885245f06aa22a750f3857e70565c5cc 34 35 241 207220.209605
TRANSACTION 1587190119.265473 42a9e695c7511ee553719e010f252110 21 31 11 207220.615026
TRANSACTION 1587190119.471730 6cc77ab370b90f3c094b27adc70ed6cc 58 15 10 207220.821127
TRANSACTION 1587190119.792548 8f18f3a77108da96d60fac6c43fbca71 58 10 2 207221.141883
TRANSACTION 1587190121.808456 50a75fe371f1af3afdece84571560754 49 54 468 207223.157927
TRANSACTION 1587190123.932033 5544ce83ac2f0f2efe886141d6f0889e 28 39 50 207225.281367
TRANSACTION 1587190126.629893 40835499d3cfb65ddef689d382c909ea 67 66 1 207227.979294
TRANSACTION 1587190128.597541 d32c5322decd1d8dce107eb1e6e93aea 48 36 58 207229.947185
TRANSACTION 1587190129.420955 0a14a2a603ebe19df2f7ce7670968b95 37 51 266 207230.770353
TRANSACTION 1587190131.166176 5b3a17eb96f99e21dad584af8f7c6266 2 33 61 207232.515354
TRANSACTION 1587190131.528570 cb96f627b080aed5d3de3a074d7214ed 42 13 2 207232.877962
TRANSACTION 1587190133.563089 138a035ae205db12aa3fb49e724f9ae6 36 17 1549 207234.912413
TRANSACTION 1587190134.622342 d714b2cf43989154c6e6005834d23b04 63 72 113 207235.971580
TRANSACTION 1587190137.501795 ca63f5c6372d60fd40ef755bca81c506 14 57 402 207238.851174
TRANSACTION 1587190138.986743 c48406905091cef11c0c378b074a0591 53 75 375 207240.336075
TRANSACTION 1587190141.900863 83584122fa4da919e2e47c169bd238e9 47 26 38 207243.250176
TRANSACTION 1587190143.431788 322bed70a9e90486bb794fd54ae28ece 7 47 3 207244.780953
TRANSACTION 1587190145.361878 fd2a1d120af9026531108e00e933cfcf 59 15 352 207246.711344
TRANSACTION 1587190149.982539 8e747c17e45d3e2b0519ae058160e7f4 69 63 81 207251.331421
TRANSACTION 1587190150.613085 963ddee3b5bf4c47d61cf564defe839f 73 8 41 207251.962379
TRANSACTION 1587190151.796783 02d6342901cac2a33851ce2aadc2ad22 35 76 40 207253.146128
TRANSACTION 1587190153.241440 20b260c9664a3b873976ca282ada9046 65 51 539 207254.590441
TRANSACTION 1587190155.182486 0a54abfd2538e91ac07c338f8702ec9e 13 37 470 207256.531898
TRANSACTION 1587190155.187921 310739170a5c112ade3e770460583ddf 74 58 27 207256.537263
TRANSACTION 1587190155.596046 c5bb001bb2e6a792c08902628676dca0 23 13 1 207256.945381
TRANSACTION 1587190156.020622 868a84f3b263b7c88326769b83f9669b 58 54 11 207257.370183
TRANSACTION 1587190156.283220 630b7be9b5c4ccf9fde049736205a765 30 20 194 207257.632499
TRANSACTION 1587190156.539652 405ca43c977fa35cfa2add431d3f71b3 44 61 2 207257.889138
TRANSACTION 1587190156.953920 d6a6b0e8ec4f9a1d860a3add190db1f0 8 23 405 207258.303284
TRANSACTION 1587190160.654251 5554abd204040ea6e90a28c0fed3367b 61 31 8 207262.003563
TRANSACTION 1587190161.465089 f931cd602ac81e4a354cc3db3c0f1507 22 58 224 207262.814384
TRANSACTION 1587190162.035668 85a47cf635320d898f55f96168fc765e 26 73 13 207263.384694
TRANSACTION 1587190163.591454 671d12da838eb69538a4e4d6aedc99ef 2 3 326 207264.940422
TRANSACTION 1587190166.514967 c6f566311d8e7b14ccb4e93361973cb7 57 17 28 207267.864408
TRANSACTION 1587190166.768662 df59a2147c25a39894948e7e14fd8b82 30 12 2 207268.118248
TRANSACTION 1587190169.366122 eb8bd64a65a6fc36b0ebf3a30016d547 50 14 288 207270.715016
TRANSACTION 1587190173.165747 20e9487b4713216d7e1db879ddd63fef 21 79 148 207274.514615
TRANSACTION 1587190175.013129 46ed3b46ce200daf22db41e8972fbca2 81 3 34 207276.362307
TRANSACTION 1587190177.042484 d26189ff59839ff552b5eca4cf18f3ee 87 76 53 207278.391852
TRANSACTION 1587190179.135529 4039ee521406d6efea2829cb5b7c4117 24 37 1141 207280.484802
TRANSACTION 1587190180.173486 4eb5e24cc9954f8f918210406fcd8491 39 67 204 207281.522828
TRANSACTION 1587190180.747111 7fb3096abb2dcc3c3e76e66836039c5c 52 34 45 207282.096609
TRANSACTION 1587190181.829873 ef4b4783771aee238628eb02b245bdd0 32 72 1163 207283.179095
TRANSACTION 1587190181.844322 7b2d9f1bf49ac23b0d870dd5417b4834 20 72 10 207283.193652
TRANSACTION 1587190182.343585 a70eafc264a6ec22bdeafda89165b817 40 45 32 207283.692714
TRANSACTION 1587190184.503453 f65e8e44083ee1b08c016e56d8af2885 27 86 1 207285.852760
TRANSACTION 1587190185.655561 9c5afd40e8894d421333d2d80a916b06 85 65 21 207287.004717
TRANSACTION 1587190185.889661 5c334f01f4f777dd845c477a2f0a7fd3 61 5 134 207287.239154
TRANSACTION 1587190189.710325 3de298d9d1a4c84777feeae2e18faaf9 85 67 103 207291.059585
TRANSACTION 1587190189.729735 e2c0a58a7b10d235b5cbcbc4539a67b8 20 53 472 207291.078583
TRANSACTION 1587190190.961167 28be09157247158e398f512d3eda4d31 63 26 83 207292.310051
TRANSACTION 1587190191.096850 95606251cf34124aaf3a16c05abc4c1d 27 66 1 207292.446244
TRANSACTION 1587190191.170475 7955e69292db3708165ec016d53a5d37 66 85 83 207292.519945
TRANSACTION 1587190192.092232 4fd7e27f63c675ab88d6954aa7ac94dd 61 89 3 207293.441086
TRANSACTION 1587190192.901151 f6f793017144aa4d12b07f59eb3116a8 34 73 217 207294.250634
TRANSACTION 1587190192.966623 87fb63b672cd05e8a35d093dcce29fb3 39 35 71 207294.315535
TRANSACTION 1587190194.668483 c72cd016cdc7db5e629dc4b9e131b466 30 49 455 207296.017390
TRANSACTION 1587190196.407180 2be5485d01cbca9021dc433329285e36 69 80 2 207297.756437
TRANSACTION 1587190197.026589 f7a81b132c38e0af4d98de1fa959d762 5 62 178 207298.375483
TRANSACTION 1587190199.981373 9422bca3a33ee647a255bdc54d5c555a 76 68 52 207301.330343
TRANSACTION 1587190201.179025 8b90b77af97a5ee14202926f88eaef24 11 77 1 207302.528370
TRANSACTION 1587190201.865682 a67f396a223b24de382401dfd0e0fef7 28 51 68 207303.214788
TRANSACTION 1587190203.725289 cf5da0ac235adbf0ecc0cec7300902ef 80 72 24 207305.074489
TRANSACTION 1587190204.450097 7da54077e87c9ab06ba786a26ec38811 12 19 118 207305.799477
TRANSACTION 1587190205.845910 86062235ed2801fc776b020355f6fdad 87 63 17 207307.194902
TRANSACTION 1587190206.499348 0d49c703800630d110f39bdbe973dbfe 50 84 70 207307.848708
TRANSACTION 1587190206.865931 c64d1a5ee7f9dc519b5d914fd808be2a 57 58 108 207308.214964
TRANSACTION 1587190207.070647 0ad4ae50c01de6c634a5b5e3966cde9e 21 40 263 207308.420639
TRANSACTION 1587190207.907548 b5b82dc54de48c42e41f8046d153fd54 32 65 286 207309.261649
TRANSACTION 1587190208.588354 8dcd106ed7160d5f25c04be55a01aba8 44 17 107 207309.937496
TRANSACTION 1587190210.302747 792275d9325a484798ad6a22e6d6aab3 14 11 688 207311.652081
TRANSACTION 1587190210.752204 10d71d1e769c1d5963688980c5f49f3f 48 37 4 207312.101510
TRANSACTION 1587190211.696622 ad26ad5296cafbefe7763e982b33694b 61 29 168 207313.046018
TRANSACTION 1587190212.116403 2dc0759d6ad644100d47da9bbc1a8826 67 86 1 207313.465708
TRANSACTION 1587190213.329985 be96e2bfdbfec2cea28c8f084df9b032 26 71 974 207314.679489
