TRANSACTION 1587190006.525465 34fb0bb602700d3b9aa4a116ba713a31 3 8 17 207108.352084
TRANSACTION 1587190006.845755 05284cfe5bc4a9995ca13c3c72d26eb3 7 3 433 207108.352118
TRANSACTION 1587190007.001086 16a994a3dbda0a5ed6953f52d769ada9 3 9 51 207108.363486
TRANSACTION 1587190007.074403 7f669f162b94f0573a44631c3078de16 9 2 45 207108.426343
TRANSACTION 1587190007.127938 f78cede42a8f7cb7d54df01f20d20a3b 3 8 143 207108.477327
TRANSACTION 1587190007.188504 9a660a43c79fb93fec107b121c968e02 4 9 85 207108.540100
TRANSACTION 1587190007.242953 73531223ff2b1dba59accf55beb15a93 1 3 429 207108.594867
TRANSACTION 1587190007.265365 4dc8b8d82742695f2f77d12a53004441 2 8 1318 207108.618402
TRANSACTION 1587190007.273664 f2c4297f7959ea4b5fe51088806c7557 8 5 2507 207108.622643
TRANSACTION 1587190007.312984 d97d864b82099eada4ef17f0050ca013 7 6 16 207108.663071
TRANSACTION 1587190007.323417 4e8a44206c224c869d3d255ad9a7fe28 4 8 43 207108.675242
TRANSACTION 1587190007.353857 035da1977b2c5f49e4d4111fc6c552e3 9 10 11 207108.703648
TRANSACTION 1587190007.422320 eb5c2c662e9fd5f27912a42a5e508629 5 4 1065 207108.771756
TRANSACTION 1587190007.423774 a8613ad8a73ee8cb4a6b66dafe15efa1 8 3 114 207108.779856
TRANSACTION 1587190007.443091 49bc78ac0afd7bfe4142dd72e25ee419 2 9 316 207108.792479
TRANSACTION 1587190007.466430 974b07bb085aea82ddb5b3468902a86b 5 6 246 207108.815654
TRANSACTION 1587190007.472202 dba5a2226721ec6982feef54e9b5f6be 3 2 75 207108.830211
TRANSACTION 1587190007.482514 9eddabdf42a0a68003df4677e7bc2c02 8 7 1 207108.837265
TRANSACTION 1587190007.496830 362b86b9436f5485422dfc5e322d636b 5 2 620 207108.849606
TRANSACTION 1587190007.542199 aaa796a5e7d4497e425f75bb9fb27dfc 3 10 99 207108.892198
TRANSACTION 1587190007.650780 b76b188f281deb016e7932c486ee25df 9 5 114 207109.001179
TRANSACTION 1587190007.678200 c66a870663fa288a4cb55e8b23143800 3 7 455 207109.027054
TRANSACTION 1587190007.699520 91740dee9b2e66e14f8374292e4d7c56 0 6 753 207109.051384
TRANSACTION 1587190007.740889 b19c09ea3bbb1a92621d2fcb8afbc9ba 9 5 197 207109.093275
TRANSACTION 1587190007.796356 1d12066f20aa2e32bcd26c268fc9b359 10 5 106 207109.146624
TRANSACTION 1587190007.965948 0d19a24490f62110995fbd7e27ebdd5d 5 7 313 207109.318451
TRANSACTION 1587190007.973421 88a609df5893b1d7104fd6489dbecec9 6 7 473 207109.325509
TRANSACTION 1587190008.023864 366ebf1758e5ee64ce967710c51d5886 9 4 38 207109.374384
TRANSACTION 1587190008.044289 2ff1e5c3d08b428b20685e2a55d97214 2 3 372 207109.396624
TRANSACTION 1587190008.092738 12ef01f1e49ea6d8bf7b1955052675fd 9 11 15 207109.443268
TRANSACTION 1587190008.101129 788d8f182cf149fc0766803587166a5e 2 3 23 207109.453008
TRANSACTION 1587190008.252629 b1a556a1c942eddb6c92f202db7f963a 9 5 29 207109.605125
TRANSACTION 1587190008.272049 b723986204e88322b1df33ac3901eaed 9 6 3 207109.621635
TRANSACTION 1587190008.291373 26621f3c68986c122c03b7296303d694 8 6 4 207109.643105
TRANSACTION 1587190008.385816 ffea4bc28366e3990ac0d4774012aa78 10 5 4 207109.738618
TRANSACTION 1587190008.681578 db1faf32fbd3bd0da9f8de433415cfe7 11 12 11 207110.034309
TRANSACTION 1587190008.697013 eb637c37440e98bc203e016a13f4806d 11 7 3 207110.046151
TRANSACTION 1587190008.713386 ece1fce8495e0a0fa9cc190f57e540ce 10 9 7 207110.065519
TRANSACTION 1587190008.771802 9ff75fb9534e45b31775e4a2dd685821 11 5 1 207110.124694
TRANSACTION 1587190008.864313 fe6734177efd789c58543647780d8b77 3 13 238 207110.214155
TRANSACTION 1587190008.990905 9582c8aa9db86180dba30219dd69e1a0 13 14 177 207110.344484
TRANSACTION 1587190009.044404 b0415855326b5ec6cbf6673019329a50 1 9 466 207110.393710
TRANSACTION 1587190009.075822 8ff1d752808b4bb49b973c7759a5ba1d 7 11 631 207110.425350
TRANSACTION 1587190009.144252 879b1c944bb424a3dd0c7d769eae9108 11 2 209 207110.497895
TRANSACTION 1587190009.288825 1dcf17edd49f09aa065337bdf9171398 2 6 224 207110.641886
TRANSACTION 1587190009.366313 ca897c6482bf92898787223d0d484a50 2 6 134 207110.719082
TRANSACTION 1587190009.373779 8194294fdd8ca96d56e9fa1c1f48061a 1 2 46 207110.726273
TRANSACTION 1587190009.462239 03c4de758f6d6f70f3c4bbaa3b675f6d 3 13 124 207110.812557
TRANSACTION 1587190009.502724 80f26ada1ec2871c2baaea681890215f 6 9 778 207110.855533
TRANSACTION 1587190009.571203 ee8e8a9a241e87f5e384da9d569db64c 9 13 227 207110.920451
TRANSACTION 1587190009.641711 39a38e99c3277dc646cad4b7b7bc9b4b 1 3 183 207110.994196
TRANSACTION 1587190009.679143 b630dbf81206d77dbe8cddec825b7996 4 7 302 207111.028566
TRANSACTION 1587190009.724550 58bb037cd30b9e6c49c3da913e6abb18 12 15 1 207111.074085
TRANSACTION 1587190009.852087 5a813674c0e94c0a7d466a5be6cae509 8 14 1 207111.205067
TRANSACTION 1587190009.862521 5333fac3a33deb4bd602e1c8d2a34637 12 10 5 207111.217792
TRANSACTION 1587190009.881821 dc3b4f3b26d900123f48d6ef16e46c7c 5 1 280 207111.232121
TRANSACTION 1587190009.885121 9ac844c4c5307244e53ef2a02b1931e2 1 7 215 207111.245739
TRANSACTION 1587190009.967541 2206593f7edc8d601ecd147ca70b42a0 15 6 1 207111.316712
TRANSACTION 1587190009.979982 6be18ee82c31519f73269a9f9cb9c393 4 13 223 207111.329419
TRANSACTION 1587190010.007350 b369760a07d3c40c959b1751f7aab853 0 3 96 207111.356326
TRANSACTION 1587190010.052709 e85454b8bf52fd53b80d5dc710db96fc 5 8 242 207111.401647
TRANSACTION 1587190010.058053 275306193402d92d48c8ad4ce5a26f98 0 13 674 207111.413453
TRANSACTION 1587190010.195535 d4ceec5dec25d91c7a174445ef0806c6 13 2 1253 207111.545662
TRANSACTION 1587190010.269053 cc6aaa2d66172c119953fc32113104b3 11 7 145 207111.623434
TRANSACTION 1587190010.326525 c780ff449cb899ff3cb4cd3f5ba1994c 11 8 15 207111.680236
TRANSACTION 1587190010.396012 222194d2a63f2c178086f5e4af12149a 7 15 323 207111.749127
TRANSACTION 1587190010.406410 27217e366c17a0f50a5c25e8f79de66e 11 1 107 207111.758907
TRANSACTION 1587190010.449770 68bf6d38d93803d690c912d75cfe17ac 3 14 294 207111.802932
TRANSACTION 1587190010.494227 b93081aa362a7c08c859c53082a5e421 8 10 61 207111.847485
TRANSACTION 1587190010.509611 f4bc2f35a76f67e6b971018b875a5d7c 11 14 38 207111.862516
TRANSACTION 1587190010.514935 4e2493ed5b824652cfaf61fb2ab220b7 15 14 279 207111.864997
TRANSACTION 1587190010.515141 03b85fcb9ca549c2aa9d0bf5b6e34000 9 11 852 207111.865005
TRANSACTION 1587190010.535421 b1299a2cb016ac714618115067e19e2d 8 4 173 207111.887631
TRANSACTION 1587190010.542743 cb8cbfc536a0af07c4a04dd0258df4bd 5 3 178 207111.894828
TRANSACTION 1587190010.699290 bc0842161e6547509200d71ca0b3a5a0 14 1 29 207112.052747
TRANSACTION 1587190010.715740 1919db850bbc53557b68ab5621e865b8 1 12 78 207112.067908
TRANSACTION 1587190010.762090 b70e36b05728f147650734e767e2461d 1 11 10 207112.112665
TRANSACTION 1587190010.772435 400851c4215fbf9fee4fc379f46b1299 5 3 28 207112.125249
TRANSACTION 1587190010.817798 f08a1ac25a9e1ebaf33f04314924f710 15 9 16 207112.171247
TRANSACTION 1587190010.867247 6934053aee470f972514e21ea59c2dce 0 3 578 207112.216915
TRANSACTION 1587190010.872710 034aacb3cfd6755afd78df707306e8ae 15 7 11 207112.225804
TRANSACTION 1587190010.905103 3d7659324baf075bff9c222d3f35b3ff 0 8 573 207112.254620
TRANSACTION 1587190011.004690 deb5198fbe4430fba5f91aacf6195b8c 8 2 343 207112.354334
TRANSACTION 1587190011.060292 593e24838971a1d1166e482e7431abfe 8 4 15 207112.414034
TRANSACTION 1587190011.272980 a78407d0b4ed2641f18cfa4fbb7206bf 4 13 178 207112.622587
TRANSACTION 1587190011.316638 9634b6763bbfc60460b60069c2ef4df1 7 15 554 207112.669057
TRANSACTION 1587190011.383264 39444d9515aec0439cc05e2b7f2a23ad 8 11 19 207112.735141
TRANSACTION 1587190011.443868 07d8abde015c8202f53469763d14b6c6 0 14 739 207112.793571
TRANSACTION 1587190011.447345 40f8ccfd6d1cab2374bb101844321a11 15 13 116 207112.798720
TRANSACTION 1587190011.509712 5ba1b98184ffc0f1f554b73af0c298dc 3 1 260 207112.862933
TRANSACTION 1587190011.527212 080ba8f8b9668c57a2f070366254ff2d 3 16 354 207112.879563
TRANSACTION 1587190011.816857 c34a5ec25b94c5683ac507332f79e31c 5 3 4 207113.169951
TRANSACTION 1587190011.829284 c0b9b716ee1348b7afcf7e80387ee2a1 11 17 251 207113.181727
TRANSACTION 1587190011.901720 b53b6b99b062d876c06da4764caf23d0 5 16 58 207113.251611
TRANSACTION 1587190012.022287 54c122b81bcaecf48a0ef344f64ac0a5 4 3 454 207113.375547
TRANSACTION 1587190012.064774 0d3b6c57524e2e275d43195750184343 5 4 8 207113.417367
TRANSACTION 1587190012.133249 e9fa3c24a08cbcffea40ee3452c77c25 0 16 439 207113.486475
TRANSACTION 1587190012.205786 6bf80274b379b99f51cb3b809b7a29b1 15 7 304 207113.555620
TRANSACTION 1587190012.227239 70282db9ae7d170483a1bc8eca7911fd 1 5 379 207113.579875
TRANSACTION 1587190012.230604 8151efd884ccac187f2adce73fc4cfa3 15 14 134 207113.581442
TRANSACTION 1587190012.385111 bf717e358da3131783477fef5de2a933 2 15 1084 207113.734400
TRANSACTION 1587190012.466671 46e02d354017b371dccd68ee4f250eaa 9 15 168 207113.820179
TRANSACTION 1587190012.793489 71ad3e627f502e6118b581463f5acc5e 8 17 116 207114.145788
TRANSACTION 1587190012.890059 6e02ab1d6bba9386e61c9de4c5db7d06 15 6 831 207114.239017
TRANSACTION 1587190012.927525 311b435f6d7b89bfdcd0472421d31f6f 14 15 1330 207114.277332
TRANSACTION 1587190013.044078 6f00cb497854b2bbcca4fb74d26b999e 10 7 21 207114.393823
TRANSACTION 1587190013.167852 77bd6a2c9ecf50a699ae19694ff1f5ba 8 11 56 207114.521187
TRANSACTION 1587190013.180264 6a10d03f26a4ba3636007c3c8c05ae97 11 7 496 207114.530876
TRANSACTION 1587190013.183615 abb456d3e1a3c8e66b9fb65c2d27ed77 4 9 138 207114.537757
TRANSACTION 1587190013.335376 b658e52a6a759fb7200d15866ee398d8 8 15 16 207114.684844
TRANSACTION 1587190013.463962 c8f8ad95626eec70868a75420a05f0bc 1 13 115 207114.816763
TRANSACTION 1587190013.467373 d088c5684e4c7d5194a3d9ab06f530ec 10 15 25 207114.828810
TRANSACTION 1587190013.505760 ff3b5d2b801d8bdc23f2bc291cbd47d7 13 9 281 207114.858118
TRANSACTION 1587190013.522163 6285e680c85270d9d0a28d1ebf7473fa 16 5 419 207114.871492
TRANSACTION 1587190013.556551 94e50c5615ae7728d038cfecb7a5dd64 3 12 452 207114.906043
TRANSACTION 1587190013.581993 11c55ca89cbbece3144c2cfe10ef417f 14 18 208 207114.934745
TRANSACTION 1587190013.655627 1039fc89ac1b769eb86c6cbd0d827784 14 19 21 207115.008203
TRANSACTION 1587190013.716145 018f962e26775557f6dd3ad1dc2058cc 17 9 73 207115.067243
TRANSACTION 1587190013.743618 6219e451f7b96063001a8b5b5d804c69 18 19 85 207115.093149
TRANSACTION 1587190013.877139 043d4a6759b023be0d9b60f961286d0e 15 7 1219 207115.226802
TRANSACTION 1587190014.005814 2222dbd9de66caba6b0973597229f6c8 14 19 9 207115.356607
TRANSACTION 1587190014.061321 73626fcfb5b0c44c6fefa98a1e550592 9 10 95 207115.413699
TRANSACTION 1587190014.183879 745297b573cf77a6dc7fd1267f73b10d 16 15 245 207115.534134
TRANSACTION 1587190014.200287 ddc08c947578ce8d7b7ef5917deb51a1 3 7 85 207115.551673
TRANSACTION 1587190014.223663 eef7003eabaf5dcb6133a2fa73aaa711 15 4 607 207115.576305
TRANSACTION 1587190014.236038 e6e3b92b866c0740e351ffa511c334f3 13 10 46 207115.587939
TRANSACTION 1587190014.263384 8d628ff341ec7da2d984e0c226aea4c7 14 6 10 207115.612827
TRANSACTION 1587190014.288762 a898dfb72b5265f25197e3e58d0b5f43 16 19 149 207115.637898
TRANSACTION 1587190014.488355 613e6ffafcc41babf58a9170eacca454 7 15 1380 207115.841005
TRANSACTION 1587190014.522814 68718858bac8b5b8e78596cfd0663624 2 17 510 207115.875227
TRANSACTION 1587190014.571248 9e47805ca3d6756d1ae19e962f537549 5 17 471 207115.923121
TRANSACTION 1587190014.644759 5898717b6b2964031a5cb7ac4cd5744b 6 15 775 207115.998670
TRANSACTION 1587190014.649167 4273cae0c0f4b9d6c0925b1d706c9aa8 8 3 14 207116.002290
TRANSACTION 1587190014.674516 18b3e75c71ff1a5da00289b906479769 19 3 194 207116.023485
TRANSACTION 1587190014.719916 b7afe65e236c83f71b5c77181cd3bd42 4 15 483 207116.069570
TRANSACTION 1587190014.869493 dac6b175b57db62e0206e5c25379dc3f 10 17 126 207116.219046
TRANSACTION 1587190015.100228 9ed622b66709666277cb1db7abc3918b 5 15 172 207116.453295
TRANSACTION 1587190015.106699 4a406708ed07290d2e35f70f510bc2a5 7 5 520 207116.456003
TRANSACTION 1587190015.164085 7dd9d64162c194e3dd171be8c45b1ed8 12 9 261 207116.513542
TRANSACTION 1587190015.232009 aed40e872839ee0da6c4d7224e07d4f1 17 18 1265 207116.584496
TRANSACTION 1587190015.357474 403be3e3dae471fca06f530b600ccf30 6 18 113 207116.706978
TRANSACTION 1587190015.396958 f7ad68c3c819ee5917e2092cb6b68621 1 20 28 207116.746478
TRANSACTION 1587190015.422369 42ea99b060b06bb35f7a351439135ac0 15 2 2636 207116.776166
TRANSACTION 1587190015.467740 8c37c68691c567c82d29671daa4405b7 14 2 39 207116.820593
TRANSACTION 1587190015.550209 51050d5e22249c93ad7991bf9b33ecbe 19 8 20 207116.902913
TRANSACTION 1587190015.557685 59b9779b146d128ec1056eac02d77096 20 15 1 207116.908338
TRANSACTION 1587190015.615177 6c9dd88e7a6f77d4f9f95200c8db2c59 12 1 191 207116.968576
TRANSACTION 1587190015.654661 4393f61f1af355e8f414fd2088f798a6 12 6 47 207117.006215
TRANSACTION 1587190015.741221 f69f9f099715c03a3d16bf8f446834b9 19 17 1 207117.092961
TRANSACTION 1587190015.782705 873629446c67883bc926bc926c3a5907 0 7 51 207117.131821
TRANSACTION 1587190015.786077 ac6751241ea1f24f66488da21c192173 9 20 57 207117.139673
TRANSACTION 1587190015.864490 8cd79217f8197ecf7e604c01804b3a65 7 10 351 207117.213870
TRANSACTION 1587190015.917963 d600329b3f72135dc35b854accfa945b 16 19 15 207117.267426
TRANSACTION 1587190015.953427 c16715f4fd05da69b35e2ea45b8c10df 8 15 18 207117.304600
TRANSACTION 1587190016.004997 fddf7d17ff2bba9f0ff16ffe8d983f63 5 4 217 207117.354457
TRANSACTION 1587190016.030453 904a94efcc6989f59b68a21a9e5bda81 19 14 16 207117.381426
TRANSACTION 1587190016.033781 edeb603ddd26b97eaad1d6af80ccb4f3 5 6 308 207117.386148
TRANSACTION 1587190016.049064 a7aa94c5c5038aabdc482779056d8c72 18 8 1453 207117.398609
TRANSACTION 1587190016.076378 91a1fce0570f1c2b383713d3bb27acac 6 21 261 207117.425233
TRANSACTION 1587190016.122718 b647eb5a88130fba06e832e934fe3c9d 14 15 3 207117.474189
TRANSACTION 1587190016.208171 4724cb55babbed39dda46e98771c5a8f 15 8 11 207117.559284
TRANSACTION 1587190016.233871 754d11f4eabff985ebf4290da334580b 9 20 255 207117.585171
TRANSACTION 1587190016.233631 c0f3b8e6c5443a208ac9e40cf39ea7ec 17 2 99 207117.590996
TRANSACTION 1587190016.278198 94cd322fc71c5013293ddd29b32a7311 10 9 261 207117.628913
TRANSACTION 1587190016.346637 da84b428f46d3392fe998993b3ce2051 5 20 86 207117.697346
TRANSACTION 1587190016.398098 27cf14b59655889577d13cdf7b89d2be 21 13 146 207117.748860
TRANSACTION 1587190016.418491 c9e0d4ae02dcb2f45ab10a9a778eaa99 17 8 36 207117.770955
TRANSACTION 1587190016.425854 ed62f4fe60c4db9321c29d3611238210 3 8 279 207117.777004
TRANSACTION 1587190016.521566 58e7317be2f7222542604c1e7018c974 7 1 178 207117.873207
TRANSACTION 1587190016.538965 9a6c6039c0ad3d55f7be0f7a46b6fb26 16 3 15 207117.890594
TRANSACTION 1587190016.649866 947208651160affb53d9fdaacd68a2f4 2 11 1857 207118.001609
TRANSACTION 1587190016.722254 da241b0e7d41e6e713f2dc1f5c68b226 21 13 27 207118.074478
TRANSACTION 1587190016.732659 356392293863f5eab4d23b71e2b55b42 3 6 3 207118.083748
TRANSACTION 1587190016.806068 8fc7d0a21bfbb237143e23a26e9259f5 5 4 38 207118.155957
TRANSACTION 1587190016.830507 a3681bcd0fe7ddb48def4083e84bf05b 13 21 281 207118.180894
TRANSACTION 1587190016.904977 8e40eb5368295a5ccbb5578029a38ad5 7 10 121 207118.257792
TRANSACTION 1587190016.940533 427f0b36f3afeb1e629f1b61e44f11f5 14 2 2 207118.292431
TRANSACTION 1587190017.110117 298c8dee0ca7ece5e418d3fb099625e7 14 8 1 207118.463492
TRANSACTION 1587190017.147515 2e6c16c94a1e45fb95c8bed3f48189a8 19 20 3 207118.499809
TRANSACTION 1587190017.167917 50e057274fa285ab1c82ab33407cd17a 17 22 1 207118.519482
TRANSACTION 1587190017.200528 a2fab480f5f6ff1f76713e5d9e28e72c 5 19 7 207118.554015
TRANSACTION 1587190017.200303 56a0f6c923f06ce1cbe60da7c6b03180 15 6 196 207118.554024
TRANSACTION 1587190017.232846 aacaa3cdf917adbd21aa037bdfdce0ff 1 21 453 207118.583770
TRANSACTION 1587190017.445431 ba69de686d6447710b31fb2925cdb3eb 5 21 1 207118.796220
TRANSACTION 1587190017.449834 72ca889648495da54fa3022db31794c1 13 3 14 207118.803678
TRANSACTION 1587190017.579278 8f8bd08c8e55fa4d61f5671165981448 8 15 1581 207118.932792
TRANSACTION 1587190017.594782 d1b7a58760133c5de4e2af23b7ff17ec 11 19 941 207118.946806
TRANSACTION 1587190017.672215 564c99ec5f2af0a42029c546e8622b14 6 19 95 207119.024203
TRANSACTION 1587190017.675642 9525ba44d86bec1050856fedf39a6f94 8 7 56 207119.029773
TRANSACTION 1587190017.689931 f672640abc3d34ee2c9d288970b00cf9 1 6 61 207119.041808
TRANSACTION 1587190017.794386 a3bb495a1b83f3a51a9090a1991e8a56 11 3 506 207119.145380
TRANSACTION 1587190017.816816 8978fe97af4b37f5fcc5d7b1e8bbf33b 1 2 38 207119.168359
TRANSACTION 1587190017.870237 52e7c6fd508a49d73ccdbd65af206ca2 5 22 10 207119.223129
TRANSACTION 1587190017.940756 04375d8ced82bd0c2a1229e94cb506b2 10 2 180 207119.296919
TRANSACTION 1587190017.963266 f23e3b502fb2fe370d01b3759a124947 12 14 28 207119.320702
TRANSACTION 1587190017.983681 484b6e4e53ffb3ed34f4b345ff75c755 22 23 10 207119.354392
TRANSACTION 1587190018.000021 3a19ca97997d5f1698438821a8e2bbe3 17 9 1 207119.388025
TRANSACTION 1587190018.078476 0bfca005b6d0a595fb1d9f22b53580d4 21 16 495 207119.436114
TRANSACTION 1587190018.156000 1d6a75c87ae69a8723fcb8ce13e8547e 12 10 3 207119.515865
TRANSACTION 1587190018.164413 b1974a8800a7d50c83f4d7f5f3f160e2 16 23 248 207119.522756
TRANSACTION 1587190018.187735 620ce39b91f93c2ebcd5ff20a289cc80 15 11 6 207119.544253
TRANSACTION 1587190018.204094 9f1001d49fa8c939694eb2b5e063cc77 12 10 4 207119.560718
TRANSACTION 1587190018.248468 0d130ba50f16760e4d55e1e07c615a2e 18 13 391 207119.607529
TRANSACTION 1587190018.384021 68dd51d3cd57636f427e7e4b00c10c98 13 14 252 207119.741771
TRANSACTION 1587190018.406576 ad9beee86df0328520c22f31a6db36a3 19 23 389 207119.763990
TRANSACTION 1587190018.463044 02e35d1bb4f27136de4bd0d0bcba1ec4 6 4 102 207119.821624
TRANSACTION 1587190018.503509 8b554a2d12174250116a66dc60b610ef 21 2 238 207119.861659
TRANSACTION 1587190018.530956 7808514e7941208f734ac3aa03243d9b 10 1 17 207119.895598
TRANSACTION 1587190018.539372 2850b507d1c7fb2fe1f7da48a1e85702 3 13 92 207119.895738
TRANSACTION 1587190018.566709 08acc5c4cd2e61ed192d4b13bfaf007f 0 13 103 207119.924894
TRANSACTION 1587190018.606156 d2e0328326be0f8d20eb6954f1f2fc09 16 1 82 207119.964622
TRANSACTION 1587190018.698684 f46c5bba4eecba8f13e4fafcb46e5dd8 15 4 1425 207120.057008
TRANSACTION 1587190018.783240 34b386737a02419cf84f0c79b7b39244 19 9 447 207120.142487
TRANSACTION 1587190018.847231 316d1b817e5f1a3e4cc7a21b37fde431 3 21 545 207120.206450
TRANSACTION 1587190018.966811 7b018dd1638639210c0ced439f0c93c8 14 9 229 207120.326266
TRANSACTION 1587190018.978413 7313b1bed5162448c744283bcf6c9874 20 12 151 207120.341842
TRANSACTION 1587190018.979923 2584a7dd8d02d9782f83a9b9c68ba0eb 21 13 357 207120.341851
TRANSACTION 1587190019.014696 3f8e909897b0dfe8d18260a3fb811bdd 22 7 1 207120.378930
TRANSACTION 1587190019.014387 df3f69e80fd5a596115c3797e40a4025 20 7 2 207120.378941
TRANSACTION 1587190019.033997 022f01e94bd7bf60428c2d202d11b50a 1 14 29 207120.391021
TRANSACTION 1587190019.055362 050da2bff180b395ea3bfd48531e35e9 20 16 7 207120.412661
TRANSACTION 1587190019.066708 90a9101c100163930a1dbeb789716e92 2 19 253 207120.423974
TRANSACTION 1587190019.121119 35dd8759b9f2b835d3747605af101c9d 15 19 272 207120.479562
TRANSACTION 1587190019.141550 9cf9ac91d9d9214e9c6ab5315ab54c21 6 20 136 207120.505675
TRANSACTION 1587190019.143874 65312f99487927d857956c69cd8b4526 9 19 77 207120.505685
TRANSACTION 1587190019.164224 af9721685eb86adaa1e17647a6b3842a 1 4 69 207120.521459
TRANSACTION 1587190019.184748 606fbef2bf28d8e2a04f352a30cc6514 11 12 57 207120.542033
TRANSACTION 1587190019.320764 d1a50a78b140a1d846efb6040542b048 9 4 427 207120.679074
TRANSACTION 1587190019.332187 6211a5a2c03682959aab1f8ea45bb4fd 18 2 164 207120.688678
TRANSACTION 1587190030.314499 2b31a4757e8e32dc91ef38bf07286481 23 11 650 207131.663633
TRANSACTION 1587190045.395400 8fdf6107911144ce5f2e8c0553a8ad27 22 32 50 207146.744548
TRANSACTION 1587190059.200432 1c600195f5bea9070d38040672f67f07 23 24 33 207160.549585
TRANSACTION 1587190061.331327 bdfe383a9f54bde3bfe59eed84f0622d 3 43 94 207162.680349
TRANSACTION 1587190062.754395 2fdbf8cfa0e8862d9c8337703e9822fb 17 1 308 207164.103406
TRANSACTION 1587190062.828787 33a511149e6b5e1b44618b8355fe5075 32 5 44 207164.177799
TRANSACTION 1587190077.266263 8f32a98728f9471bb29bf3034d1e9849 49 13 224 207178.615353
TRANSACTION 1587190090.212815 ac8d018a8ef473b45d1d51f938dedcc0 34 51 485 207191.562010
TRANSACTION 1587190104.886783 d678bdce89008962ff408862dd99cb17 24 23 398 207206.235973
TRANSACTION 1587190106.345359 92c99313b9e7fb5d36e586dc4674bffe 23 58 10 207207.694521
TRANSACTION 1587190107.914734 65f669f6fdbd571514a2af0c463fb8ea 46 32 18 207209.263718
TRANSACTION 1587190116.616107 de4f548d1c5fcc339a5a3672b121b950 10 4 1 207217.965538
TRANSACTION 1587190131.891259 32c4e15f6588d26b272d3f636f06800a 74 21 45 207233.241469
TRANSACTION 1587190142.929019 4033cae40ef493b3782402026a09026e 55 51 998 207244.278158
TRANSACTION 1587190160.188393 12018c688c330523f63bd254c4ccaaaa 17 16 248 207261.537595
TRANSACTION 1587190164.682747 6f0d72c7dac57335ea645d356e398362 4 81 109 207266.031928
TRANSACTION 1587190166.822216 10667d307afe76cabeb1fb5100b6ba8a 27 17 218 207268.171555
TRANSACTION 1587190168.127978 5f6e02b71ec50a27606ea1b58b53dcca 0 78 833 207269.477214
TRANSACTION 1587190173.392609 2d3a6cda83999eac567d93efdfdf0605 73 21 229 207274.741724
TRANSACTION 1587190181.774961 f99c3da4b460112f73ecb2b0fc3e3b32 32 83 598 207283.124099
TRANSACTION 1587190182.851112 9db341cacd68dceb261636af0a3f97cc 13 59 86 207284.200169
TRANSACTION 1587190184.992167 36beebe5a74c63092f580e7a5a9c7427 85 21 150 207286.341250
TRANSACTION 1587190190.861688 ae3ad2d54b3ada8cddab095362cec972 84 56 23 207292.211194
TRANSACTION 1587190190.943724 23b9ee72761744135d2e3074c0a90d3d 64 65 440 207292.292923
TRANSACTION 1587190195.256914 a4cb996dcc4b27e424b8f0898c17449f 81 65 61 207296.606036
TRANSACTION 1587190199.227527 1def4bf2165fa11ebe1ac72bf6e2d2b3 84 70 135 207300.576546
TRANSACTION 1587190199.283889 1cf0680c75982112f455eabdf676e5c6 58 55 13 207300.632963
TRANSACTION 1587190205.392812 0e9326b3aad9d84516e00ed69e1a0197 55 12 35 207306.741867
TRANSACTION 1587190206.504766 294b720a20f4b52a63cbe10dff967bcc 70 48 40 207307.853778
TRANSACTION 1587190207.789225 5c5f34c7fe1e430ccb4533df8ae16d58 33 85 868 207309.138289
