TRANSACTION 1587190006.060255 517ed4a5657089e7c1b944b3f9efefb7 1 5 89 207108.246667
TRANSACTION 1587190006.088533 a065478c1ba2893c549fda3bbb7dbed8 5 6 291 207108.247636
TRANSACTION 1587190006.518889 f9522a5d39d0751189d7fd8e0f1ffb82 6 5 30 207108.247645
TRANSACTION 1587190006.387441 ce131dd01744df63c79fe07d14a2bdb7 1 5 198 207108.263058
TRANSACTION 1587190006.239843 3695d3560eb128a520c9c1b75948e931 2 5 131 207108.273023
TRANSACTION 1587190005.979359 340d784a17e994858c96389f9d8cbb17 2 1 137 207108.281776
TRANSACTION 1587190006.493417 00b8195bd9146dfce78d2ea984923f09 5 7 453 207108.290591
TRANSACTION 1587190006.525465 34fb0bb602700d3b9aa4a116ba713a31 3 8 17 207108.356201
TRANSACTION 1587190006.845755 05284cfe5bc4a9995ca13c3c72d26eb3 7 3 433 207108.356211
TRANSACTION 1587190007.001086 16a994a3dbda0a5ed6953f52d769ada9 3 9 51 207108.373668
TRANSACTION 1587190007.074403 7f669f162b94f0573a44631c3078de16 9 2 45 207108.439114
TRANSACTION 1587190007.127938 f78cede42a8f7cb7d54df01f20d20a3b 3 8 143 207108.491117
TRANSACTION 1587190007.188504 9a660a43c79fb93fec107b121c968e02 4 9 85 207108.552525
TRANSACTION 1587190007.242953 73531223ff2b1dba59accf55beb15a93 1 3 429 207108.606589
TRANSACTION 1587190007.265365 4dc8b8d82742695f2f77d12a53004441 2 8 1318 207108.636473
TRANSACTION 1587190007.273664 f2c4297f7959ea4b5fe51088806c7557 8 5 2507 207108.636484
TRANSACTION 1587190007.312984 d97d864b82099eada4ef17f0050ca013 7 6 16 207108.686481
TRANSACTION 1587190007.323417 4e8a44206c224c869d3d255ad9a7fe28 4 8 43 207108.686491
TRANSACTION 1587190007.353857 035da1977b2c5f49e4d4111fc6c552e3 9 10 11 207108.716445
TRANSACTION 1587190007.423774 a8613ad8a73ee8cb4a6b66dafe15efa1 8 3 114 207108.804311
TRANSACTION 1587190007.422320 eb5c2c662e9fd5f27912a42a5e508629 5 4 1065 207108.804321
TRANSACTION 1587190007.443091 49bc78ac0afd7bfe4142dd72e25ee419 2 9 316 207108.804406
TRANSACTION 1587190007.466430 974b07bb085aea82ddb5b3468902a86b 5 6 246 207108.860782
TRANSACTION 1587190007.472202 dba5a2226721ec6982feef54e9b5f6be 3 2 75 207108.860793
TRANSACTION 1587190007.482514 9eddabdf42a0a68003df4677e7bc2c02 8 7 1 207108.860796
TRANSACTION 1587190007.496830 362b86b9436f5485422dfc5e322d636b 5 2 620 207108.860799
TRANSACTION 1587190007.542199 aaa796a5e7d4497e425f75bb9fb27dfc 3 10 99 207108.906209
TRANSACTION 1587190007.650780 b76b188f281deb016e7932c486ee25df 9 5 114 207109.014277
TRANSACTION 1587190007.678200 c66a870663fa288a4cb55e8b23143800 3 7 455 207109.040094
TRANSACTION 1587190007.699520 91740dee9b2e66e14f8374292e4d7c56 0 6 753 207109.062468
TRANSACTION 1587190007.740889 b19c09ea3bbb1a92621d2fcb8afbc9ba 9 5 197 207109.104519
TRANSACTION 1587190007.796356 1d12066f20aa2e32bcd26c268fc9b359 10 5 106 207109.160868
TRANSACTION 1587190007.965948 0d19a24490f62110995fbd7e27ebdd5d 5 7 313 207109.337697
TRANSACTION 1587190007.973421 88a609df5893b1d7104fd6489dbecec9 6 7 473 207109.337707
TRANSACTION 1587190008.023864 366ebf1758e5ee64ce967710c51d5886 9 4 38 207109.388303
TRANSACTION 1587190008.044289 2ff1e5c3d08b428b20685e2a55d97214 2 3 372 207109.405676
TRANSACTION 1587190008.092738 12ef01f1e49ea6d8bf7b1955052675fd 9 11 15 207109.464775
TRANSACTION 1587190008.101129 788d8f182cf149fc0766803587166a5e 2 3 23 207109.464785
TRANSACTION 1587190008.252629 b1a556a1c942eddb6c92f202db7f963a 9 5 29 207109.615933
TRANSACTION 1587190008.272049 b723986204e88322b1df33ac3901eaed 9 6 3 207109.632999
TRANSACTION 1587190008.291373 26621f3c68986c122c03b7296303d694 8 6 4 207109.652205
TRANSACTION 1587190008.385816 ffea4bc28366e3990ac0d4774012aa78 10 5 4 207109.749929
TRANSACTION 1587190008.681578 db1faf32fbd3bd0da9f8de433415cfe7 11 12 11 207110.044555
TRANSACTION 1587190008.697013 eb637c37440e98bc203e016a13f4806d 11 7 3 207110.057485
TRANSACTION 1587190008.713386 ece1fce8495e0a0fa9cc190f57e540ce 10 9 7 207110.074140
TRANSACTION 1587190008.771802 9ff75fb9534e45b31775e4a2dd685821 11 5 1 207110.134261
TRANSACTION 1587190008.864313 fe6734177efd789c58543647780d8b77 3 13 238 207110.226602
TRANSACTION 1587190008.990905 9582c8aa9db86180dba30219dd69e1a0 13 14 177 207110.353668
TRANSACTION 1587190009.044404 b0415855326b5ec6cbf6673019329a50 1 9 466 207110.406933
TRANSACTION 1587190009.075822 8ff1d752808b4bb49b973c7759a5ba1d 7 11 631 207110.436962
TRANSACTION 1587190009.144252 879b1c944bb424a3dd0c7d769eae9108 11 2 209 207110.506820
TRANSACTION 1587190009.288825 1dcf17edd49f09aa065337bdf9171398 2 6 224 207110.652041
TRANSACTION 1587190009.366313 ca897c6482bf92898787223d0d484a50 2 6 134 207110.737437
TRANSACTION 1587190009.373779 8194294fdd8ca96d56e9fa1c1f48061a 1 2 46 207110.737447
TRANSACTION 1587190009.462239 03c4de758f6d6f70f3c4bbaa3b675f6d 3 13 124 207110.825456
TRANSACTION 1587190009.502724 80f26ada1ec2871c2baaea681890215f 6 9 778 207110.864278
TRANSACTION 1587190009.571203 ee8e8a9a241e87f5e384da9d569db64c 9 13 227 207110.935259
TRANSACTION 1587190009.641711 39a38e99c3277dc646cad4b7b7bc9b4b 1 3 183 207111.004681
TRANSACTION 1587190009.679143 b630dbf81206d77dbe8cddec825b7996 4 7 302 207111.040287
TRANSACTION 1587190009.724550 58bb037cd30b9e6c49c3da913e6abb18 12 15 1 207111.086466
TRANSACTION 1587190009.852087 5a813674c0e94c0a7d466a5be6cae509 8 14 1 207111.214475
TRANSACTION 1587190009.862521 5333fac3a33deb4bd602e1c8d2a34637 12 10 5 207111.227342
TRANSACTION 1587190009.881821 dc3b4f3b26d900123f48d6ef16e46c7c 5 1 280 207111.241924
TRANSACTION 1587190009.885121 9ac844c4c5307244e53ef2a02b1931e2 1 7 215 207111.255529
TRANSACTION 1587190009.967541 2206593f7edc8d601ecd147ca70b42a0 15 6 1 207111.341952
TRANSACTION 1587190009.979982 6be18ee82c31519f73269a9f9cb9c393 4 13 223 207111.341962
TRANSACTION 1587190010.007350 b369760a07d3c40c959b1751f7aab853 0 3 96 207111.368512
TRANSACTION 1587190010.052709 e85454b8bf52fd53b80d5dc710db96fc 5 8 242 207111.424068
TRANSACTION 1587190010.058053 275306193402d92d48c8ad4ce5a26f98 0 13 674 207111.424079
TRANSACTION 1587190010.195535 d4ceec5dec25d91c7a174445ef0806c6 13 2 1253 207111.559308
TRANSACTION 1587190010.269053 cc6aaa2d66172c119953fc32113104b3 11 7 145 207111.632316
TRANSACTION 1587190010.326525 c780ff449cb899ff3cb4cd3f5ba1994c 11 8 15 207111.690034
TRANSACTION 1587190010.396012 222194d2a63f2c178086f5e4af12149a 7 15 323 207111.768785
TRANSACTION 1587190010.406410 27217e366c17a0f50a5c25e8f79de66e 11 1 107 207111.768795
TRANSACTION 1587190010.449770 68bf6d38d93803d690c912d75cfe17ac 3 14 294 207111.812058
TRANSACTION 1587190010.494227 b93081aa362a7c08c859c53082a5e421 8 10 61 207111.857523
TRANSACTION 1587190010.509611 f4bc2f35a76f67e6b971018b875a5d7c 11 14 38 207111.905718
TRANSACTION 1587190010.514935 4e2493ed5b824652cfaf61fb2ab220b7 15 14 279 207111.905728
TRANSACTION 1587190010.515141 03b85fcb9ca549c2aa9d0bf5b6e34000 9 11 852 207111.905731
TRANSACTION 1587190010.535421 b1299a2cb016ac714618115067e19e2d 8 4 173 207111.905880
TRANSACTION 1587190010.542743 cb8cbfc536a0af07c4a04dd0258df4bd 5 3 178 207111.905887
TRANSACTION 1587190010.699290 bc0842161e6547509200d71ca0b3a5a0 14 1 29 207112.062839
TRANSACTION 1587190010.715740 1919db850bbc53557b68ab5621e865b8 1 12 78 207112.077219
TRANSACTION 1587190010.762090 b70e36b05728f147650734e767e2461d 1 11 10 207112.136673
TRANSACTION 1587190010.772435 400851c4215fbf9fee4fc379f46b1299 5 3 28 207112.136687
TRANSACTION 1587190010.817798 f08a1ac25a9e1ebaf33f04314924f710 15 9 16 207112.181692
TRANSACTION 1587190010.867247 6934053aee470f972514e21ea59c2dce 0 3 578 207112.238250
TRANSACTION 1587190010.872710 034aacb3cfd6755afd78df707306e8ae 15 7 11 207112.238260
TRANSACTION 1587190010.905103 3d7659324baf075bff9c222d3f35b3ff 0 8 573 207112.267707
TRANSACTION 1587190011.004690 deb5198fbe4430fba5f91aacf6195b8c 8 2 343 207112.369641
TRANSACTION 1587190011.060292 593e24838971a1d1166e482e7431abfe 8 4 15 207112.425139
TRANSACTION 1587190011.272980 a78407d0b4ed2641f18cfa4fbb7206bf 4 13 178 207112.636388
TRANSACTION 1587190013.716145 018f962e26775557f6dd3ad1dc2058cc 17 9 73 207115.065186
TRANSACTION 1587190018.187735 620ce39b91f93c2ebcd5ff20a289cc80 15 11 6 207119.536781
TRANSACTION 1587190019.859463 e60f039ccab6b7b8d9b71936db7b04d3 3 14 74 207121.208734
TRANSACTION 1587190024.946436 a08c1990ca95f15dd7f735ed9e642798 19 12 244 207126.295610
TRANSACTION 1587190029.060933 a5d302ddf63ab896c069bcf3d5b87b94 5 3 10 207130.410208
TRANSACTION 1587190032.569826 f1b6a43f89e11d5f45f650dfecf4afcd 17 4 83 207133.919062
TRANSACTION 1587190035.313125 0c15c98c52797aa6679c6f40056daa79 22 14 575 207136.662743
TRANSACTION 1587190035.894188 f018fe3af69eb2d9b05ccee51c7973bc 1 20 30 207137.243636
TRANSACTION 1587190043.310564 5d1b5aad6e9eb9a8606e4df75245021c 22 6 162 207144.659722
TRANSACTION 1587190053.750787 8ad99c6b48e73d44f5377f6500badf06 28 17 7 207155.099903
TRANSACTION 1587190060.763217 1386d7b213ffab926742289e04924b97 23 21 3 207162.112311
TRANSACTION 1587190061.074303 f219ea74d288b52e3ad15b2508b7316e 5 25 1477 207162.423400
TRANSACTION 1587190061.165327 7796ed72543498565e65f38fc7db97fe 17 18 210 207162.514474
TRANSACTION 1587190072.513749 6ecc106add48b0c5b892e0c885d2f700 42 11 203 207173.862961
TRANSACTION 1587190073.222324 16666da7a03ef849a4338da51f49cad2 28 15 333 207174.571564
TRANSACTION 1587190077.412552 8bd91a9554265aa20a7aea242dca465f 49 36 20 207178.761653
TRANSACTION 1587190081.364367 ef179d764e3d02c9181328da8a8df90f 43 10 6 207182.713741
TRANSACTION 1587190088.165102 5bf02ef429184432681ed589e0222f83 44 8 157 207189.514294
TRANSACTION 1587190090.270209 63f5c35c5b14df02ff592af8eab1de09 19 45 97 207191.619410
TRANSACTION 1587190091.197898 441b2a2ad4c6a7f79ca12765ce31bd5d 9 8 12 207192.547163
TRANSACTION 1587190094.940619 a7e6d855b5a42a583b87f0cec6d3dc4b 53 24 423 207196.289825
TRANSACTION 1587190104.049175 55b10cd542c67355f3848bcc9f3b0f69 13 65 52 207205.398333
TRANSACTION 1587190105.719608 7f27415e095e003f8514be2b37e11378 33 12 93 207207.068943
TRANSACTION 1587190109.164027 5e40a4d0c7abe8d51685d97814419783 4 63 569 207210.513298
TRANSACTION 1587190112.782680 e0c198c10d5f91b1ca379707684c5938 9 7 579 207214.131955
TRANSACTION 1587190116.334915 3756b61b57fd57a47bc87c7da2ec19c7 30 32 293 207217.684073
TRANSACTION 1587190118.220321 dda0351b6a72ed3feec2efbd9e7d709b 3 67 31 207219.569449
TRANSACTION 1587190118.351777 e576741e45de7a4edf48bc8b7111418a 68 54 70 207219.700914
TRANSACTION 1587190125.929681 3c19fda5117ce2e82e9662678d5005f1 25 3 1286 207227.278995
TRANSACTION 1587190126.880878 ca40d0e961334d0133e75d21813ff0fb 64 7 162 207228.230178
TRANSACTION 1587190127.811468 fa6ff815d3b5d3f9e1b1781a614e3449 69 67 15 207229.160912
TRANSACTION 1587190130.147876 3dfdf9256fbadac60c23ef79a3ab73c5 6 25 9 207231.496980
TRANSACTION 1587190130.952962 aec8dd6aa0ed9ec12733960cf2667d96 59 56 153 207232.302279
TRANSACTION 1587190131.096023 501fbe2504791704281a49b3ae30423c 55 68 62 207232.445240
TRANSACTION 1587190135.565554 c588195d8c7fd08cebe65d58c269b62f 24 63 349 207236.914692
TRANSACTION 1587190144.621772 e0e03dfc9cb56cb363f13cb30a4df8a8 74 49 72 207245.970972
TRANSACTION 1587190149.159752 b985df1ebea025189b2f14122e22af63 36 12 1360 207250.509287
TRANSACTION 1587190150.075377 d8d1b425fa2aece1e9b2ee6db552dd24 52 49 2 207251.424551
TRANSACTION 1587190153.937589 b9a453d7f539e985948e8b477bf81860 7 6 748 207255.287007
TRANSACTION 1587190157.090106 f3cc27e470e4096a2cc5181ace4b0e91 68 18 101 207258.440310
TRANSACTION 1587190163.021296 21abd007ed378b12037fb67b65431306 18 79 589 207264.370584
TRANSACTION 1587190163.620148 d5242b740596799f6e4af27a80babdb9 20 31 201 207264.969271
TRANSACTION 1587190165.056018 9845ed33301a4f14e02a2a7c844dc225 79 37 423 207266.405291
TRANSACTION 1587190169.676955 ea9c64fb2cd3f4a73af3ecc40812fffc 33 39 2 207271.026173
TRANSACTION 1587190172.989844 b68173d9e42e687a15735997df2f95a4 66 86 20 207274.339368
TRANSACTION 1587190177.138800 d5ba67e74b27827395ce3bd28f5ff2e7 10 2 165 207278.487960
TRANSACTION 1587190179.161410 e2e6b67bfc682b4fb3cb17d3fc712aa1 58 48 68 207280.510555
TRANSACTION 1587190179.910679 3cdb326db6dbc6509179de9fc71e0edd 53 31 1357 207281.259800
TRANSACTION 1587190183.066769 05d1a7b79e3d928d91f0ca7681b6aa91 80 74 82 207284.416011
TRANSACTION 1587190190.765717 313d696ebe541721881bdfba267c4358 80 11 12 207292.114934
TRANSACTION 1587190196.899731 018dd484798992ce84e7314b0a288882 71 58 5 207298.249066
TRANSACTION 1587190200.138668 0168c594946a08c7b431a1d91380fb71 82 30 271 207301.487892
