TRANSACTION 1587190005.917644 a5fbd9b8bcfcca4ef86c43e83c0abced 1 2 604 207108.236312
TRANSACTION 1587190006.145661 621df2bedbf818464643121fc7e0db13 1 6 14 207108.236375
TRANSACTION 1587190006.000538 9474fddf8bcb6238b77a7b6019e49264 4 1 71 207108.239338
TRANSACTION 1587190006.060255 517ed4a5657089e7c1b944b3f9efefb7 1 5 89 207108.246940
TRANSACTION 1587190006.088533 a065478c1ba2893c549fda3bbb7dbed8 5 6 291 207108.249550
TRANSACTION 1587190006.518889 f9522a5d39d0751189d7fd8e0f1ffb82 6 5 30 207108.249560
TRANSACTION 1587190006.387441 ce131dd01744df63c79fe07d14a2bdb7 1 5 198 207108.264611
TRANSACTION 1587190006.239843 3695d3560eb128a520c9c1b75948e931 2 5 131 207108.273787
TRANSACTION 1587190005.979359 340d784a17e994858c96389f9d8cbb17 2 1 137 207108.282334
TRANSACTION 1587190006.493417 00b8195bd9146dfce78d2ea984923f09 5 7 453 207108.291422
TRANSACTION 1587190006.525465 34fb0bb602700d3b9aa4a116ba713a31 3 8 17 207108.357057
TRANSACTION 1587190006.845755 05284cfe5bc4a9995ca13c3c72d26eb3 7 3 433 207108.357070
TRANSACTION 1587190007.001086 16a994a3dbda0a5ed6953f52d769ada9 3 9 51 207108.374450
TRANSACTION 1587190007.074403 7f669f162b94f0573a44631c3078de16 9 2 45 207108.438270
TRANSACTION 1587190007.127938 f78cede42a8f7cb7d54df01f20d20a3b 3 8 143 207108.490682
TRANSACTION 1587190007.188504 9a660a43c79fb93fec107b121c968e02 4 9 85 207108.552105
TRANSACTION 1587190007.242953 73531223ff2b1dba59accf55beb15a93 1 3 429 207108.606184
TRANSACTION 1587190007.265365 4dc8b8d82742695f2f77d12a53004441 2 8 1318 207108.637205
TRANSACTION 1587190007.273664 f2c4297f7959ea4b5fe51088806c7557 8 5 2507 207108.637216
TRANSACTION 1587190007.312984 d97d864b82099eada4ef17f0050ca013 7 6 16 207108.687500
TRANSACTION 1587190007.323417 4e8a44206c224c869d3d255ad9a7fe28 4 8 43 207108.687511
TRANSACTION 1587190007.353857 035da1977b2c5f49e4d4111fc6c552e3 9 10 11 207108.716960
TRANSACTION 1587190007.423774 a8613ad8a73ee8cb4a6b66dafe15efa1 8 3 114 207108.806775
TRANSACTION 1587190007.422320 eb5c2c662e9fd5f27912a42a5e508629 5 4 1065 207108.806786
TRANSACTION 1587190007.443091 49bc78ac0afd7bfe4142dd72e25ee419 2 9 316 207108.806873
TRANSACTION 1587190007.466430 974b07bb085aea82ddb5b3468902a86b 5 6 246 207108.861906
TRANSACTION 1587190007.472202 dba5a2226721ec6982feef54e9b5f6be 3 2 75 207108.861917
TRANSACTION 1587190007.482514 9eddabdf42a0a68003df4677e7bc2c02 8 7 1 207108.861921
TRANSACTION 1587190007.496830 362b86b9436f5485422dfc5e322d636b 5 2 620 207108.861923
TRANSACTION 1587190007.542199 aaa796a5e7d4497e425f75bb9fb27dfc 3 10 99 207108.907102
TRANSACTION 1587190007.650780 b76b188f281deb016e7932c486ee25df 9 5 114 207109.015746
TRANSACTION 1587190007.678200 c66a870663fa288a4cb55e8b23143800 3 7 455 207109.041477
TRANSACTION 1587190007.699520 91740dee9b2e66e14f8374292e4d7c56 0 6 753 207109.064037
TRANSACTION 1587190007.740889 b19c09ea3bbb1a92621d2fcb8afbc9ba 9 5 197 207109.106050
TRANSACTION 1587190007.796356 1d12066f20aa2e32bcd26c268fc9b359 10 5 106 207109.162430
TRANSACTION 1587190007.965948 0d19a24490f62110995fbd7e27ebdd5d 5 7 313 207109.340164
TRANSACTION 1587190007.973421 88a609df5893b1d7104fd6489dbecec9 6 7 473 207109.340174
TRANSACTION 1587190008.023864 366ebf1758e5ee64ce967710c51d5886 9 4 38 207109.389949
TRANSACTION 1587190008.044289 2ff1e5c3d08b428b20685e2a55d97214 2 3 372 207109.407032
TRANSACTION 1587190008.092738 12ef01f1e49ea6d8bf7b1955052675fd 9 11 15 207109.466656
TRANSACTION 1587190008.101129 788d8f182cf149fc0766803587166a5e 2 3 23 207109.466666
TRANSACTION 1587190008.252629 b1a556a1c942eddb6c92f202db7f963a 9 5 29 207109.617404
TRANSACTION 1587190008.272049 b723986204e88322b1df33ac3901eaed 9 6 3 207109.634337
TRANSACTION 1587190008.291373 26621f3c68986c122c03b7296303d694 8 6 4 207109.653487
TRANSACTION 1587190008.385816 ffea4bc28366e3990ac0d4774012aa78 10 5 4 207109.751404
TRANSACTION 1587190008.681578 db1faf32fbd3bd0da9f8de433415cfe7 11 12 11 207110.058022
TRANSACTION 1587190008.697013 eb637c37440e98bc203e016a13f4806d 11 7 3 207110.058033
TRANSACTION 1587190008.713386 ece1fce8495e0a0fa9cc190f57e540ce 10 9 7 207110.074953
TRANSACTION 1587190008.771802 9ff75fb9534e45b31775e4a2dd685821 11 5 1 207110.135188
TRANSACTION 1587190008.864313 fe6734177efd789c58543647780d8b77 3 13 238 207110.227506
TRANSACTION 1587190008.990905 9582c8aa9db86180dba30219dd69e1a0 13 14 177 207110.354600
TRANSACTION 1587190009.044404 b0415855326b5ec6cbf6673019329a50 1 9 466 207110.407843
TRANSACTION 1587190009.075822 8ff1d752808b4bb49b973c7759a5ba1d 7 11 631 207110.437789
TRANSACTION 1587190009.144252 879b1c944bb424a3dd0c7d769eae9108 11 2 209 207110.508192
TRANSACTION 1587190009.288825 1dcf17edd49f09aa065337bdf9171398 2 6 224 207110.653566
TRANSACTION 1587190009.366313 ca897c6482bf92898787223d0d484a50 2 6 134 207110.739336
TRANSACTION 1587190009.373779 8194294fdd8ca96d56e9fa1c1f48061a 1 2 46 207110.739347
TRANSACTION 1587190009.462239 03c4de758f6d6f70f3c4bbaa3b675f6d 3 13 124 207110.826920
TRANSACTION 1587190009.502724 80f26ada1ec2871c2baaea681890215f 6 9 778 207110.865934
TRANSACTION 1587190009.571203 ee8e8a9a241e87f5e384da9d569db64c 9 13 227 207110.937245
TRANSACTION 1587190009.641711 39a38e99c3277dc646cad4b7b7bc9b4b 1 3 183 207111.006593
TRANSACTION 1587190009.679143 b630dbf81206d77dbe8cddec825b7996 4 7 302 207111.042203
TRANSACTION 1587190009.724550 58bb037cd30b9e6c49c3da913e6abb18 12 15 1 207111.088497
TRANSACTION 1587190009.852087 5a813674c0e94c0a7d466a5be6cae509 8 14 1 207111.228619
TRANSACTION 1587190009.862521 5333fac3a33deb4bd602e1c8d2a34637 12 10 5 207111.228629
TRANSACTION 1587190009.881821 dc3b4f3b26d900123f48d6ef16e46c7c 5 1 280 207111.243415
TRANSACTION 1587190009.885121 9ac844c4c5307244e53ef2a02b1931e2 1 7 215 207111.257068
TRANSACTION 1587190009.967541 2206593f7edc8d601ecd147ca70b42a0 15 6 1 207111.343848
TRANSACTION 1587190009.979982 6be18ee82c31519f73269a9f9cb9c393 4 13 223 207111.343859
TRANSACTION 1587190010.007350 b369760a07d3c40c959b1751f7aab853 0 3 96 207111.370021
TRANSACTION 1587190010.052709 e85454b8bf52fd53b80d5dc710db96fc 5 8 242 207111.426236
TRANSACTION 1587190010.058053 275306193402d92d48c8ad4ce5a26f98 0 13 674 207111.426246
TRANSACTION 1587190010.195535 d4ceec5dec25d91c7a174445ef0806c6 13 2 1253 207111.561058
TRANSACTION 1587190010.269053 cc6aaa2d66172c119953fc32113104b3 11 7 145 207111.634210
TRANSACTION 1587190010.326525 c780ff449cb899ff3cb4cd3f5ba1994c 11 8 15 207111.691970
TRANSACTION 1587190010.396012 222194d2a63f2c178086f5e4af12149a 7 15 323 207111.770942
TRANSACTION 1587190010.406410 27217e366c17a0f50a5c25e8f79de66e 11 1 107 207111.770952
TRANSACTION 1587190010.449770 68bf6d38d93803d690c912d75cfe17ac 3 14 294 207111.813760
TRANSACTION 1587190010.494227 b93081aa362a7c08c859c53082a5e421 8 10 61 207111.907849
TRANSACTION 1587190010.509611 f4bc2f35a76f67e6b971018b875a5d7c 11 14 38 207111.907860
TRANSACTION 1587190010.514935 4e2493ed5b824652cfaf61fb2ab220b7 15 14 279 207111.907864
TRANSACTION 1587190010.515141 03b85fcb9ca549c2aa9d0bf5b6e34000 9 11 852 207111.907866
TRANSACTION 1587190010.535421 b1299a2cb016ac714618115067e19e2d 8 4 173 207111.907869
TRANSACTION 1587190010.542743 cb8cbfc536a0af07c4a04dd0258df4bd 5 3 178 207111.907871
TRANSACTION 1587190010.699290 bc0842161e6547509200d71ca0b3a5a0 14 1 29 207112.063861
TRANSACTION 1587190010.715740 1919db850bbc53557b68ab5621e865b8 1 12 78 207112.078143
TRANSACTION 1587190010.762090 b70e36b05728f147650734e767e2461d 1 11 10 207112.137314
TRANSACTION 1587190010.772435 400851c4215fbf9fee4fc379f46b1299 5 3 28 207112.137325
TRANSACTION 1587190010.817798 f08a1ac25a9e1ebaf33f04314924f710 15 9 16 207112.182228
TRANSACTION 1587190010.867247 6934053aee470f972514e21ea59c2dce 0 3 578 207112.238903
TRANSACTION 1587190010.872710 034aacb3cfd6755afd78df707306e8ae 15 7 11 207112.238915
TRANSACTION 1587190010.905103 3d7659324baf075bff9c222d3f35b3ff 0 8 573 207112.268215
TRANSACTION 1587190011.004690 deb5198fbe4430fba5f91aacf6195b8c 8 2 343 207112.370235
TRANSACTION 1587190011.060292 593e24838971a1d1166e482e7431abfe 8 4 15 207112.425684
TRANSACTION 1587190013.044078 6f00cb497854b2bbcca4fb74d26b999e 10 7 21 207114.393229
TRANSACTION 1587190022.125369 f94efc82fb520d6f96e333aab73ab295 3 12 36 207123.474552
TRANSACTION 1587190026.331248 9127c0a623573cfd54f5d0229b05d14e 16 13 91 207127.680553
TRANSACTION 1587190027.170106 4be3b3ce9f1ee10dfaf463be907a1a19 4 2 261 207128.519218
TRANSACTION 1587190035.426151 26a6e4d3ee832c607c3c5254327b1411 1 11 360 207136.775162
TRANSACTION 1587190045.110757 4a656e0c63d152486108899d7fa0de09 18 27 128 207146.459961
TRANSACTION 1587190051.670534 1306259170ea1b425338c3a8cbd1630e 15 23 43 207153.019679
TRANSACTION 1587190056.249284 92c386329145938314dad607c279e38e 15 26 553 207157.598455
TRANSACTION 1587190058.560955 0bf879a76ee02cf7043b0993a4566f5e 4 41 271 207159.910150
TRANSACTION 1587190061.567043 0931b1b27652d216c4e9b880f4b11f11 13 22 119 207162.916092
TRANSACTION 1587190065.326857 4e0e4c548909f7e863e6716946b4cff2 25 29 536 207166.675988
TRANSACTION 1587190079.090437 161a410285d99c091a661523d67a26a3 21 4 7 207180.440096
TRANSACTION 1587190086.587414 5c7eac06bc56bf779eabbd2bad14475a 14 43 11 207187.936553
TRANSACTION 1587190098.064613 02a7dce2ef7b110bd1a1717fd6df99f8 20 52 206 207199.413692
TRANSACTION 1587190104.841920 788019ace63fd146c679eb7417b78ef9 21 53 30 207206.191141
TRANSACTION 1587190105.912570 9a6c7ecd12200055f3289a36a797e995 40 26 19 207207.261657
TRANSACTION 1587190109.390982 915442f9532b8c1cb4153e1a8a1bf621 58 32 44 207210.740206
TRANSACTION 1587190111.332173 4d42ce0f2c63930e4b8c8fe7efbfc439 17 45 36 207212.681258
TRANSACTION 1587190123.088123 1cb90bac2237de752c49c11d7a8cb8a7 42 21 36 207224.437235
TRANSACTION 1587190133.700506 4db7f900c2e478fc948c714c720b295c 65 5 1 207235.049690
TRANSACTION 1587190139.064984 83aae1a27856d734861fbe52ff580b3b 42 9 847 207240.414027
TRANSACTION 1587190140.013487 74695d228e779adc00993e47717c88da 23 13 889 207241.362678
TRANSACTION 1587190141.202373 67d9a37da9a688b771463760e10ed429 45 5 2 207242.551597
TRANSACTION 1587190152.991878 c2296ff1f236755949292250ceec70cd 14 35 6 207254.341016
TRANSACTION 1587190159.070516 7227aea5e8f81038794ec0f18a19ea54 43 22 41 207260.419795
TRANSACTION 1587190164.614211 3b9e70e379d786224102bf03cfea7266 27 63 410 207265.963402
TRANSACTION 1587190167.076107 b5fea21781280b4a4e406eb2333d67c8 13 30 334 207268.425387
TRANSACTION 1587190180.539451 c470421e552ae762f71c99dba8a4210f 82 43 178 207281.888685
TRANSACTION 1587190194.076750 a8bbe391d14dc6ad95f7112628ef3ac7 51 12 12 207295.426052
TRANSACTION 1587190197.134875 dbf0b0667f37a7c70a557f2204951c0f 29 1 18 207298.483986
TRANSACTION 1587190202.728784 5d55a856d0087394f796cad31be9708e 10 93 497 207304.077914
TRANSACTION 1587190205.788368 652f7a42eb086716df673183be30ab43 67 32 107 207307.137562
TRANSACTION 1587190207.414934 884df272c4912e4aca5fb76588ff535c 92 25 1 207308.763966
TRANSACTION 1587190208.785353 08e5e6de493513f0e4c178e21d285376 39 83 18 207310.134471
