TRANSACTION 1587190006.257129 36329d09272ec823b4d5afc47c29f879 5 4 72 207108.259115
TRANSACTION 1587190006.387441 ce131dd01744df63c79fe07d14a2bdb7 1 5 198 207108.261204
TRANSACTION 1587190006.239843 3695d3560eb128a520c9c1b75948e931 2 5 131 207108.270509
TRANSACTION 1587190005.979359 340d784a17e994858c96389f9d8cbb17 2 1 137 207108.278342
TRANSACTION 1587190006.493417 00b8195bd9146dfce78d2ea984923f09 5 7 453 207108.288124
TRANSACTION 1587190006.525465 34fb0bb602700d3b9aa4a116ba713a31 3 8 17 207108.351545
TRANSACTION 1587190006.845755 05284cfe5bc4a9995ca13c3c72d26eb3 7 3 433 207108.351554
TRANSACTION 1587190007.001086 16a994a3dbda0a5ed6953f52d769ada9 3 9 51 207108.365267
TRANSACTION 1587190007.074403 7f669f162b94f0573a44631c3078de16 9 2 45 207108.431093
TRANSACTION 1587190007.127938 f78cede42a8f7cb7d54df01f20d20a3b 3 8 143 207108.485441
TRANSACTION 1587190007.188504 9a660a43c79fb93fec107b121c968e02 4 9 85 207108.546316
TRANSACTION 1587190007.242953 73531223ff2b1dba59accf55beb15a93 1 3 429 207108.599927
TRANSACTION 1587190007.265365 4dc8b8d82742695f2f77d12a53004441 2 8 1318 207108.614460
TRANSACTION 1587190007.273664 f2c4297f7959ea4b5fe51088806c7557 8 5 2507 207108.629820
TRANSACTION 1587190007.312984 d97d864b82099eada4ef17f0050ca013 7 6 16 207108.670753
TRANSACTION 1587190007.323417 4e8a44206c224c869d3d255ad9a7fe28 4 8 43 207108.674110
TRANSACTION 1587190007.353857 035da1977b2c5f49e4d4111fc6c552e3 9 10 11 207108.703027
TRANSACTION 1587190007.422320 eb5c2c662e9fd5f27912a42a5e508629 5 4 1065 207108.785125
TRANSACTION 1587190007.423774 a8613ad8a73ee8cb4a6b66dafe15efa1 8 3 114 207108.785135
TRANSACTION 1587190007.443091 49bc78ac0afd7bfe4142dd72e25ee419 2 9 316 207108.801025
TRANSACTION 1587190007.466430 974b07bb085aea82ddb5b3468902a86b 5 6 246 207108.824645
TRANSACTION 1587190007.472202 dba5a2226721ec6982feef54e9b5f6be 3 2 75 207108.843430
TRANSACTION 1587190007.482514 9eddabdf42a0a68003df4677e7bc2c02 8 7 1 207108.843441
TRANSACTION 1587190007.496830 362b86b9436f5485422dfc5e322d636b 5 2 620 207108.854729
TRANSACTION 1587190007.542199 aaa796a5e7d4497e425f75bb9fb27dfc 3 10 99 207108.901077
TRANSACTION 1587190007.650780 b76b188f281deb016e7932c486ee25df 9 5 114 207109.009248
TRANSACTION 1587190007.678200 c66a870663fa288a4cb55e8b23143800 3 7 455 207109.035717
TRANSACTION 1587190007.699520 91740dee9b2e66e14f8374292e4d7c56 0 6 753 207109.057421
TRANSACTION 1587190007.740889 b19c09ea3bbb1a92621d2fcb8afbc9ba 9 5 197 207109.099571
TRANSACTION 1587190007.796356 1d12066f20aa2e32bcd26c268fc9b359 10 5 106 207109.155575
TRANSACTION 1587190007.965948 0d19a24490f62110995fbd7e27ebdd5d 5 7 313 207109.331095
TRANSACTION 1587190007.973421 88a609df5893b1d7104fd6489dbecec9 6 7 473 207109.331104
TRANSACTION 1587190008.023864 366ebf1758e5ee64ce967710c51d5886 9 4 38 207109.381786
TRANSACTION 1587190008.044289 2ff1e5c3d08b428b20685e2a55d97214 2 3 372 207109.401330
TRANSACTION 1587190008.092738 12ef01f1e49ea6d8bf7b1955052675fd 9 11 15 207109.458850
TRANSACTION 1587190008.101129 788d8f182cf149fc0766803587166a5e 2 3 23 207109.458859
TRANSACTION 1587190008.252629 b1a556a1c942eddb6c92f202db7f963a 9 5 29 207109.610914
TRANSACTION 1587190008.272049 b723986204e88322b1df33ac3901eaed 9 6 3 207109.628763
TRANSACTION 1587190008.291373 26621f3c68986c122c03b7296303d694 8 6 4 207109.648022
TRANSACTION 1587190008.385816 ffea4bc28366e3990ac0d4774012aa78 10 5 4 207109.744846
TRANSACTION 1587190008.681578 db1faf32fbd3bd0da9f8de433415cfe7 11 12 11 207110.039748
TRANSACTION 1587190008.697013 eb637c37440e98bc203e016a13f4806d 11 7 3 207110.053329
TRANSACTION 1587190008.713386 ece1fce8495e0a0fa9cc190f57e540ce 10 9 7 207110.069930
TRANSACTION 1587190008.771802 9ff75fb9534e45b31775e4a2dd685821 11 5 1 207110.129423
TRANSACTION 1587190008.864313 fe6734177efd789c58543647780d8b77 3 13 238 207110.213483
TRANSACTION 1587190008.990905 9582c8aa9db86180dba30219dd69e1a0 13 14 177 207110.349144
TRANSACTION 1587190009.044404 b0415855326b5ec6cbf6673019329a50 1 9 466 207110.402198
TRANSACTION 1587190009.075822 8ff1d752808b4bb49b973c7759a5ba1d 7 11 631 207110.424818
TRANSACTION 1587190009.144252 879b1c944bb424a3dd0c7d769eae9108 11 2 209 207110.493953
TRANSACTION 1587190009.288825 1dcf17edd49f09aa065337bdf9171398 2 6 224 207110.647332
TRANSACTION 1587190009.366313 ca897c6482bf92898787223d0d484a50 2 6 134 207110.731439
TRANSACTION 1587190009.373779 8194294fdd8ca96d56e9fa1c1f48061a 1 2 46 207110.731449
TRANSACTION 1587190009.462239 03c4de758f6d6f70f3c4bbaa3b675f6d 3 13 124 207110.811691
TRANSACTION 1587190009.502724 80f26ada1ec2871c2baaea681890215f 6 9 778 207110.860210
TRANSACTION 1587190009.571203 ee8e8a9a241e87f5e384da9d569db64c 9 13 227 207110.930441
TRANSACTION 1587190009.641711 39a38e99c3277dc646cad4b7b7bc9b4b 1 3 183 207110.999866
TRANSACTION 1587190009.679143 b630dbf81206d77dbe8cddec825b7996 4 7 302 207111.036321
TRANSACTION 1587190009.724550 58bb037cd30b9e6c49c3da913e6abb18 12 15 1 207111.082223
TRANSACTION 1587190009.852087 5a813674c0e94c0a7d466a5be6cae509 8 14 1 207111.209947
TRANSACTION 1587190009.862521 5333fac3a33deb4bd602e1c8d2a34637 12 10 5 207111.215602
TRANSACTION 1587190009.881821 dc3b4f3b26d900123f48d6ef16e46c7c 5 1 280 207111.238349
TRANSACTION 1587190009.885121 9ac844c4c5307244e53ef2a02b1931e2 1 7 215 207111.251630
TRANSACTION 1587190009.967541 2206593f7edc8d601ecd147ca70b42a0 15 6 1 207111.317144
TRANSACTION 1587190009.979982 6be18ee82c31519f73269a9f9cb9c393 4 13 223 207111.337152
TRANSACTION 1587190010.007350 b369760a07d3c40c959b1751f7aab853 0 3 96 207111.364450
TRANSACTION 1587190010.052709 e85454b8bf52fd53b80d5dc710db96fc 5 8 242 207111.417802
TRANSACTION 1587190010.058053 275306193402d92d48c8ad4ce5a26f98 0 13 674 207111.417812
TRANSACTION 1587190010.195535 d4ceec5dec25d91c7a174445ef0806c6 13 2 1253 207111.554886
TRANSACTION 1587190010.269053 cc6aaa2d66172c119953fc32113104b3 11 7 145 207111.618199
TRANSACTION 1587190010.326525 c780ff449cb899ff3cb4cd3f5ba1994c 11 8 15 207111.685384
TRANSACTION 1587190010.396012 222194d2a63f2c178086f5e4af12149a 7 15 323 207111.754724
TRANSACTION 1587190010.406410 27217e366c17a0f50a5c25e8f79de66e 11 1 107 207111.763370
TRANSACTION 1587190010.449770 68bf6d38d93803d690c912d75cfe17ac 3 14 294 207111.807697
TRANSACTION 1587190010.494227 b93081aa362a7c08c859c53082a5e421 8 10 61 207111.852667
TRANSACTION 1587190010.509611 f4bc2f35a76f67e6b971018b875a5d7c 11 14 38 207111.878363
TRANSACTION 1587190010.514935 4e2493ed5b824652cfaf61fb2ab220b7 15 14 279 207111.878375
TRANSACTION 1587190010.515141 03b85fcb9ca549c2aa9d0bf5b6e34000 9 11 852 207111.878378
TRANSACTION 1587190010.535421 b1299a2cb016ac714618115067e19e2d 8 4 173 207111.885116
TRANSACTION 1587190010.542743 cb8cbfc536a0af07c4a04dd0258df4bd 5 3 178 207111.900391
TRANSACTION 1587190010.699290 bc0842161e6547509200d71ca0b3a5a0 14 1 29 207112.058172
TRANSACTION 1587190010.715740 1919db850bbc53557b68ab5621e865b8 1 12 78 207112.072814
TRANSACTION 1587190010.762090 b70e36b05728f147650734e767e2461d 1 11 10 207112.120969
TRANSACTION 1587190010.772435 400851c4215fbf9fee4fc379f46b1299 5 3 28 207112.130093
TRANSACTION 1587190010.817798 f08a1ac25a9e1ebaf33f04314924f710 15 9 16 207112.176496
TRANSACTION 1587190010.867247 6934053aee470f972514e21ea59c2dce 0 3 578 207112.231469
TRANSACTION 1587190010.872710 034aacb3cfd6755afd78df707306e8ae 15 7 11 207112.231479
TRANSACTION 1587190010.905103 3d7659324baf075bff9c222d3f35b3ff 0 8 573 207112.262800
TRANSACTION 1587190011.004690 deb5198fbe4430fba5f91aacf6195b8c 8 2 343 207112.364027
TRANSACTION 1587190011.060292 593e24838971a1d1166e482e7431abfe 8 4 15 207112.419370
TRANSACTION 1587190011.272980 a78407d0b4ed2641f18cfa4fbb7206bf 4 13 178 207112.631486
TRANSACTION 1587190011.316638 9634b6763bbfc60460b60069c2ef4df1 7 15 554 207112.674728
TRANSACTION 1587190011.383264 39444d9515aec0439cc05e2b7f2a23ad 8 11 19 207112.741859
TRANSACTION 1587190011.443868 07d8abde015c8202f53469763d14b6c6 0 14 739 207112.793408
TRANSACTION 1587190011.447345 40f8ccfd6d1cab2374bb101844321a11 15 13 116 207112.808142
TRANSACTION 1587190011.509712 5ba1b98184ffc0f1f554b73af0c298dc 3 1 260 207112.868008
TRANSACTION 1587190011.527212 080ba8f8b9668c57a2f070366254ff2d 3 16 354 207112.884342
TRANSACTION 1587190011.816857 c34a5ec25b94c5683ac507332f79e31c 5 3 4 207113.175229
TRANSACTION 1587190011.829284 c0b9b716ee1348b7afcf7e80387ee2a1 11 17 251 207113.186631
TRANSACTION 1587190011.901720 b53b6b99b062d876c06da4764caf23d0 5 16 58 207113.260251
TRANSACTION 1587190012.022287 54c122b81bcaecf48a0ef344f64ac0a5 4 3 454 207113.381009
TRANSACTION 1587190012.064774 0d3b6c57524e2e275d43195750184343 5 4 8 207113.423878
TRANSACTION 1587190012.133249 e9fa3c24a08cbcffea40ee3452c77c25 0 16 439 207113.491843
TRANSACTION 1587190012.205786 6bf80274b379b99f51cb3b809b7a29b1 15 7 304 207113.564538
TRANSACTION 1587190012.227239 70282db9ae7d170483a1bc8eca7911fd 1 5 379 207113.590557
TRANSACTION 1587190012.230604 8151efd884ccac187f2adce73fc4cfa3 15 14 134 207113.590566
TRANSACTION 1587190012.385111 bf717e358da3131783477fef5de2a933 2 15 1084 207113.743775
TRANSACTION 1587190012.466671 46e02d354017b371dccd68ee4f250eaa 9 15 168 207113.825398
TRANSACTION 1587190012.793489 71ad3e627f502e6118b581463f5acc5e 8 17 116 207114.153173
TRANSACTION 1587190012.890059 6e02ab1d6bba9386e61c9de4c5db7d06 15 6 831 207114.248871
TRANSACTION 1587190012.927525 311b435f6d7b89bfdcd0472421d31f6f 14 15 1330 207114.286087
TRANSACTION 1587190013.044078 6f00cb497854b2bbcca4fb74d26b999e 10 7 21 207114.403548
TRANSACTION 1587190013.167852 77bd6a2c9ecf50a699ae19694ff1f5ba 8 11 56 207114.517449
TRANSACTION 1587190013.180264 6a10d03f26a4ba3636007c3c8c05ae97 11 7 496 207114.544694
TRANSACTION 1587190013.183615 abb456d3e1a3c8e66b9fb65c2d27ed77 4 9 138 207114.544704
TRANSACTION 1587190013.335376 b658e52a6a759fb7200d15866ee398d8 8 15 16 207114.694482
TRANSACTION 1587190013.463962 c8f8ad95626eec70868a75420a05f0bc 1 13 115 207114.824056
TRANSACTION 1587190013.467373 d088c5684e4c7d5194a3d9ab06f530ec 10 15 25 207114.825739
TRANSACTION 1587190013.505760 ff3b5d2b801d8bdc23f2bc291cbd47d7 13 9 281 207114.864669
TRANSACTION 1587190013.522163 6285e680c85270d9d0a28d1ebf7473fa 16 5 419 207114.880015
TRANSACTION 1587190013.556551 94e50c5615ae7728d038cfecb7a5dd64 3 12 452 207114.915148
TRANSACTION 1587190013.581993 11c55ca89cbbece3144c2cfe10ef417f 14 18 208 207114.940132
TRANSACTION 1587190013.655627 1039fc89ac1b769eb86c6cbd0d827784 14 19 21 207115.014989
TRANSACTION 1587190013.716145 018f962e26775557f6dd3ad1dc2058cc 17 9 73 207115.075752
TRANSACTION 1587190013.743618 6219e451f7b96063001a8b5b5d804c69 18 19 85 207115.101450
TRANSACTION 1587190013.877139 043d4a6759b023be0d9b60f961286d0e 15 7 1219 207115.236462
TRANSACTION 1587190014.005814 2222dbd9de66caba6b0973597229f6c8 14 19 9 207115.365429
TRANSACTION 1587190014.061321 73626fcfb5b0c44c6fefa98a1e550592 9 10 95 207115.421154
TRANSACTION 1587190014.183879 745297b573cf77a6dc7fd1267f73b10d 16 15 245 207115.543349
TRANSACTION 1587190014.200287 ddc08c947578ce8d7b7ef5917deb51a1 3 7 85 207115.558157
TRANSACTION 1587190014.223663 eef7003eabaf5dcb6133a2fa73aaa711 15 4 607 207115.582354
TRANSACTION 1587190014.236038 e6e3b92b866c0740e351ffa511c334f3 13 10 46 207115.593759
TRANSACTION 1587190014.263384 8d628ff341ec7da2d984e0c226aea4c7 14 6 10 207115.621588
TRANSACTION 1587190014.288762 a898dfb72b5265f25197e3e58d0b5f43 16 19 149 207115.646661
TRANSACTION 1587190014.488355 613e6ffafcc41babf58a9170eacca454 7 15 1380 207115.847186
TRANSACTION 1587190014.522814 68718858bac8b5b8e78596cfd0663624 2 17 510 207115.880449
TRANSACTION 1587190014.571248 9e47805ca3d6756d1ae19e962f537549 5 17 471 207115.929903
TRANSACTION 1587190014.644759 5898717b6b2964031a5cb7ac4cd5744b 6 15 775 207116.010491
TRANSACTION 1587190014.649167 4273cae0c0f4b9d6c0925b1d706c9aa8 8 3 14 207116.010501
TRANSACTION 1587190014.674516 18b3e75c71ff1a5da00289b906479769 19 3 194 207116.031907
TRANSACTION 1587190014.719916 b7afe65e236c83f71b5c77181cd3bd42 4 15 483 207116.078847
TRANSACTION 1587190014.869493 dac6b175b57db62e0206e5c25379dc3f 10 17 126 207116.218946
TRANSACTION 1587190015.227582 81c931b94fc18633c647d2363f856173 19 1 42 207116.576560
TRANSACTION 1587190015.396958 f7ad68c3c819ee5917e2092cb6b68621 1 20 28 207116.746263
TRANSACTION 1587190015.422369 42ea99b060b06bb35f7a351439135ac0 15 2 2636 207116.771697
TRANSACTION 1587190015.615177 6c9dd88e7a6f77d4f9f95200c8db2c59 12 1 191 207116.964562
TRANSACTION 1587190016.647418 259e8477a358a71b1914d91f963ce2cc 20 2 241 207117.996549
TRANSACTION 1587190016.940533 427f0b36f3afeb1e629f1b61e44f11f5 14 2 2 207118.290183
TRANSACTION 1587190017.090727 dbb8590aacea65fd83a0a1cf399f1065 0 18 533 207118.440198
TRANSACTION 1587190018.156000 1d6a75c87ae69a8723fcb8ce13e8547e 12 10 3 207119.505818
TRANSACTION 1587190019.033997 022f01e94bd7bf60428c2d202d11b50a 1 14 29 207120.383299
TRANSACTION 1587190020.241208 c95efae69b777a30abfeaf3294159ac1 19 12 366 207121.590508
TRANSACTION 1587190020.866203 0ee12244a2ad2a2c3ae6275b68db5554 23 17 235 207122.216275
TRANSACTION 1587190021.300319 39d1b137ea21393f20396e17ff715150 7 20 56 207122.649444
TRANSACTION 1587190021.339503 243423c485ebaa9e93dc740f4be76c8e 17 12 192 207122.689612
TRANSACTION 1587190021.667265 87333cc79d2f121e999b8d64e996f094 7 16 23 207123.017110
TRANSACTION 1587190021.970712 9e332ac29868baf83069dcb99e3404ee 18 5 66 207123.321753
TRANSACTION 1587190022.204900 ef9a8a4b642446e3a8d54794fabc5474 11 6 82 207123.554790
TRANSACTION 1587190022.961893 c454ba415fa12e9fa06963876cc3a4b2 16 6 8 207124.310969
TRANSACTION 1587190024.374495 a9667c9ccbb7019035c7aa9c1b827d50 2 18 188 207125.724347
TRANSACTION 1587190025.217201 c08ac03f8fc672ca0337891ceae234fa 2 10 516 207126.566564
TRANSACTION 1587190025.626934 267f427086cc7e1264b6341ea45bf890 18 17 524 207126.976204
TRANSACTION 1587190026.579969 74cef1cc03c5665f81132eef853febcd 7 12 2 207127.930049
TRANSACTION 1587190026.905236 f06554d7231972950639061cc8dab836 8 24 24 207128.254208
TRANSACTION 1587190028.051494 c74b10f938d469894a5bfb21180be3ed 3 1 296 207129.400509
TRANSACTION 1587190029.385798 f5518724c28da9ba9a96dadc59bb627d 3 16 80 207130.735821
TRANSACTION 1587190029.782632 b8d2386a3ba5d5274137fdae01f79b8e 20 21 2 207131.132234
TRANSACTION 1587190030.099268 bb4ca4a258278dc2044a44ea947ce3ca 4 8 90 207131.449367
TRANSACTION 1587190030.554858 2497e1c858f8e8b746eb62a296d7e168 5 1 528 207131.904155
TRANSACTION 1587190030.652083 ed87475fd11d2387cfc15631f5dcd1b2 28 25 1 207132.002010
TRANSACTION 1587190031.462240 0ea369a7aa978f4b3cc52049e5f02840 3 12 1 207132.812140
TRANSACTION 1587190032.726660 6f9328e5f0b2b5af11e6d1e9bd48d7ec 8 13 58 207134.076217
TRANSACTION 1587190033.364154 18873728ec0c77de9dde06fb2b63b0bc 30 17 10 207134.714290
TRANSACTION 1587190033.437445 a91295acd0413e113634dd9dbb08afa9 24 2 338 207134.786929
TRANSACTION 1587190033.902747 58cf779fb409a322237d6ba4cc225321 2 31 1022 207135.252407
TRANSACTION 1587190034.313315 7dc086d23289334d072951337abef5a6 29 7 4 207135.662570
TRANSACTION 1587190034.639717 e86c72b0b9770ff337b75140635f48f9 17 32 56 207135.988691
TRANSACTION 1587190035.691160 42c16f281f45589790ab218a7d0c6121 15 5 1061 207137.040383
TRANSACTION 1587190037.245070 420e6d5e211643a347c58a9970de8310 1 9 7 207138.594131
TRANSACTION 1587190037.487755 d1115079a55448a84d336ffadaa608aa 32 18 227 207138.837488
TRANSACTION 1587190037.623287 6b8101bfad05970ade8952e5df40f5bf 33 34 1090 207138.972872
TRANSACTION 1587190038.108005 9c3675b87d966b0fb9a1ab25bf6685be 16 28 1 207139.457114
TRANSACTION 1587190038.702913 3fc58ffebb71f359c6a74faaae9fbfa1 21 2 3 207140.052622
TRANSACTION 1587190039.320635 b30a2b628c8cdacdb6a54c4434bb83e5 12 35 501 207140.669972
TRANSACTION 1587190040.698165 0d8fbbf61dcbd0a7d1a119a92c7273d2 5 6 6 207142.047383
TRANSACTION 1587190040.782537 703da1dc20c68ac50ebc4c5f503c68ef 34 28 132 207142.131718
TRANSACTION 1587190041.343720 c86c9ac0ebfafefc38aee7fba715e721 6 22 14 207142.692956
TRANSACTION 1587190041.920831 205f4afd8a9abbc1a779cd45ab7ace2b 14 8 17 207143.270121
TRANSACTION 1587190042.492028 80ec8982cc8ad6abb14097155ceb35ea 17 33 44 207143.842098
TRANSACTION 1587190042.708521 1556b6625501f42eec96f05aedf01a6b 9 2 917 207144.057778
TRANSACTION 1587190042.822530 ab2fb4a692568bac48edf961ed64adc6 1 30 30 207144.172191
TRANSACTION 1587190043.175106 e3e28a90c5179660927b1c62b050c4e4 7 16 685 207144.525106
TRANSACTION 1587190043.289228 0778bef9c7dc60dcfdb75bae10313d7b 32 26 4 207144.638356
TRANSACTION 1587190043.325891 913cc38ff80780a5d2c4212cc8493c1f 5 10 51 207144.675008
TRANSACTION 1587190043.396302 3132627ab868cdd975a54cbf6898cbb8 13 31 24 207144.746980
TRANSACTION 1587190043.434724 7b8af0581dc7dd6f12ca8aae744d9637 9 33 990 207144.784135
TRANSACTION 1587190043.441078 691ae2c35e2dcc22f230f564dc484544 13 2 35 207144.790212
TRANSACTION 1587190044.004955 a1e676eddef6f29a70e1c33178c236a8 16 19 361 207145.355434
TRANSACTION 1587190044.644454 776dcff7528f184184346ce1305bf98d 21 1 1 207145.993685
TRANSACTION 1587190044.705714 51abc081d7e83a83b295ca4e75fbf312 6 29 19 207146.054825
TRANSACTION 1587190045.011393 d4b0b1d2db4befde5f2ce6cddf265d30 9 30 52 207146.361501
TRANSACTION 1587190045.099366 00caad7940c0eb38e6739154b580274c 22 14 659 207146.449561
TRANSACTION 1587190046.246750 5d5867faa3b767deebf2b2eb6623a203 23 10 53 207147.596140
TRANSACTION 1587190046.279500 ac2604d09e65e679c324ebdeb738561c 23 17 56 207147.629189
TRANSACTION 1587190046.420981 f84f61f3e02077817447dfd698c48cf3 25 16 5 207147.770043
TRANSACTION 1587190046.665170 e5fe500d8d2db1af384691061bb9a937 29 1 183 207148.014762
TRANSACTION 1587190047.117652 8dcb7bba87c45afc87a4edfb5ffbf2e6 14 33 747 207148.467041
TRANSACTION 1587190047.176105 5e4ee4cba65f50eac1eb54b75d7f23c7 29 20 2060 207148.526017
TRANSACTION 1587190047.524260 dfad006ee115ede100ebebe3ca05dfc6 31 30 450 207148.873607
TRANSACTION 1587190047.893204 ce2f7d7b72c7ca26457e7d765f0541ee 33 7 732 207149.244612
TRANSACTION 1587190048.111508 edb83b43c5f5809f4ec81cc9af8dbacb 33 25 342 207149.461496
TRANSACTION 1587190048.138930 f1b8087a374f9a4970212deaa0f6ec7e 33 30 152 207149.487858
TRANSACTION 1587190048.705372 4ce132f6e7ed6fb0f60a0e62895ad93e 35 13 192 207150.055251
TRANSACTION 1587190049.031684 0fb06bb1c0959e7abc90c8f81b31efa5 24 11 90 207150.381685
TRANSACTION 1587190049.254703 2962b3502002c19065548fe9cf9aa5f6 24 32 99 207150.603906
TRANSACTION 1587190049.938819 e3da87cfb68aebb7b645a96e1f9d5a4d 26 10 176 207151.288578
TRANSACTION 1587190050.779170 486a91e7f72ecdb14b74b57866459ccf 22 15 65 207152.128743
TRANSACTION 1587190050.844040 06c20796779dd983a982ed2ce4119294 22 20 13 207152.193624
TRANSACTION 1587190051.018859 94c1454e819a7ad95b649de3e1937124 28 9 27 207152.368527
TRANSACTION 1587190053.515803 ba8142e9cb32c7e0114e523db7c530b2 22 39 40 207154.865210
TRANSACTION 1587190054.150293 c25106a66a0d29c199ef2538758235bb 29 12 113 207155.499880
TRANSACTION 1587190054.199196 af3244e19a0fd021dd790767f876536f 9 6 250 207155.548790
TRANSACTION 1587190054.480965 e82c6d60aa136d0d73124e179864cd23 16 9 145 207155.830241
TRANSACTION 1587190055.489928 c571c8030f5b8c79fb5819629c736532 31 10 4 207156.839162
TRANSACTION 1587190055.552323 06c090408fb5edd5e29659e26b78f10d 2 1 28 207156.901803
TRANSACTION 1587190056.453435 0ed0e9482672f4dd8f682361f8a53090 41 18 21 207157.802788
TRANSACTION 1587190057.271598 6d1bba27a1f912762be7d49b6341a415 36 44 1 207158.621193
TRANSACTION 1587190058.149440 033eb08390c08b7f5572126ad86b6831 21 12 316 207159.498975
TRANSACTION 1587190058.806903 d7a4c497eb819c3ae2ccf91ed42b9b7d 1 7 323 207160.156477
TRANSACTION 1587190059.680549 50292950841dc74745277f2cbef37df4 6 45 2 207161.029924
TRANSACTION 1587190060.198628 8f9409dc65a6b2c42e543fda7a1dee30 25 30 1208 207161.547714
TRANSACTION 1587190060.808374 e5536bbfbee0fd46de1db9894fd40429 44 5 354 207162.157609
TRANSACTION 1587190060.867967 1405cdf994577f7d129aa35edd28abfb 15 27 12 207162.217001
TRANSACTION 1587190061.208051 2d8a6b92e7a16a993b99ce839581231e 22 30 542 207162.557840
TRANSACTION 1587190061.313701 20a0d4644f3ee49bba6b4f40524aab43 12 18 42 207162.662976
TRANSACTION 1587190061.551727 375bcb13be04abe428dd3cf98444e7c0 36 17 323 207162.900877
TRANSACTION 1587190062.117682 a7c390a592863167a10836a98486fcb8 35 16 388 207163.467138
TRANSACTION 1587190062.518448 73d55ca2d33c21c59a7e4e09407c14b5 41 32 21 207163.868374
TRANSACTION 1587190063.978224 f7e1929b6d7202326d28778d7bcfcbd0 42 19 1 207165.328016
TRANSACTION 1587190066.423909 6d2d1e7c8797d28af70434047a72c301 42 28 3 207167.773009
TRANSACTION 1587190066.757787 2e8ef74a205563c74f23d949dadf496f 22 24 94 207168.107554
TRANSACTION 1587190067.703593 2fda7b291d46eeaf1edeacaf6bab509a 4 40 1560 207169.053231
TRANSACTION 1587190068.168545 f16ad01be3e261ea57c4bb8009256e15 5 38 366 207169.517746
TRANSACTION 1587190068.261505 4201261ad976fc7042ea29fbab10b45e 20 44 12 207169.610896
TRANSACTION 1587190068.460744 47750b4f578ce1c89001127fe3913b34 31 24 127 207169.810439
TRANSACTION 1587190068.840211 94dd26c0d1fbeb8ae01f63a492905884 47 39 174 207170.189675
TRANSACTION 1587190069.007487 a39d816825497544423e48ad5300c68d 31 9 89 207170.356667
TRANSACTION 1587190069.592170 88345828eab9c07d15a59c8c8a4985de 3 40 1 207170.941431
TRANSACTION 1587190069.645642 1e17bf486ce5916f3ea413314385bfb6 13 27 170 207170.994824
TRANSACTION 1587190069.798741 cded8341d525249298dfba3fc39b893a 45 17 14 207171.147970
TRANSACTION 1587190070.528907 9d33bbd20980b3087c78b2488f57818d 3 46 1 207171.878441
TRANSACTION 1587190070.813406 30eec260bdffb3b97ba09322f69d4fef 14 25 88 207172.162621
TRANSACTION 1587190071.059124 acda9c213e7bda7788a50b9f332895c3 8 33 689 207172.408004
TRANSACTION 1587190071.277665 cba25b690fae85210d3d99f6c12b6a8f 46 21 265 207172.626902
TRANSACTION 1587190072.538170 fe54557fbd7dc4aba1f8546117737a6f 43 8 11 207173.887854
TRANSACTION 1587190072.569543 581ac7f81163dedaa18483fc95d7618d 16 30 485 207173.919205
TRANSACTION 1587190072.782280 6972fc0d24a85f47123d7eb12ed086f7 17 19 1737 207174.131478
TRANSACTION 1587190072.844127 60350a6dbf2239afd18ed6061c3430e1 21 40 548 207174.193351
TRANSACTION 1587190072.972755 31cbea0a8b009b195f9e99cab456dacd 8 38 16 207174.322102
TRANSACTION 1587190073.573633 cac4aaaccd2d99d570f8192e7fcb7521 48 26 2 207174.922602
TRANSACTION 1587190073.867784 5a17f7d089125de04d8a635cd0988463 12 23 240 207175.217638
TRANSACTION 1587190074.002888 61d2a9368331cc256f95c843a823b423 17 16 378 207175.352451
TRANSACTION 1587190075.531489 95df38292e862437bc0b00d4b451d476 0 4 457 207176.880811
TRANSACTION 1587190075.959743 c9830082f642159a49e4dcf096094e06 24 22 1222 207177.309156
TRANSACTION 1587190076.143226 726e9496bb0720ac95d12cda7599780d 23 21 9 207177.492457
TRANSACTION 1587190076.197828 2b43b74d6e1ebea1e3f4a3263eb68e2b 5 11 32 207177.546764
TRANSACTION 1587190077.662023 13b22a7c529fd8c3a6b10cd122dd314d 48 9 131 207179.011630
TRANSACTION 1587190077.803926 9144e87a3a6daf8dc65f6c58165862fb 3 48 204 207179.153083
TRANSACTION 1587190078.015234 729a7b4aca2ffb8d212c24e436ff52ca 3 49 75 207179.364806
TRANSACTION 1587190080.312367 ac094cb922b93789c71a6bd69629c22a 38 23 244 207181.661514
TRANSACTION 1587190080.477705 ff3df9512feb224b88d252e9af9ec8eb 23 16 160 207181.827369
TRANSACTION 1587190080.774164 d6dc153d44edee9ff6601f5c98c42aff 33 1 40 207182.123535
TRANSACTION 1587190081.136724 6db40f688c3e5e7cc691d50d01168c11 18 46 15 207182.486728
TRANSACTION 1587190081.178307 8cd729f0e6eed0626be3c5580e6f8ff0 11 52 478 207182.527792
TRANSACTION 1587190081.469363 e24f2354131616fffb2a4b94d5aa5d57 1 4 43 207182.818617
TRANSACTION 1587190081.713701 c2df88527e685e260d372256e7295eba 0 10 229 207183.063062
TRANSACTION 1587190082.132814 1212bc9b84023274661b14f9dc04e1c9 8 24 5 207183.482074
TRANSACTION 1587190082.958541 21cbfdef5576269509b9aee4074f6e01 38 39 7 207184.307797
TRANSACTION 1587190083.662220 d77f896293b89c5b11d394cb6fb72059 52 10 53 207185.011653
TRANSACTION 1587190084.266450 b35dc0c533ca7c95059d18362dc7a2fc 28 18 5 207185.615821
TRANSACTION 1587190084.649568 75b57b691d09e9c5885ce56755c00dd4 7 13 1 207185.998920
TRANSACTION 1587190085.258452 867fcd213b4fd928313c49b3adc4831e 39 32 1591 207186.609046
TRANSACTION 1587190085.314950 9a85a9ed1653ccf0843fb9ebda351ad3 16 31 14 207186.664486
TRANSACTION 1587190085.778724 d619df3196b804ec26d16efe547816ca 54 12 1 207187.128107
TRANSACTION 1587190086.703420 7dc1e9dbbf79dfe4b61e53ca64b7d916 14 36 95 207188.052639
TRANSACTION 1587190086.778594 da65cd372c1db37f954221243a2de240 44 23 123 207188.128612
TRANSACTION 1587190108.490056 a3962c5095249fb0308c7d061a8a8679 24 29 288 207209.839128
TRANSACTION 1587190122.195248 e238237bdb629549b5c6a2b6dff0fe5e 1 25 2 207223.544297
TRANSACTION 1587190123.103451 9daa8a03942df59269b7d94c24a470ae 3 39 293 207224.452364
TRANSACTION 1587190125.584472 fedf44aafd112ebebf5da56cb9f0f634 64 72 144 207226.933410
TRANSACTION 1587190131.201950 6af6b0baf319b13db5e4a6ad1eb52bd7 70 7 59 207232.550859
TRANSACTION 1587190140.284543 51c6a86f4ceedc38104ddd133b26b0de 14 35 198 207241.633613
TRANSACTION 1587190142.504931 c1a551d36b254d7427e197358aa9ba47 11 27 130 207243.854011
TRANSACTION 1587190150.552280 c685ae2afb929bbd31100d5190fcea93 71 34 618 207251.901220
TRANSACTION 1587190156.492109 0a7af9bc306132c18fdef304ff31b4a3 64 50 15 207257.841239
TRANSACTION 1587190161.618127 b2e7fc5268ef81444a9967e0ee34f6d5 45 5 542 207262.967040
TRANSACTION 1587190163.220434 23210d81467b9d9294d9db5c4b718d52 80 6 34 207264.569588
TRANSACTION 1587190164.865148 207f760ead25fdc08954666dc08a9a31 59 39 5 207266.214410
TRANSACTION 1587190174.778980 11413a69bfc47417b688ce4e171481dc 70 5 57 207276.127953
TRANSACTION 1587190176.323106 1ecd03ee35402801c0890a777e7cd7f0 2 69 819 207277.672178
TRANSACTION 1587190178.672247 7590708618917fef0359e269d86d2caa 48 79 101 207280.021217
TRANSACTION 1587190182.922972 a57949a861de3ed0b71bad9d3cc31dd7 13 36 144 207284.271920
TRANSACTION 1587190189.029375 058400e3f2bcfb370822f72a49379b82 49 31 58 207290.378355
TRANSACTION 1587190191.012618 e7388e47a9433f1ae279d4b39c4bfa04 0 82 474 207292.361631
TRANSACTION 1587190197.874296 190d200764e7c7bb64e54a589f2a8578 47 6 130 207299.223389
TRANSACTION 1587190201.999788 675c71f1f1bec199418e318c16a2b766 41 83 271 207303.348929
TRANSACTION 1587190204.511599 7ec4846064a6e99242b3ef9eef356460 16 35 145 207305.860611
TRANSACTION 1587190209.801599 ae954d3afd8534e2d565501ecf520d09 95 1 763 207311.150628
TRANSACTION 1587190212.994753 fce2f98a5ccd3a0c52fd35ce8edc02d7 41 15 7 207314.343680
