TRANSACTION 1587190006.325497 f39576703a0338d9473dd2043ad3819f 3 6 1004 207108.240242
TRANSACTION 1587190006.060255 517ed4a5657089e7c1b944b3f9efefb7 1 5 89 207108.245586
TRANSACTION 1587190006.088533 a065478c1ba2893c549fda3bbb7dbed8 5 6 291 207108.249006
TRANSACTION 1587190006.518889 f9522a5d39d0751189d7fd8e0f1ffb82 6 5 30 207108.249016
TRANSACTION 1587190006.387441 ce131dd01744df63c79fe07d14a2bdb7 1 5 198 207108.264871
TRANSACTION 1587190006.239843 3695d3560eb128a520c9c1b75948e931 2 5 131 207108.274332
TRANSACTION 1587190005.979359 340d784a17e994858c96389f9d8cbb17 2 1 137 207108.282528
TRANSACTION 1587190006.493417 00b8195bd9146dfce78d2ea984923f09 5 7 453 207108.291182
TRANSACTION 1587190006.525465 34fb0bb602700d3b9aa4a116ba713a31 3 8 17 207108.354450
TRANSACTION 1587190006.845755 05284cfe5bc4a9995ca13c3c72d26eb3 7 3 433 207108.354460
TRANSACTION 1587190007.001086 16a994a3dbda0a5ed6953f52d769ada9 3 9 51 207108.372064
TRANSACTION 1587190007.074403 7f669f162b94f0573a44631c3078de16 9 2 45 207108.437853
TRANSACTION 1587190007.127938 f78cede42a8f7cb7d54df01f20d20a3b 3 8 143 207108.490336
TRANSACTION 1587190007.188504 9a660a43c79fb93fec107b121c968e02 4 9 85 207108.551722
TRANSACTION 1587190007.242953 73531223ff2b1dba59accf55beb15a93 1 3 429 207108.605515
TRANSACTION 1587190007.265365 4dc8b8d82742695f2f77d12a53004441 2 8 1318 207108.614265
TRANSACTION 1587190007.273664 f2c4297f7959ea4b5fe51088806c7557 8 5 2507 207108.638804
TRANSACTION 1587190007.312984 d97d864b82099eada4ef17f0050ca013 7 6 16 207108.687980
TRANSACTION 1587190007.323417 4e8a44206c224c869d3d255ad9a7fe28 4 8 43 207108.687990
TRANSACTION 1587190007.353857 035da1977b2c5f49e4d4111fc6c552e3 9 10 11 207108.717326
TRANSACTION 1587190007.423774 a8613ad8a73ee8cb4a6b66dafe15efa1 8 3 114 207108.806166
TRANSACTION 1587190007.422320 eb5c2c662e9fd5f27912a42a5e508629 5 4 1065 207108.806177
TRANSACTION 1587190007.443091 49bc78ac0afd7bfe4142dd72e25ee419 2 9 316 207108.806245
TRANSACTION 1587190007.466430 974b07bb085aea82ddb5b3468902a86b 5 6 246 207108.862459
TRANSACTION 1587190007.472202 dba5a2226721ec6982feef54e9b5f6be 3 2 75 207108.862469
TRANSACTION 1587190007.482514 9eddabdf42a0a68003df4677e7bc2c02 8 7 1 207108.862472
TRANSACTION 1587190007.496830 362b86b9436f5485422dfc5e322d636b 5 2 620 207108.862475
TRANSACTION 1587190007.542199 aaa796a5e7d4497e425f75bb9fb27dfc 3 10 99 207108.906681
TRANSACTION 1587190007.650780 b76b188f281deb016e7932c486ee25df 9 5 114 207109.014804
TRANSACTION 1587190007.678200 c66a870663fa288a4cb55e8b23143800 3 7 455 207109.040608
TRANSACTION 1587190007.699520 91740dee9b2e66e14f8374292e4d7c56 0 6 753 207109.063008
TRANSACTION 1587190007.740889 b19c09ea3bbb1a92621d2fcb8afbc9ba 9 5 197 207109.105087
TRANSACTION 1587190007.796356 1d12066f20aa2e32bcd26c268fc9b359 10 5 106 207109.161446
TRANSACTION 1587190007.965948 0d19a24490f62110995fbd7e27ebdd5d 5 7 313 207109.339593
TRANSACTION 1587190007.973421 88a609df5893b1d7104fd6489dbecec9 6 7 473 207109.339604
TRANSACTION 1587190008.023864 366ebf1758e5ee64ce967710c51d5886 9 4 38 207109.388918
TRANSACTION 1587190008.044289 2ff1e5c3d08b428b20685e2a55d97214 2 3 372 207109.406147
TRANSACTION 1587190008.092738 12ef01f1e49ea6d8bf7b1955052675fd 9 11 15 207109.465427
TRANSACTION 1587190008.101129 788d8f182cf149fc0766803587166a5e 2 3 23 207109.465438
TRANSACTION 1587190008.252629 b1a556a1c942eddb6c92f202db7f963a 9 5 29 207109.616465
TRANSACTION 1587190008.272049 b723986204e88322b1df33ac3901eaed 9 6 3 207109.633479
TRANSACTION 1587190008.291373 26621f3c68986c122c03b7296303d694 8 6 4 207109.652691
TRANSACTION 1587190008.385816 ffea4bc28366e3990ac0d4774012aa78 10 5 4 207109.750474
TRANSACTION 1587190008.681578 db1faf32fbd3bd0da9f8de433415cfe7 11 12 11 207110.045079
TRANSACTION 1587190008.697013 eb637c37440e98bc203e016a13f4806d 11 7 3 207110.058408
TRANSACTION 1587190008.713386 ece1fce8495e0a0fa9cc190f57e540ce 10 9 7 207110.074587
TRANSACTION 1587190008.771802 9ff75fb9534e45b31775e4a2dd685821 11 5 1 207110.134774
TRANSACTION 1587190008.864313 fe6734177efd789c58543647780d8b77 3 13 238 207110.227110
TRANSACTION 1587190008.990905 9582c8aa9db86180dba30219dd69e1a0 13 14 177 207110.354192
TRANSACTION 1587190009.044404 b0415855326b5ec6cbf6673019329a50 1 9 466 207110.407438
TRANSACTION 1587190009.075822 8ff1d752808b4bb49b973c7759a5ba1d 7 11 631 207110.437405
TRANSACTION 1587190009.144252 879b1c944bb424a3dd0c7d769eae9108 11 2 209 207110.507323
TRANSACTION 1587190009.288825 1dcf17edd49f09aa065337bdf9171398 2 6 224 207110.652576
TRANSACTION 1587190009.366313 ca897c6482bf92898787223d0d484a50 2 6 134 207110.738107
TRANSACTION 1587190009.373779 8194294fdd8ca96d56e9fa1c1f48061a 1 2 46 207110.738119
TRANSACTION 1587190009.462239 03c4de758f6d6f70f3c4bbaa3b675f6d 3 13 124 207110.825990
TRANSACTION 1587190009.502724 80f26ada1ec2871c2baaea681890215f 6 9 778 207110.864758
TRANSACTION 1587190009.571203 ee8e8a9a241e87f5e384da9d569db64c 9 13 227 207110.935888
TRANSACTION 1587190009.641711 39a38e99c3277dc646cad4b7b7bc9b4b 1 3 183 207111.005246
TRANSACTION 1587190009.679143 b630dbf81206d77dbe8cddec825b7996 4 7 302 207111.041014
TRANSACTION 1587190009.724550 58bb037cd30b9e6c49c3da913e6abb18 12 15 1 207111.087233
TRANSACTION 1587190009.852087 5a813674c0e94c0a7d466a5be6cae509 8 14 1 207111.215289
TRANSACTION 1587190009.862521 5333fac3a33deb4bd602e1c8d2a34637 12 10 5 207111.215386
TRANSACTION 1587190009.881821 dc3b4f3b26d900123f48d6ef16e46c7c 5 1 280 207111.242610
TRANSACTION 1587190009.885121 9ac844c4c5307244e53ef2a02b1931e2 1 7 215 207111.256231
TRANSACTION 1587190009.967541 2206593f7edc8d601ecd147ca70b42a0 15 6 1 207111.342548
TRANSACTION 1587190009.979982 6be18ee82c31519f73269a9f9cb9c393 4 13 223 207111.342560
TRANSACTION 1587190010.007350 b369760a07d3c40c959b1751f7aab853 0 3 96 207111.368959
TRANSACTION 1587190010.052709 e85454b8bf52fd53b80d5dc710db96fc 5 8 242 207111.425052
TRANSACTION 1587190010.058053 275306193402d92d48c8ad4ce5a26f98 0 13 674 207111.425062
TRANSACTION 1587190010.195535 d4ceec5dec25d91c7a174445ef0806c6 13 2 1253 207111.559855
TRANSACTION 1587190010.269053 cc6aaa2d66172c119953fc32113104b3 11 7 145 207111.633146
TRANSACTION 1587190010.326525 c780ff449cb899ff3cb4cd3f5ba1994c 11 8 15 207111.690552
TRANSACTION 1587190010.396012 222194d2a63f2c178086f5e4af12149a 7 15 323 207111.769407
TRANSACTION 1587190010.406410 27217e366c17a0f50a5c25e8f79de66e 11 1 107 207111.769419
TRANSACTION 1587190010.449770 68bf6d38d93803d690c912d75cfe17ac 3 14 294 207111.812577
TRANSACTION 1587190010.494227 b93081aa362a7c08c859c53082a5e421 8 10 61 207111.857123
TRANSACTION 1587190010.509611 f4bc2f35a76f67e6b971018b875a5d7c 11 14 38 207111.904910
TRANSACTION 1587190010.514935 4e2493ed5b824652cfaf61fb2ab220b7 15 14 279 207111.904921
TRANSACTION 1587190010.515141 03b85fcb9ca549c2aa9d0bf5b6e34000 9 11 852 207111.904924
TRANSACTION 1587190010.535421 b1299a2cb016ac714618115067e19e2d 8 4 173 207111.905060
TRANSACTION 1587190010.542743 cb8cbfc536a0af07c4a04dd0258df4bd 5 3 178 207111.905064
TRANSACTION 1587190010.699290 bc0842161e6547509200d71ca0b3a5a0 14 1 29 207112.062456
TRANSACTION 1587190010.715740 1919db850bbc53557b68ab5621e865b8 1 12 78 207112.076868
TRANSACTION 1587190010.762090 b70e36b05728f147650734e767e2461d 1 11 10 207112.136144
TRANSACTION 1587190010.772435 400851c4215fbf9fee4fc379f46b1299 5 3 28 207112.136154
TRANSACTION 1587190010.817798 f08a1ac25a9e1ebaf33f04314924f710 15 9 16 207112.181224
TRANSACTION 1587190010.867247 6934053aee470f972514e21ea59c2dce 0 3 578 207112.237138
TRANSACTION 1587190010.872710 034aacb3cfd6755afd78df707306e8ae 15 7 11 207112.237148
TRANSACTION 1587190010.905103 3d7659324baf075bff9c222d3f35b3ff 0 8 573 207112.267296
TRANSACTION 1587190011.004690 deb5198fbe4430fba5f91aacf6195b8c 8 2 343 207112.368743
TRANSACTION 1587190011.060292 593e24838971a1d1166e482e7431abfe 8 4 15 207112.424255
TRANSACTION 1587190015.422369 42ea99b060b06bb35f7a351439135ac0 15 2 2636 207116.771413
TRANSACTION 1587190020.241208 c95efae69b777a30abfeaf3294159ac1 19 12 366 207121.590353
TRANSACTION 1587190029.782632 b8d2386a3ba5d5274137fdae01f79b8e 20 21 2 207131.131715
TRANSACTION 1587190033.364154 18873728ec0c77de9dde06fb2b63b0bc 30 17 10 207134.713319
TRANSACTION 1587190038.702913 3fc58ffebb71f359c6a74faaae9fbfa1 21 2 3 207140.052084
TRANSACTION 1587190043.175106 e3e28a90c5179660927b1c62b050c4e4 7 16 685 207144.524298
TRANSACTION 1587190046.279500 ac2604d09e65e679c324ebdeb738561c 23 17 56 207147.628498
TRANSACTION 1587190055.552323 06c090408fb5edd5e29659e26b78f10d 2 1 28 207156.901442
TRANSACTION 1587190061.551727 375bcb13be04abe428dd3cf98444e7c0 36 17 323 207162.900721
TRANSACTION 1587190062.518448 73d55ca2d33c21c59a7e4e09407c14b5 41 32 21 207163.867535
TRANSACTION 1587190063.978224 f7e1929b6d7202326d28778d7bcfcbd0 42 19 1 207165.327400
TRANSACTION 1587190067.703593 2fda7b291d46eeaf1edeacaf6bab509a 4 40 1560 207169.052697
TRANSACTION 1587190068.460744 47750b4f578ce1c89001127fe3913b34 31 24 127 207169.809919
TRANSACTION 1587190068.840211 94dd26c0d1fbeb8ae01f63a492905884 47 39 174 207170.189268
TRANSACTION 1587190070.528907 9d33bbd20980b3087c78b2488f57818d 3 46 1 207171.877935
TRANSACTION 1587190072.972755 31cbea0a8b009b195f9e99cab456dacd 8 38 16 207174.321931
TRANSACTION 1587190074.002888 61d2a9368331cc256f95c843a823b423 17 16 378 207175.352033
TRANSACTION 1587190076.143226 726e9496bb0720ac95d12cda7599780d 23 21 9 207177.492290
TRANSACTION 1587190081.136724 6db40f688c3e5e7cc691d50d01168c11 18 46 15 207182.485960
TRANSACTION 1587190086.778594 da65cd372c1db37f954221243a2de240 44 23 123 207188.127716
TRANSACTION 1587190091.644211 dc85a62089483371cf064b222f1ce6ee 18 1 3 207192.993612
TRANSACTION 1587190110.573916 79405311cf17aa78acf7bb643ad1c6b2 29 32 265 207211.923109
TRANSACTION 1587190118.860033 885245f06aa22a750f3857e70565c5cc 34 35 241 207220.209175
TRANSACTION 1587190119.471730 6cc77ab370b90f3c094b27adc70ed6cc 58 15 10 207220.820780
TRANSACTION 1587190119.792548 8f18f3a77108da96d60fac6c43fbca71 58 10 2 207221.141642
TRANSACTION 1587190126.629893 40835499d3cfb65ddef689d382c909ea 67 66 1 207227.979050
TRANSACTION 1587190128.597541 d32c5322decd1d8dce107eb1e6e93aea 48 36 58 207229.946785
TRANSACTION 1587190131.166176 5b3a17eb96f99e21dad584af8f7c6266 2 33 61 207232.515239
TRANSACTION 1587190133.563089 138a035ae205db12aa3fb49e724f9ae6 36 17 1549 207234.912130
TRANSACTION 1587190137.501795 ca63f5c6372d60fd40ef755bca81c506 14 57 402 207238.850849
TRANSACTION 1587190141.900863 83584122fa4da919e2e47c169bd238e9 47 26 38 207243.250035
TRANSACTION 1587190143.431788 322bed70a9e90486bb794fd54ae28ece 7 47 3 207244.780859
TRANSACTION 1587190145.361878 fd2a1d120af9026531108e00e933cfcf 59 15 352 207246.711089
TRANSACTION 1587190156.539652 405ca43c977fa35cfa2add431d3f71b3 44 61 2 207257.888779
TRANSACTION 1587190160.654251 5554abd204040ea6e90a28c0fed3367b 61 31 8 207262.003374
TRANSACTION 1587190161.465089 f931cd602ac81e4a354cc3db3c0f1507 22 58 224 207262.814269
TRANSACTION 1587190166.514967 c6f566311d8e7b14ccb4e93361973cb7 57 17 28 207267.864182
TRANSACTION 1587190166.768662 df59a2147c25a39894948e7e14fd8b82 30 12 2 207268.117953
TRANSACTION 1587190179.135529 4039ee521406d6efea2829cb5b7c4117 24 37 1141 207280.484671
TRANSACTION 1587190180.747111 7fb3096abb2dcc3c3e76e66836039c5c 52 34 45 207282.096282
TRANSACTION 1587190181.829873 ef4b4783771aee238628eb02b245bdd0 32 72 1163 207283.178989
TRANSACTION 1587190185.889661 5c334f01f4f777dd845c477a2f0a7fd3 61 5 134 207287.238818
TRANSACTION 1587190189.710325 3de298d9d1a4c84777feeae2e18faaf9 85 67 103 207291.059471
TRANSACTION 1587190201.179025 8b90b77af97a5ee14202926f88eaef24 11 77 1 207302.528218
TRANSACTION 1587190203.725289 cf5da0ac235adbf0ecc0cec7300902ef 80 72 24 207305.074313
TRANSACTION 1587190204.450097 7da54077e87c9ab06ba786a26ec38811 12 19 118 207305.799260
TRANSACTION 1587190207.907548 b5b82dc54de48c42e41f8046d153fd54 32 65 286 207309.261026
TRANSACTION 1587190208.588354 8dcd106ed7160d5f25c04be55a01aba8 44 17 107 207309.937392
TRANSACTION 1587190212.116403 2dc0759d6ad644100d47da9bbc1a8826 67 86 1 207313.465491
