TRANSACTION 1587190006.000538 9474fddf8bcb6238b77a7b6019e49264 4 1 71 207108.238555
TRANSACTION 1587190006.060255 517ed4a5657089e7c1b944b3f9efefb7 1 5 89 207108.246133
TRANSACTION 1587190006.088533 a065478c1ba2893c549fda3bbb7dbed8 5 6 291 207108.249180
TRANSACTION 1587190006.518889 f9522a5d39d0751189d7fd8e0f1ffb82 6 5 30 207108.249188
TRANSACTION 1587190006.387441 ce131dd01744df63c79fe07d14a2bdb7 1 5 198 207108.265894
TRANSACTION 1587190006.239843 3695d3560eb128a520c9c1b75948e931 2 5 131 207108.275669
TRANSACTION 1587190005.979359 340d784a17e994858c96389f9d8cbb17 2 1 137 207108.285182
TRANSACTION 1587190006.493417 00b8195bd9146dfce78d2ea984923f09 5 7 453 207108.292987
TRANSACTION 1587190006.525465 34fb0bb602700d3b9aa4a116ba713a31 3 8 17 207108.364654
TRANSACTION 1587190006.845755 05284cfe5bc4a9995ca13c3c72d26eb3 7 3 433 207108.364664
TRANSACTION 1587190007.001086 16a994a3dbda0a5ed6953f52d769ada9 3 9 51 207108.364767
TRANSACTION 1587190007.074403 7f669f162b94f0573a44631c3078de16 9 2 45 207108.439752
TRANSACTION 1587190007.127938 f78cede42a8f7cb7d54df01f20d20a3b 3 8 143 207108.491733
TRANSACTION 1587190007.188504 9a660a43c79fb93fec107b121c968e02 4 9 85 207108.553347
TRANSACTION 1587190007.242953 73531223ff2b1dba59accf55beb15a93 1 3 429 207108.607191
TRANSACTION 1587190007.265365 4dc8b8d82742695f2f77d12a53004441 2 8 1318 207108.638350
TRANSACTION 1587190007.273664 f2c4297f7959ea4b5fe51088806c7557 8 5 2507 207108.638361
TRANSACTION 1587190007.312984 d97d864b82099eada4ef17f0050ca013 7 6 16 207108.689290
TRANSACTION 1587190007.323417 4e8a44206c224c869d3d255ad9a7fe28 4 8 43 207108.689301
TRANSACTION 1587190007.353857 035da1977b2c5f49e4d4111fc6c552e3 9 10 11 207108.717747
TRANSACTION 1587190007.423774 a8613ad8a73ee8cb4a6b66dafe15efa1 8 3 114 207108.808151
TRANSACTION 1587190007.422320 eb5c2c662e9fd5f27912a42a5e508629 5 4 1065 207108.808161
TRANSACTION 1587190007.443091 49bc78ac0afd7bfe4142dd72e25ee419 2 9 316 207108.808165
TRANSACTION 1587190007.466430 974b07bb085aea82ddb5b3468902a86b 5 6 246 207108.863887
TRANSACTION 1587190007.472202 dba5a2226721ec6982feef54e9b5f6be 3 2 75 207108.863898
TRANSACTION 1587190007.482514 9eddabdf42a0a68003df4677e7bc2c02 8 7 1 207108.863901
TRANSACTION 1587190007.496830 362b86b9436f5485422dfc5e322d636b 5 2 620 207108.863904
TRANSACTION 1587190007.542199 aaa796a5e7d4497e425f75bb9fb27dfc 3 10 99 207108.907984
TRANSACTION 1587190007.650780 b76b188f281deb016e7932c486ee25df 9 5 114 207109.016197
TRANSACTION 1587190007.678200 c66a870663fa288a4cb55e8b23143800 3 7 455 207109.041857
TRANSACTION 1587190007.699520 91740dee9b2e66e14f8374292e4d7c56 0 6 753 207109.064438
TRANSACTION 1587190007.740889 b19c09ea3bbb1a92621d2fcb8afbc9ba 9 5 197 207109.106454
TRANSACTION 1587190007.796356 1d12066f20aa2e32bcd26c268fc9b359 10 5 106 207109.162870
TRANSACTION 1587190007.965948 0d19a24490f62110995fbd7e27ebdd5d 5 7 313 207109.340734
TRANSACTION 1587190007.973421 88a609df5893b1d7104fd6489dbecec9 6 7 473 207109.340745
TRANSACTION 1587190008.023864 366ebf1758e5ee64ce967710c51d5886 9 4 38 207109.390332
TRANSACTION 1587190008.044289 2ff1e5c3d08b428b20685e2a55d97214 2 3 372 207109.407395
TRANSACTION 1587190008.092738 12ef01f1e49ea6d8bf7b1955052675fd 9 11 15 207109.467186
TRANSACTION 1587190008.101129 788d8f182cf149fc0766803587166a5e 2 3 23 207109.467196
TRANSACTION 1587190008.252629 b1a556a1c942eddb6c92f202db7f963a 9 5 29 207109.617813
TRANSACTION 1587190008.272049 b723986204e88322b1df33ac3901eaed 9 6 3 207109.634685
TRANSACTION 1587190008.291373 26621f3c68986c122c03b7296303d694 8 6 4 207109.653876
TRANSACTION 1587190008.385816 ffea4bc28366e3990ac0d4774012aa78 10 5 4 207109.751811
TRANSACTION 1587190008.681578 db1faf32fbd3bd0da9f8de433415cfe7 11 12 11 207110.059300
TRANSACTION 1587190008.697013 eb637c37440e98bc203e016a13f4806d 11 7 3 207110.059310
TRANSACTION 1587190008.713386 ece1fce8495e0a0fa9cc190f57e540ce 10 9 7 207110.062272
TRANSACTION 1587190008.771802 9ff75fb9534e45b31775e4a2dd685821 11 5 1 207110.136026
TRANSACTION 1587190008.864313 fe6734177efd789c58543647780d8b77 3 13 238 207110.228341
TRANSACTION 1587190008.990905 9582c8aa9db86180dba30219dd69e1a0 13 14 177 207110.355439
TRANSACTION 1587190009.044404 b0415855326b5ec6cbf6673019329a50 1 9 466 207110.408763
TRANSACTION 1587190009.075822 8ff1d752808b4bb49b973c7759a5ba1d 7 11 631 207110.438925
TRANSACTION 1587190009.144252 879b1c944bb424a3dd0c7d769eae9108 11 2 209 207110.508940
TRANSACTION 1587190009.288825 1dcf17edd49f09aa065337bdf9171398 2 6 224 207110.654414
TRANSACTION 1587190009.366313 ca897c6482bf92898787223d0d484a50 2 6 134 207110.740343
TRANSACTION 1587190009.373779 8194294fdd8ca96d56e9fa1c1f48061a 1 2 46 207110.740354
TRANSACTION 1587190009.462239 03c4de758f6d6f70f3c4bbaa3b675f6d 3 13 124 207110.827701
TRANSACTION 1587190009.502724 80f26ada1ec2871c2baaea681890215f 6 9 778 207110.866296
TRANSACTION 1587190009.571203 ee8e8a9a241e87f5e384da9d569db64c 9 13 227 207110.937650
TRANSACTION 1587190009.641711 39a38e99c3277dc646cad4b7b7bc9b4b 1 3 183 207111.007028
TRANSACTION 1587190009.679143 b630dbf81206d77dbe8cddec825b7996 4 7 302 207111.042575
TRANSACTION 1587190009.724550 58bb037cd30b9e6c49c3da913e6abb18 12 15 1 207111.088894
TRANSACTION 1587190009.852087 5a813674c0e94c0a7d466a5be6cae509 8 14 1 207111.229125
TRANSACTION 1587190009.862521 5333fac3a33deb4bd602e1c8d2a34637 12 10 5 207111.229135
TRANSACTION 1587190009.881821 dc3b4f3b26d900123f48d6ef16e46c7c 5 1 280 207111.243781
TRANSACTION 1587190009.885121 9ac844c4c5307244e53ef2a02b1931e2 1 7 215 207111.243908
TRANSACTION 1587190009.967541 2206593f7edc8d601ecd147ca70b42a0 15 6 1 207111.344352
TRANSACTION 1587190009.979982 6be18ee82c31519f73269a9f9cb9c393 4 13 223 207111.344362
TRANSACTION 1587190010.007350 b369760a07d3c40c959b1751f7aab853 0 3 96 207111.370384
TRANSACTION 1587190010.052709 e85454b8bf52fd53b80d5dc710db96fc 5 8 242 207111.426767
TRANSACTION 1587190010.058053 275306193402d92d48c8ad4ce5a26f98 0 13 674 207111.426776
TRANSACTION 1587190010.195535 d4ceec5dec25d91c7a174445ef0806c6 13 2 1253 207111.561455
TRANSACTION 1587190010.269053 cc6aaa2d66172c119953fc32113104b3 11 7 145 207111.634633
TRANSACTION 1587190010.326525 c780ff449cb899ff3cb4cd3f5ba1994c 11 8 15 207111.692394
TRANSACTION 1587190010.396012 222194d2a63f2c178086f5e4af12149a 7 15 323 207111.771474
TRANSACTION 1587190010.406410 27217e366c17a0f50a5c25e8f79de66e 11 1 107 207111.771485
TRANSACTION 1587190010.449770 68bf6d38d93803d690c912d75cfe17ac 3 14 294 207111.814127
TRANSACTION 1587190010.494227 b93081aa362a7c08c859c53082a5e421 8 10 61 207111.910149
TRANSACTION 1587190010.509611 f4bc2f35a76f67e6b971018b875a5d7c 11 14 38 207111.910160
TRANSACTION 1587190010.514935 4e2493ed5b824652cfaf61fb2ab220b7 15 14 279 207111.910163
TRANSACTION 1587190010.515141 03b85fcb9ca549c2aa9d0bf5b6e34000 9 11 852 207111.910166
TRANSACTION 1587190010.535421 b1299a2cb016ac714618115067e19e2d 8 4 173 207111.910168
TRANSACTION 1587190010.542743 cb8cbfc536a0af07c4a04dd0258df4bd 5 3 178 207111.910171
TRANSACTION 1587190010.699290 bc0842161e6547509200d71ca0b3a5a0 14 1 29 207112.064265
TRANSACTION 1587190011.509712 5ba1b98184ffc0f1f554b73af0c298dc 3 1 260 207112.858705
TRANSACTION 1587190014.223663 eef7003eabaf5dcb6133a2fa73aaa711 15 4 607 207115.572635
TRANSACTION 1587190017.200528 a2fab480f5f6ff1f76713e5d9e28e72c 5 19 7 207118.549496
TRANSACTION 1587190017.689931 f672640abc3d34ee2c9d288970b00cf9 1 6 61 207119.038840
TRANSACTION 1587190017.870237 52e7c6fd508a49d73ccdbd65af206ca2 5 22 10 207119.219284
TRANSACTION 1587190032.486351 7baac4efa8c77673acd330b1d5870d84 24 29 49 207133.835470
TRANSACTION 1587190039.288112 4acb41f84217a7e388f69e0633dc5643 29 13 224 207140.637175
TRANSACTION 1587190044.320117 3d04ff02630a6a4720f9f2956d753d7c 4 28 47 207145.669161
TRANSACTION 1587190048.825351 559061381dd4b8da2352c117c2c05abf 2 10 313 207150.174556
TRANSACTION 1587190051.015505 79c062cd6af4c5f289a28c724995ec71 35 29 82 207152.364559
TRANSACTION 1587190060.838059 7fc91a7fd8944f9f7997f20179db51ab 44 3 154 207162.187070
TRANSACTION 1587190063.725751 aab9b42746252ca03af5e5d8e4782a22 3 5 117 207165.074859
TRANSACTION 1587190066.496650 3b61ab1fb4f1e8f8ff97c15ffe1c37d7 14 22 30 207167.845708
TRANSACTION 1587190071.802344 4556516a60c4708ce9336704ec6ed8ef 27 7 229 207173.151500
TRANSACTION 1587190072.613934 2e97cd4c04b00e90a9a3999f8629767a 3 7 18 207173.963068
TRANSACTION 1587190075.583206 29fb1003bebc33d88da807bfbd6ae8b7 6 39 258 207176.932319
TRANSACTION 1587190077.103982 9a5e4a91bc32fb65a9d9d0c55c4ec08d 16 32 178 207178.453151
TRANSACTION 1587190078.273027 b787c3ef6cdc7738589f418e9626080d 46 36 33 207179.622159
TRANSACTION 1587190078.275688 058dfa7ca5b28c868256ed50d2781482 6 17 654 207179.624619
TRANSACTION 1587190086.426265 80fdaed1b86fdaa5c0786f383082d903 42 21 256 207187.775463
TRANSACTION 1587190087.979803 bbc28fa19f0aa80f40ad6fa6b15e5020 32 15 1412 207189.328896
TRANSACTION 1587190089.789016 21dca07286ae2c96b15188e6319a67e9 6 17 436 207191.138160
TRANSACTION 1587190090.308647 86985a1b2d070bfd4f82ca5958a33f7a 29 49 1908 207191.657797
TRANSACTION 1587190093.497684 c4e723d569e656237f09cd1b6f5d3460 21 14 39 207194.846920
TRANSACTION 1587190103.505461 d8d85e4396f88d9e667190a06ae32d80 3 27 2 207204.854822
TRANSACTION 1587190111.354547 b9ef044d9038d460248c7247158e44f6 38 61 24 207212.703612
TRANSACTION 1587190115.727839 ae91636caee051831a493b500f7e06b5 34 7 118 207217.077074
TRANSACTION 1587190122.256583 297e9b417ef3d05fd4c6112ad6cf042c 41 55 1292 207223.605601
TRANSACTION 1587190126.324231 c8486f3fea21dd2aaedc9b8a34de064a 2 14 778 207227.673424
TRANSACTION 1587190128.885701 a0220ec895b3c7f6263c8435accc9ae4 53 5 44 207230.234751
TRANSACTION 1587190134.892396 f3f2502a38a82f3db68a5f94bd4158a4 46 58 1 207236.241598
TRANSACTION 1587190151.184765 b67fd93c186775f8bda250923385203d 60 33 1 207252.533914
TRANSACTION 1587190153.395862 38bdb809c7f916e79f3646b4ae184fc3 50 67 227 207254.744913
TRANSACTION 1587190154.212076 aa4c394e9d1e827ebc6c537ce6a160d9 68 2 5 207255.561103
TRANSACTION 1587190156.544094 1692d7ee8de7b1ad9cfdcbd2ce349596 74 73 6 207257.893111
TRANSACTION 1587190163.933388 5e59f474c6264ab3d963059330dd41c4 19 9 63 207265.282544
TRANSACTION 1587190167.255056 d5dcd84e813480b098fa6c572f6c373a 41 53 57 207268.605290
TRANSACTION 1587190169.597436 e113e8a434e5ac3e6f5d565f24609513 78 41 867 207270.946600
TRANSACTION 1587190170.605757 017040520f83e6effd88efb3375b9eed 2 27 209 207271.954799
TRANSACTION 1587190173.234152 1e4616b63df3cde9f7952aedee3d06ca 67 71 60 207274.583346
TRANSACTION 1587190175.951475 b457dc253e9a157002309ce3fccb8262 46 17 29 207277.300714
TRANSACTION 1587190177.820066 7194445dfa1b22d66959742fd88e5578 4 53 1 207279.169285
TRANSACTION 1587190184.200068 acc55ff9d4f24d503fe567f40deecbad 67 66 128 207285.549152
TRANSACTION 1587190184.305577 0ed17574a5f7c9ffa8d2aa5c059c725e 56 85 17 207285.654781
TRANSACTION 1587190185.236657 0e45bafd60b4f446577f8c1086cdd2a3 54 67 8 207286.585924
TRANSACTION 1587190188.957327 f3c95d4ccdba7fb01cc4975f640915c9 32 79 708 207290.306489
TRANSACTION 1587190192.452055 5a5880e6adcb833bcd42e542999cd009 18 53 84 207293.801246
TRANSACTION 1587190201.086928 333451902c4d96dfa790dd61870ce050 11 65 4 207302.436166
TRANSACTION 1587190203.297164 185ae8d027b6853ede00c5271d4cac1e 23 20 97 207304.646490
TRANSACTION 1587190208.473695 16ac80c3eb5f8ed3f8d59fade5d53e38 1 74 171 207309.822812
TRANSACTION 1587190210.249321 9c1450d0306fdf584bebb7e27af6e7de 38 45 51 207311.598422
