TRANSACTION 1587190006.176300 b0ecf6a1394b275dbc88e3b04825e436 5 2 91 207108.244218
TRANSACTION 1587190006.060255 517ed4a5657089e7c1b944b3f9efefb7 1 5 89 207108.245652
TRANSACTION 1587190006.088533 a065478c1ba2893c549fda3bbb7dbed8 5 6 291 207108.248509
TRANSACTION 1587190006.518889 f9522a5d39d0751189d7fd8e0f1ffb82 6 5 30 207108.248517
TRANSACTION 1587190006.387441 ce131dd01744df63c79fe07d14a2bdb7 1 5 198 207108.262649
TRANSACTION 1587190006.239843 3695d3560eb128a520c9c1b75948e931 2 5 131 207108.272158
TRANSACTION 1587190005.979359 340d784a17e994858c96389f9d8cbb17 2 1 137 207108.280388
TRANSACTION 1587190006.493417 00b8195bd9146dfce78d2ea984923f09 5 7 453 207108.289362
TRANSACTION 1587190006.525465 34fb0bb602700d3b9aa4a116ba713a31 3 8 17 207108.346095
TRANSACTION 1587190006.845755 05284cfe5bc4a9995ca13c3c72d26eb3 7 3 433 207108.346107
TRANSACTION 1587190007.001086 16a994a3dbda0a5ed6953f52d769ada9 3 9 51 207108.365487
TRANSACTION 1587190007.074403 7f669f162b94f0573a44631c3078de16 9 2 45 207108.435185
TRANSACTION 1587190007.127938 f78cede42a8f7cb7d54df01f20d20a3b 3 8 143 207108.488664
TRANSACTION 1587190007.188504 9a660a43c79fb93fec107b121c968e02 4 9 85 207108.550040
TRANSACTION 1587190007.242953 73531223ff2b1dba59accf55beb15a93 1 3 429 207108.603486
TRANSACTION 1587190007.265365 4dc8b8d82742695f2f77d12a53004441 2 8 1318 207108.633172
TRANSACTION 1587190007.273664 f2c4297f7959ea4b5fe51088806c7557 8 5 2507 207108.633182
TRANSACTION 1587190007.312984 d97d864b82099eada4ef17f0050ca013 7 6 16 207108.681908
TRANSACTION 1587190007.323417 4e8a44206c224c869d3d255ad9a7fe28 4 8 43 207108.681983
TRANSACTION 1587190007.353857 035da1977b2c5f49e4d4111fc6c552e3 9 10 11 207108.714405
TRANSACTION 1587190007.423774 a8613ad8a73ee8cb4a6b66dafe15efa1 8 3 114 207108.789077
TRANSACTION 1587190007.422320 eb5c2c662e9fd5f27912a42a5e508629 5 4 1065 207108.789088
TRANSACTION 1587190007.443091 49bc78ac0afd7bfe4142dd72e25ee419 2 9 316 207108.805400
TRANSACTION 1587190007.466430 974b07bb085aea82ddb5b3468902a86b 5 6 246 207108.845662
TRANSACTION 1587190007.472202 dba5a2226721ec6982feef54e9b5f6be 3 2 75 207108.845673
TRANSACTION 1587190007.482514 9eddabdf42a0a68003df4677e7bc2c02 8 7 1 207108.845676
TRANSACTION 1587190007.496830 362b86b9436f5485422dfc5e322d636b 5 2 620 207108.865651
TRANSACTION 1587190007.542199 aaa796a5e7d4497e425f75bb9fb27dfc 3 10 99 207108.905023
TRANSACTION 1587190007.650780 b76b188f281deb016e7932c486ee25df 9 5 114 207109.013077
TRANSACTION 1587190007.678200 c66a870663fa288a4cb55e8b23143800 3 7 455 207109.039083
TRANSACTION 1587190007.699520 91740dee9b2e66e14f8374292e4d7c56 0 6 753 207109.061272
TRANSACTION 1587190007.740889 b19c09ea3bbb1a92621d2fcb8afbc9ba 9 5 197 207109.102926
TRANSACTION 1587190007.796356 1d12066f20aa2e32bcd26c268fc9b359 10 5 106 207109.159653
TRANSACTION 1587190007.965948 0d19a24490f62110995fbd7e27ebdd5d 5 7 313 207109.335709
TRANSACTION 1587190007.973421 88a609df5893b1d7104fd6489dbecec9 6 7 473 207109.335719
TRANSACTION 1587190008.023864 366ebf1758e5ee64ce967710c51d5886 9 4 38 207109.386615
TRANSACTION 1587190008.044289 2ff1e5c3d08b428b20685e2a55d97214 2 3 372 207109.403926
TRANSACTION 1587190008.092738 12ef01f1e49ea6d8bf7b1955052675fd 9 11 15 207109.462028
TRANSACTION 1587190008.101129 788d8f182cf149fc0766803587166a5e 2 3 23 207109.462038
TRANSACTION 1587190008.252629 b1a556a1c942eddb6c92f202db7f963a 9 5 29 207109.614396
TRANSACTION 1587190008.272049 b723986204e88322b1df33ac3901eaed 9 6 3 207109.631685
TRANSACTION 1587190008.291373 26621f3c68986c122c03b7296303d694 8 6 4 207109.651168
TRANSACTION 1587190008.385816 ffea4bc28366e3990ac0d4774012aa78 10 5 4 207109.748694
TRANSACTION 1587190008.681578 db1faf32fbd3bd0da9f8de433415cfe7 11 12 11 207110.043317
TRANSACTION 1587190008.697013 eb637c37440e98bc203e016a13f4806d 11 7 3 207110.056480
TRANSACTION 1587190008.713386 ece1fce8495e0a0fa9cc190f57e540ce 10 9 7 207110.073097
TRANSACTION 1587190008.771802 9ff75fb9534e45b31775e4a2dd685821 11 5 1 207110.133133
TRANSACTION 1587190008.864313 fe6734177efd789c58543647780d8b77 3 13 238 207110.225506
TRANSACTION 1587190008.990905 9582c8aa9db86180dba30219dd69e1a0 13 14 177 207110.352485
TRANSACTION 1587190009.044404 b0415855326b5ec6cbf6673019329a50 1 9 466 207110.405810
TRANSACTION 1587190009.075822 8ff1d752808b4bb49b973c7759a5ba1d 7 11 631 207110.435959
TRANSACTION 1587190009.144252 879b1c944bb424a3dd0c7d769eae9108 11 2 209 207110.506073
TRANSACTION 1587190009.288825 1dcf17edd49f09aa065337bdf9171398 2 6 224 207110.650896
TRANSACTION 1587190009.366313 ca897c6482bf92898787223d0d484a50 2 6 134 207110.735944
TRANSACTION 1587190009.373779 8194294fdd8ca96d56e9fa1c1f48061a 1 2 46 207110.735954
TRANSACTION 1587190009.462239 03c4de758f6d6f70f3c4bbaa3b675f6d 3 13 124 207110.824297
TRANSACTION 1587190009.502724 80f26ada1ec2871c2baaea681890215f 6 9 778 207110.863234
TRANSACTION 1587190009.571203 ee8e8a9a241e87f5e384da9d569db64c 9 13 227 207110.934114
TRANSACTION 1587190009.641711 39a38e99c3277dc646cad4b7b7bc9b4b 1 3 183 207111.003521
TRANSACTION 1587190009.679143 b630dbf81206d77dbe8cddec825b7996 4 7 302 207111.039489
TRANSACTION 1587190009.724550 58bb037cd30b9e6c49c3da913e6abb18 12 15 1 207111.085634
TRANSACTION 1587190009.852087 5a813674c0e94c0a7d466a5be6cae509 8 14 1 207111.213561
TRANSACTION 1587190009.862521 5333fac3a33deb4bd602e1c8d2a34637 12 10 5 207111.225979
TRANSACTION 1587190009.881821 dc3b4f3b26d900123f48d6ef16e46c7c 5 1 280 207111.240875
TRANSACTION 1587190009.885121 9ac844c4c5307244e53ef2a02b1931e2 1 7 215 207111.254454
TRANSACTION 1587190009.967541 2206593f7edc8d601ecd147ca70b42a0 15 6 1 207111.316543
TRANSACTION 1587190009.979982 6be18ee82c31519f73269a9f9cb9c393 4 13 223 207111.340678
TRANSACTION 1587190010.007350 b369760a07d3c40c959b1751f7aab853 0 3 96 207111.367365
TRANSACTION 1587190010.052709 e85454b8bf52fd53b80d5dc710db96fc 5 8 242 207111.421800
TRANSACTION 1587190010.058053 275306193402d92d48c8ad4ce5a26f98 0 13 674 207111.421810
TRANSACTION 1587190010.195535 d4ceec5dec25d91c7a174445ef0806c6 13 2 1253 207111.558459
TRANSACTION 1587190010.269053 cc6aaa2d66172c119953fc32113104b3 11 7 145 207111.631424
TRANSACTION 1587190010.326525 c780ff449cb899ff3cb4cd3f5ba1994c 11 8 15 207111.689112
TRANSACTION 1587190010.396012 222194d2a63f2c178086f5e4af12149a 7 15 323 207111.767723
TRANSACTION 1587190010.406410 27217e366c17a0f50a5c25e8f79de66e 11 1 107 207111.767733
TRANSACTION 1587190010.449770 68bf6d38d93803d690c912d75cfe17ac 3 14 294 207111.811216
TRANSACTION 1587190010.494227 b93081aa362a7c08c859c53082a5e421 8 10 61 207111.856266
TRANSACTION 1587190010.509611 f4bc2f35a76f67e6b971018b875a5d7c 11 14 38 207111.883498
TRANSACTION 1587190010.514935 4e2493ed5b824652cfaf61fb2ab220b7 15 14 279 207111.883508
TRANSACTION 1587190010.515141 03b85fcb9ca549c2aa9d0bf5b6e34000 9 11 852 207111.883511
TRANSACTION 1587190010.535421 b1299a2cb016ac714618115067e19e2d 8 4 173 207111.907104
TRANSACTION 1587190010.542743 cb8cbfc536a0af07c4a04dd0258df4bd 5 3 178 207111.907114
TRANSACTION 1587190010.699290 bc0842161e6547509200d71ca0b3a5a0 14 1 29 207112.061422
TRANSACTION 1587190010.715740 1919db850bbc53557b68ab5621e865b8 1 12 78 207112.075919
TRANSACTION 1587190010.762090 b70e36b05728f147650734e767e2461d 1 11 10 207112.134701
TRANSACTION 1587190010.772435 400851c4215fbf9fee4fc379f46b1299 5 3 28 207112.134711
TRANSACTION 1587190010.817798 f08a1ac25a9e1ebaf33f04314924f710 15 9 16 207112.180115
TRANSACTION 1587190010.867247 6934053aee470f972514e21ea59c2dce 0 3 578 207112.236244
TRANSACTION 1587190010.872710 034aacb3cfd6755afd78df707306e8ae 15 7 11 207112.236254
TRANSACTION 1587190010.905103 3d7659324baf075bff9c222d3f35b3ff 0 8 573 207112.266246
TRANSACTION 1587190011.004690 deb5198fbe4430fba5f91aacf6195b8c 8 2 343 207112.368025
TRANSACTION 1587190011.060292 593e24838971a1d1166e482e7431abfe 8 4 15 207112.422759
TRANSACTION 1587190011.272980 a78407d0b4ed2641f18cfa4fbb7206bf 4 13 178 207112.635130
TRANSACTION 1587190011.316638 9634b6763bbfc60460b60069c2ef4df1 7 15 554 207112.678112
TRANSACTION 1587190011.383264 39444d9515aec0439cc05e2b7f2a23ad 8 11 19 207112.745207
TRANSACTION 1587190011.443868 07d8abde015c8202f53469763d14b6c6 0 14 739 207112.792905
TRANSACTION 1587190011.447345 40f8ccfd6d1cab2374bb101844321a11 15 13 116 207112.812966
TRANSACTION 1587190011.509712 5ba1b98184ffc0f1f554b73af0c298dc 3 1 260 207112.871660
TRANSACTION 1587190011.527212 080ba8f8b9668c57a2f070366254ff2d 3 16 354 207112.887388
TRANSACTION 1587190011.816857 c34a5ec25b94c5683ac507332f79e31c 5 3 4 207113.190101
TRANSACTION 1587190011.829284 c0b9b716ee1348b7afcf7e80387ee2a1 11 17 251 207113.190111
TRANSACTION 1587190011.901720 b53b6b99b062d876c06da4764caf23d0 5 16 58 207113.264251
TRANSACTION 1587190020.866203 0ee12244a2ad2a2c3ae6275b68db5554 23 17 235 207122.215346
TRANSACTION 1587190021.339503 243423c485ebaa9e93dc740f4be76c8e 17 12 192 207122.688656
TRANSACTION 1587190033.437445 a91295acd0413e113634dd9dbb08afa9 24 2 338 207134.786452
TRANSACTION 1587190043.396302 3132627ab868cdd975a54cbf6898cbb8 13 31 24 207144.745456
TRANSACTION 1587190045.011393 d4b0b1d2db4befde5f2ce6cddf265d30 9 30 52 207146.360574
TRANSACTION 1587190050.844040 06c20796779dd983a982ed2ce4119294 22 20 13 207152.193176
TRANSACTION 1587190053.515803 ba8142e9cb32c7e0114e523db7c530b2 22 39 40 207154.864869
TRANSACTION 1587190057.271598 6d1bba27a1f912762be7d49b6341a415 36 44 1 207158.620605
TRANSACTION 1587190060.808374 e5536bbfbee0fd46de1db9894fd40429 44 5 354 207162.157466
TRANSACTION 1587190061.208051 2d8a6b92e7a16a993b99ce839581231e 22 30 542 207162.557263
TRANSACTION 1587190072.569543 581ac7f81163dedaa18483fc95d7618d 16 30 485 207173.918624
TRANSACTION 1587190075.531489 95df38292e862437bc0b00d4b451d476 0 4 457 207176.880600
TRANSACTION 1587190081.469363 e24f2354131616fffb2a4b94d5aa5d57 1 4 43 207182.818421
TRANSACTION 1587190085.258452 867fcd213b4fd928313c49b3adc4831e 39 32 1591 207186.608088
TRANSACTION 1587190087.926872 3dfe2338079220aee4d06da3b93a0664 31 42 31 207189.275969
TRANSACTION 1587190088.076283 11d2cab2e548b8c702de73984fe0e6d7 7 14 1 207189.425442
TRANSACTION 1587190088.081698 296b53c9c526a12f8380a48e174986f5 11 38 371 207189.430628
TRANSACTION 1587190090.349050 6c1c0149d01bc9c8c0c1001492211ef0 38 51 928 207191.698155
TRANSACTION 1587190097.321231 0f8d816d06e0956c286bd1b6573d5101 22 40 11 207198.670413
TRANSACTION 1587190102.449255 cc92c9f8afa539b1198546186b4efd49 25 57 80 207203.798294
TRANSACTION 1587190105.285987 a0cd69d58f27552db30b6f3abdd0b84b 18 50 34 207206.635324
TRANSACTION 1587190105.653112 ca9242957ebfa538645c6e699ad37049 5 17 462 207207.002295
TRANSACTION 1587190108.169746 608172d70466216af3119a6300710e38 43 31 96 207209.518848
TRANSACTION 1587190120.076827 8f75e3ccfc183a4a27dfee1d44245f2b 38 51 98 207221.426546
TRANSACTION 1587190123.055153 e03179b61bc86f7af9a88de54d2dae7a 15 6 81 207224.404531
TRANSACTION 1587190135.698767 64f537001d38cf786accc05d50fee934 32 59 1370 207237.047942
TRANSACTION 1587190140.621272 5453f774b902d05cd78eef8ca9177ff4 37 17 19 207241.970317
TRANSACTION 1587190142.713766 f79b77a41c47dc8efa104eb57e355b54 48 36 2352 207244.062799
TRANSACTION 1587190144.847195 cb767231cae2c6d8b7cf5137c6f40975 4 33 23 207246.196374
TRANSACTION 1587190145.562634 6692ee34b1c440572c9ac5959be9a3bb 47 11 19 207246.911924
TRANSACTION 1587190152.804932 e895ee29653006b2b1c79f94eb8bd3a4 21 76 198 207254.153997
TRANSACTION 1587190162.777083 a08e2e02dbdd1adf9ec076b6e49405c3 71 59 22 207264.126167
TRANSACTION 1587190164.476164 eb312c2dec5e9eb287f85b683fe3b7a5 7 36 22 207265.825196
TRANSACTION 1587190174.370573 5f9d0bb803d5252eff5272a331d1651b 49 24 1 207275.719787
TRANSACTION 1587190182.534466 4bc25c76c8fa166743896c67f033996d 36 15 323 207283.883606
TRANSACTION 1587190192.080540 7cc1563b843a6f15b11bf58437804c68 79 72 11 207293.429710
TRANSACTION 1587190193.227892 d92194e162da59689e33a7648cf6fb9b 78 47 85 207294.577358
TRANSACTION 1587190206.062492 f5d9a36d6a8471b5434aa1dacba906a4 37 88 35 207307.411860
