TRANSACTION 1587190006.569808 8ee649cd4a41f37a0ee5e69dfc1c0e6f 0 4 237 207108.376789
TRANSACTION 1587190007.074403 7f669f162b94f0573a44631c3078de16 9 2 45 207108.431542
TRANSACTION 1587190007.127938 f78cede42a8f7cb7d54df01f20d20a3b 3 8 143 207108.484443
TRANSACTION 1587190007.188504 9a660a43c79fb93fec107b121c968e02 4 9 85 207108.545546
TRANSACTION 1587190007.242953 73531223ff2b1dba59accf55beb15a93 1 3 429 207108.598529
TRANSACTION 1587190007.265365 4dc8b8d82742695f2f77d12a53004441 2 8 1318 207108.619504
TRANSACTION 1587190007.273664 f2c4297f7959ea4b5fe51088806c7557 8 5 2507 207108.627476
TRANSACTION 1587190007.312984 d97d864b82099eada4ef17f0050ca013 7 6 16 207108.662024
TRANSACTION 1587190007.323417 4e8a44206c224c869d3d255ad9a7fe28 4 8 43 207108.678311
TRANSACTION 1587190007.353857 035da1977b2c5f49e4d4111fc6c552e3 9 10 11 207108.706821
TRANSACTION 1587190007.422320 eb5c2c662e9fd5f27912a42a5e508629 5 4 1065 207108.772807
TRANSACTION 1587190007.423774 a8613ad8a73ee8cb4a6b66dafe15efa1 8 3 114 207108.777953
TRANSACTION 1587190007.443091 49bc78ac0afd7bfe4142dd72e25ee419 2 9 316 207108.794203
TRANSACTION 1587190007.466430 974b07bb085aea82ddb5b3468902a86b 5 6 246 207108.816550
TRANSACTION 1587190007.472202 dba5a2226721ec6982feef54e9b5f6be 3 2 75 207108.829442
TRANSACTION 1587190007.482514 9eddabdf42a0a68003df4677e7bc2c02 8 7 1 207108.838226
TRANSACTION 1587190007.496830 362b86b9436f5485422dfc5e322d636b 5 2 620 207108.850725
TRANSACTION 1587190007.542199 aaa796a5e7d4497e425f75bb9fb27dfc 3 10 99 207108.895697
TRANSACTION 1587190007.650780 b76b188f281deb016e7932c486ee25df 9 5 114 207108.999851
TRANSACTION 1587190007.678200 c66a870663fa288a4cb55e8b23143800 3 7 455 207109.028185
TRANSACTION 1587190007.699520 91740dee9b2e66e14f8374292e4d7c56 0 6 753 207109.051095
TRANSACTION 1587190007.740889 b19c09ea3bbb1a92621d2fcb8afbc9ba 9 5 197 207109.092967
TRANSACTION 1587190007.796356 1d12066f20aa2e32bcd26c268fc9b359 10 5 106 207109.145268
TRANSACTION 1587190007.965948 0d19a24490f62110995fbd7e27ebdd5d 5 7 313 207109.318149
TRANSACTION 1587190007.973421 88a609df5893b1d7104fd6489dbecec9 6 7 473 207109.325244
TRANSACTION 1587190008.023864 366ebf1758e5ee64ce967710c51d5886 9 4 38 207109.376650
TRANSACTION 1587190008.044289 2ff1e5c3d08b428b20685e2a55d97214 2 3 372 207109.396116
TRANSACTION 1587190008.092738 12ef01f1e49ea6d8bf7b1955052675fd 9 11 15 207109.446427
TRANSACTION 1587190008.101129 788d8f182cf149fc0766803587166a5e 2 3 23 207109.450280
TRANSACTION 1587190008.252629 b1a556a1c942eddb6c92f202db7f963a 9 5 29 207109.604805
TRANSACTION 1587190008.272049 b723986204e88322b1df33ac3901eaed 9 6 3 207109.624724
TRANSACTION 1587190008.291373 26621f3c68986c122c03b7296303d694 8 6 4 207109.642838
TRANSACTION 1587190008.385816 ffea4bc28366e3990ac0d4774012aa78 10 5 4 207109.738293
TRANSACTION 1587190008.681578 db1faf32fbd3bd0da9f8de433415cfe7 11 12 11 207110.033976
TRANSACTION 1587190008.697013 eb637c37440e98bc203e016a13f4806d 11 7 3 207110.047086
TRANSACTION 1587190008.713386 ece1fce8495e0a0fa9cc190f57e540ce 10 9 7 207110.065020
TRANSACTION 1587190008.771802 9ff75fb9534e45b31775e4a2dd685821 11 5 1 207110.120965
TRANSACTION 1587190008.864313 fe6734177efd789c58543647780d8b77 3 13 238 207110.217687
TRANSACTION 1587190008.990905 9582c8aa9db86180dba30219dd69e1a0 13 14 177 207110.343359
TRANSACTION 1587190009.044404 b0415855326b5ec6cbf6673019329a50 1 9 466 207110.395180
TRANSACTION 1587190009.075822 8ff1d752808b4bb49b973c7759a5ba1d 7 11 631 207110.427445
TRANSACTION 1587190009.144252 879b1c944bb424a3dd0c7d769eae9108 11 2 209 207110.496881
TRANSACTION 1587190009.288825 1dcf17edd49f09aa065337bdf9171398 2 6 224 207110.640853
TRANSACTION 1587190009.366313 ca897c6482bf92898787223d0d484a50 2 6 134 207110.718316
TRANSACTION 1587190009.373779 8194294fdd8ca96d56e9fa1c1f48061a 1 2 46 207110.725599
TRANSACTION 1587190009.462239 03c4de758f6d6f70f3c4bbaa3b675f6d 3 13 124 207110.816027
TRANSACTION 1587190009.502724 80f26ada1ec2871c2baaea681890215f 6 9 778 207110.853895
TRANSACTION 1587190009.571203 ee8e8a9a241e87f5e384da9d569db64c 9 13 227 207110.924027
TRANSACTION 1587190009.641711 39a38e99c3277dc646cad4b7b7bc9b4b 1 3 183 207110.994717
TRANSACTION 1587190009.679143 b630dbf81206d77dbe8cddec825b7996 4 7 302 207111.032061
TRANSACTION 1587190009.724550 58bb037cd30b9e6c49c3da913e6abb18 12 15 1 207111.076934
TRANSACTION 1587190009.852087 5a813674c0e94c0a7d466a5be6cae509 8 14 1 207111.201799
TRANSACTION 1587190009.862521 5333fac3a33deb4bd602e1c8d2a34637 12 10 5 207111.218098
TRANSACTION 1587190009.881821 dc3b4f3b26d900123f48d6ef16e46c7c 5 1 280 207111.232475
TRANSACTION 1587190009.885121 9ac844c4c5307244e53ef2a02b1931e2 1 7 215 207111.244858
TRANSACTION 1587190009.967541 2206593f7edc8d601ecd147ca70b42a0 15 6 1 207111.320084
TRANSACTION 1587190009.979982 6be18ee82c31519f73269a9f9cb9c393 4 13 223 207111.329760
TRANSACTION 1587190010.007350 b369760a07d3c40c959b1751f7aab853 0 3 96 207111.359365
TRANSACTION 1587190010.052709 e85454b8bf52fd53b80d5dc710db96fc 5 8 242 207111.407626
TRANSACTION 1587190010.058053 275306193402d92d48c8ad4ce5a26f98 0 13 674 207111.413086
TRANSACTION 1587190010.195535 d4ceec5dec25d91c7a174445ef0806c6 13 2 1253 207111.546804
TRANSACTION 1587190010.269053 cc6aaa2d66172c119953fc32113104b3 11 7 145 207111.619685
TRANSACTION 1587190010.326525 c780ff449cb899ff3cb4cd3f5ba1994c 11 8 15 207111.675517
TRANSACTION 1587190010.396012 222194d2a63f2c178086f5e4af12149a 7 15 323 207111.749669
TRANSACTION 1587190010.406410 27217e366c17a0f50a5c25e8f79de66e 11 1 107 207111.759464
TRANSACTION 1587190010.449770 68bf6d38d93803d690c912d75cfe17ac 3 14 294 207111.801979
TRANSACTION 1587190010.494227 b93081aa362a7c08c859c53082a5e421 8 10 61 207111.843308
TRANSACTION 1587190010.509611 f4bc2f35a76f67e6b971018b875a5d7c 11 14 38 207111.861588
TRANSACTION 1587190010.514935 4e2493ed5b824652cfaf61fb2ab220b7 15 14 279 207111.868450
TRANSACTION 1587190010.515141 03b85fcb9ca549c2aa9d0bf5b6e34000 9 11 852 207111.870300
TRANSACTION 1587190010.535421 b1299a2cb016ac714618115067e19e2d 8 4 173 207111.888885
TRANSACTION 1587190010.542743 cb8cbfc536a0af07c4a04dd0258df4bd 5 3 178 207111.894373
TRANSACTION 1587190010.699290 bc0842161e6547509200d71ca0b3a5a0 14 1 29 207112.052187
TRANSACTION 1587190010.715740 1919db850bbc53557b68ab5621e865b8 1 12 78 207112.067666
TRANSACTION 1587190010.762090 b70e36b05728f147650734e767e2461d 1 11 10 207112.111364
TRANSACTION 1587190010.772435 400851c4215fbf9fee4fc379f46b1299 5 3 28 207112.125911
TRANSACTION 1587190010.817798 f08a1ac25a9e1ebaf33f04314924f710 15 9 16 207112.172080
TRANSACTION 1587190010.867247 6934053aee470f972514e21ea59c2dce 0 3 578 207112.221177
TRANSACTION 1587190010.872710 034aacb3cfd6755afd78df707306e8ae 15 7 11 207112.227447
TRANSACTION 1587190010.905103 3d7659324baf075bff9c222d3f35b3ff 0 8 573 207112.258736
TRANSACTION 1587190011.004690 deb5198fbe4430fba5f91aacf6195b8c 8 2 343 207112.359160
TRANSACTION 1587190011.060292 593e24838971a1d1166e482e7431abfe 8 4 15 207112.409338
TRANSACTION 1587190011.272980 a78407d0b4ed2641f18cfa4fbb7206bf 4 13 178 207112.623775
TRANSACTION 1587190011.316638 9634b6763bbfc60460b60069c2ef4df1 7 15 554 207112.668708
TRANSACTION 1587190011.383264 39444d9515aec0439cc05e2b7f2a23ad 8 11 19 207112.736971
TRANSACTION 1587190011.443868 07d8abde015c8202f53469763d14b6c6 0 14 739 207112.795074
TRANSACTION 1587190011.447345 40f8ccfd6d1cab2374bb101844321a11 15 13 116 207112.803838
TRANSACTION 1587190011.509712 5ba1b98184ffc0f1f554b73af0c298dc 3 1 260 207112.863868
TRANSACTION 1587190011.527212 080ba8f8b9668c57a2f070366254ff2d 3 16 354 207112.880504
TRANSACTION 1587190011.816857 c34a5ec25b94c5683ac507332f79e31c 5 3 4 207113.170888
TRANSACTION 1587190011.829284 c0b9b716ee1348b7afcf7e80387ee2a1 11 17 251 207113.181059
TRANSACTION 1587190011.901720 b53b6b99b062d876c06da4764caf23d0 5 16 58 207113.256168
TRANSACTION 1587190012.022287 54c122b81bcaecf48a0ef344f64ac0a5 4 3 454 207113.376530
TRANSACTION 1587190012.064774 0d3b6c57524e2e275d43195750184343 5 4 8 207113.417114
TRANSACTION 1587190012.133249 e9fa3c24a08cbcffea40ee3452c77c25 0 16 439 207113.486111
TRANSACTION 1587190012.205786 6bf80274b379b99f51cb3b809b7a29b1 15 7 304 207113.559860
TRANSACTION 1587190012.227239 70282db9ae7d170483a1bc8eca7911fd 1 5 379 207113.580694
TRANSACTION 1587190012.230604 8151efd884ccac187f2adce73fc4cfa3 15 14 134 207113.581913
TRANSACTION 1587190012.385111 bf717e358da3131783477fef5de2a933 2 15 1084 207113.735985
TRANSACTION 1587190012.466671 46e02d354017b371dccd68ee4f250eaa 9 15 168 207113.821377
TRANSACTION 1587190012.793489 71ad3e627f502e6118b581463f5acc5e 8 17 116 207114.148048
TRANSACTION 1587190012.890059 6e02ab1d6bba9386e61c9de4c5db7d06 15 6 831 207114.244280
TRANSACTION 1587190012.927525 311b435f6d7b89bfdcd0472421d31f6f 14 15 1330 207114.281716
TRANSACTION 1587190013.044078 6f00cb497854b2bbcca4fb74d26b999e 10 7 21 207114.398763
TRANSACTION 1587190013.167852 77bd6a2c9ecf50a699ae19694ff1f5ba 8 11 56 207114.522942
TRANSACTION 1587190013.180264 6a10d03f26a4ba3636007c3c8c05ae97 11 7 496 207114.529574
TRANSACTION 1587190013.183615 abb456d3e1a3c8e66b9fb65c2d27ed77 4 9 138 207114.534385
TRANSACTION 1587190013.335376 b658e52a6a759fb7200d15866ee398d8 8 15 16 207114.689816
TRANSACTION 1587190013.463962 c8f8ad95626eec70868a75420a05f0bc 1 13 115 207114.818890
TRANSACTION 1587190013.467373 d088c5684e4c7d5194a3d9ab06f530ec 10 15 25 207114.830668
TRANSACTION 1587190013.505760 ff3b5d2b801d8bdc23f2bc291cbd47d7 13 9 281 207114.859958
TRANSACTION 1587190013.522163 6285e680c85270d9d0a28d1ebf7473fa 16 5 419 207114.875827
TRANSACTION 1587190013.556551 94e50c5615ae7728d038cfecb7a5dd64 3 12 452 207114.910805
TRANSACTION 1587190013.581993 11c55ca89cbbece3144c2cfe10ef417f 14 18 208 207114.935858
TRANSACTION 1587190013.655627 1039fc89ac1b769eb86c6cbd0d827784 14 19 21 207115.009763
TRANSACTION 1587190013.716145 018f962e26775557f6dd3ad1dc2058cc 17 9 73 207115.070523
TRANSACTION 1587190013.743618 6219e451f7b96063001a8b5b5d804c69 18 19 85 207115.096983
TRANSACTION 1587190013.877139 043d4a6759b023be0d9b60f961286d0e 15 7 1219 207115.231817
TRANSACTION 1587190014.005814 2222dbd9de66caba6b0973597229f6c8 14 19 9 207115.354801
TRANSACTION 1587190014.061321 73626fcfb5b0c44c6fefa98a1e550592 9 10 95 207115.416324
TRANSACTION 1587190014.183879 745297b573cf77a6dc7fd1267f73b10d 16 15 245 207115.533276
TRANSACTION 1587190014.200287 ddc08c947578ce8d7b7ef5917deb51a1 3 7 85 207115.554286
TRANSACTION 1587190014.223663 eef7003eabaf5dcb6133a2fa73aaa711 15 4 607 207115.577925
TRANSACTION 1587190014.236038 e6e3b92b866c0740e351ffa511c334f3 13 10 46 207115.589450
TRANSACTION 1587190014.263384 8d628ff341ec7da2d984e0c226aea4c7 14 6 10 207115.617127
TRANSACTION 1587190014.288762 a898dfb72b5265f25197e3e58d0b5f43 16 19 149 207115.642325
TRANSACTION 1587190014.488355 613e6ffafcc41babf58a9170eacca454 7 15 1380 207115.842682
TRANSACTION 1587190014.522814 68718858bac8b5b8e78596cfd0663624 2 17 510 207115.876451
TRANSACTION 1587190014.571248 9e47805ca3d6756d1ae19e962f537549 5 17 471 207115.925955
TRANSACTION 1587190014.644759 5898717b6b2964031a5cb7ac4cd5744b 6 15 775 207116.000529
TRANSACTION 1587190014.649167 4273cae0c0f4b9d6c0925b1d706c9aa8 8 3 14 207116.006906
TRANSACTION 1587190014.674516 18b3e75c71ff1a5da00289b906479769 19 3 194 207116.028449
TRANSACTION 1587190014.719916 b7afe65e236c83f71b5c77181cd3bd42 4 15 483 207116.075223
TRANSACTION 1587190014.869493 dac6b175b57db62e0206e5c25379dc3f 10 17 126 207116.225229
TRANSACTION 1587190015.100228 9ed622b66709666277cb1db7abc3918b 5 15 172 207116.462771
TRANSACTION 1587190015.106699 4a406708ed07290d2e35f70f510bc2a5 7 5 520 207116.462781
TRANSACTION 1587190015.164085 7dd9d64162c194e3dd171be8c45b1ed8 12 9 261 207116.519728
TRANSACTION 1587190015.232009 aed40e872839ee0da6c4d7224e07d4f1 17 18 1265 207116.587419
TRANSACTION 1587190015.357474 403be3e3dae471fca06f530b600ccf30 6 18 113 207116.713232
TRANSACTION 1587190015.396958 f7ad68c3c819ee5917e2092cb6b68621 1 20 28 207116.753143
TRANSACTION 1587190015.422369 42ea99b060b06bb35f7a351439135ac0 15 2 2636 207116.778162
TRANSACTION 1587190015.467740 8c37c68691c567c82d29671daa4405b7 14 2 39 207116.822422
TRANSACTION 1587190015.550209 51050d5e22249c93ad7991bf9b33ecbe 19 8 20 207116.905154
TRANSACTION 1587190015.557685 59b9779b146d128ec1056eac02d77096 20 15 1 207116.911902
TRANSACTION 1587190015.615177 6c9dd88e7a6f77d4f9f95200c8db2c59 12 1 191 207116.971133
TRANSACTION 1587190015.654661 4393f61f1af355e8f414fd2088f798a6 12 6 47 207117.009766
TRANSACTION 1587190015.741221 f69f9f099715c03a3d16bf8f446834b9 19 17 1 207117.097129
TRANSACTION 1587190015.782705 873629446c67883bc926bc926c3a5907 0 7 51 207117.139256
TRANSACTION 1587190015.786077 ac6751241ea1f24f66488da21c192173 9 20 57 207117.139266
TRANSACTION 1587190015.864490 8cd79217f8197ecf7e604c01804b3a65 7 10 351 207117.219416
TRANSACTION 1587190015.917963 d600329b3f72135dc35b854accfa945b 16 19 15 207117.273167
TRANSACTION 1587190015.953427 c16715f4fd05da69b35e2ea45b8c10df 8 15 18 207117.308398
TRANSACTION 1587190016.004997 fddf7d17ff2bba9f0ff16ffe8d983f63 5 4 217 207117.359540
TRANSACTION 1587190016.033781 edeb603ddd26b97eaad1d6af80ccb4f3 5 6 308 207117.385754
TRANSACTION 1587190016.030453 904a94efcc6989f59b68a21a9e5bda81 19 14 16 207117.385763
TRANSACTION 1587190016.049064 a7aa94c5c5038aabdc482779056d8c72 18 8 1453 207117.399467
TRANSACTION 1587190016.076378 91a1fce0570f1c2b383713d3bb27acac 6 21 261 207117.428503
TRANSACTION 1587190016.122718 b647eb5a88130fba06e832e934fe3c9d 14 15 3 207117.473841
TRANSACTION 1587190016.208171 4724cb55babbed39dda46e98771c5a8f 15 8 11 207117.561714
TRANSACTION 1587190016.233871 754d11f4eabff985ebf4290da334580b 9 20 255 207117.584840
TRANSACTION 1587190016.233631 c0f3b8e6c5443a208ac9e40cf39ea7ec 17 2 99 207117.594980
TRANSACTION 1587190016.278198 94cd322fc71c5013293ddd29b32a7311 10 9 261 207117.633099
TRANSACTION 1587190016.346637 da84b428f46d3392fe998993b3ce2051 5 20 86 207117.702018
TRANSACTION 1587190016.398098 27cf14b59655889577d13cdf7b89d2be 21 13 146 207117.752658
TRANSACTION 1587190016.418491 c9e0d4ae02dcb2f45ab10a9a778eaa99 17 8 36 207117.773406
TRANSACTION 1587190016.425854 ed62f4fe60c4db9321c29d3611238210 3 8 279 207117.774745
TRANSACTION 1587190016.521566 58e7317be2f7222542604c1e7018c974 7 1 178 207117.872820
TRANSACTION 1587190016.538965 9a6c6039c0ad3d55f7be0f7a46b6fb26 16 3 15 207117.888616
TRANSACTION 1587190016.649866 947208651160affb53d9fdaacd68a2f4 2 11 1857 207118.005157
TRANSACTION 1587190016.722254 da241b0e7d41e6e713f2dc1f5c68b226 21 13 27 207118.071630
TRANSACTION 1587190016.732659 356392293863f5eab4d23b71e2b55b42 3 6 3 207118.085631
TRANSACTION 1587190016.806068 8fc7d0a21bfbb237143e23a26e9259f5 5 4 38 207118.159883
TRANSACTION 1587190016.830507 a3681bcd0fe7ddb48def4083e84bf05b 13 21 281 207118.183561
TRANSACTION 1587190016.904977 8e40eb5368295a5ccbb5578029a38ad5 7 10 121 207118.259509
TRANSACTION 1587190016.940533 427f0b36f3afeb1e629f1b61e44f11f5 14 2 2 207118.295335
TRANSACTION 1587190017.110117 298c8dee0ca7ece5e418d3fb099625e7 14 8 1 207118.459765
TRANSACTION 1587190017.147515 2e6c16c94a1e45fb95c8bed3f48189a8 19 20 3 207118.502522
TRANSACTION 1587190017.167917 50e057274fa285ab1c82ab33407cd17a 17 22 1 207118.519288
TRANSACTION 1587190017.200303 56a0f6c923f06ce1cbe60da7c6b03180 15 6 196 207118.549209
TRANSACTION 1587190017.200528 a2fab480f5f6ff1f76713e5d9e28e72c 5 19 7 207118.553075
TRANSACTION 1587190017.232846 aacaa3cdf917adbd21aa037bdfdce0ff 1 21 453 207118.583500
TRANSACTION 1587190017.445431 ba69de686d6447710b31fb2925cdb3eb 5 21 1 207118.797657
TRANSACTION 1587190017.449834 72ca889648495da54fa3022db31794c1 13 3 14 207118.804923
TRANSACTION 1587190017.579278 8f8bd08c8e55fa4d61f5671165981448 8 15 1581 207118.932578
TRANSACTION 1587190017.594782 d1b7a58760133c5de4e2af23b7ff17ec 11 19 941 207118.948948
TRANSACTION 1587190017.675642 9525ba44d86bec1050856fedf39a6f94 8 7 56 207119.028608
TRANSACTION 1587190017.672215 564c99ec5f2af0a42029c546e8622b14 6 19 95 207119.028618
TRANSACTION 1587190017.689931 f672640abc3d34ee2c9d288970b00cf9 1 6 61 207119.041531
TRANSACTION 1587190017.794386 a3bb495a1b83f3a51a9090a1991e8a56 11 3 506 207119.151822
TRANSACTION 1587190017.816816 8978fe97af4b37f5fcc5d7b1e8bbf33b 1 2 38 207119.172705
TRANSACTION 1587190017.870237 52e7c6fd508a49d73ccdbd65af206ca2 5 22 10 207119.228061
TRANSACTION 1587190017.940756 04375d8ced82bd0c2a1229e94cb506b2 10 2 180 207119.304947
TRANSACTION 1587190017.963266 f23e3b502fb2fe370d01b3759a124947 12 14 28 207119.409129
TRANSACTION 1587190017.983681 484b6e4e53ffb3ed34f4b345ff75c755 22 23 10 207119.409147
TRANSACTION 1587190018.000021 3a19ca97997d5f1698438821a8e2bbe3 17 9 1 207119.409151
TRANSACTION 1587190018.078476 0bfca005b6d0a595fb1d9f22b53580d4 21 16 495 207119.428310
TRANSACTION 1587190018.156000 1d6a75c87ae69a8723fcb8ce13e8547e 12 10 3 207119.510602
TRANSACTION 1587190018.164413 b1974a8800a7d50c83f4d7f5f3f160e2 16 23 248 207119.520001
TRANSACTION 1587190018.187735 620ce39b91f93c2ebcd5ff20a289cc80 15 11 6 207119.537186
TRANSACTION 1587190018.204094 9f1001d49fa8c939694eb2b5e063cc77 12 10 4 207119.555547
TRANSACTION 1587190018.248468 0d130ba50f16760e4d55e1e07c615a2e 18 13 391 207119.603791
TRANSACTION 1587190018.384021 68dd51d3cd57636f427e7e4b00c10c98 13 14 252 207119.738931
TRANSACTION 1587190018.406576 ad9beee86df0328520c22f31a6db36a3 19 23 389 207119.761865
TRANSACTION 1587190018.463044 02e35d1bb4f27136de4bd0d0bcba1ec4 6 4 102 207119.814341
TRANSACTION 1587190018.503509 8b554a2d12174250116a66dc60b610ef 21 2 238 207119.857762
TRANSACTION 1587190018.530956 7808514e7941208f734ac3aa03243d9b 10 1 17 207119.880036
TRANSACTION 1587190018.539372 2850b507d1c7fb2fe1f7da48a1e85702 3 13 92 207119.888882
TRANSACTION 1587190018.566709 08acc5c4cd2e61ed192d4b13bfaf007f 0 13 103 207119.921919
TRANSACTION 1587190018.606156 d2e0328326be0f8d20eb6954f1f2fc09 16 1 82 207119.960473
TRANSACTION 1587190018.698684 f46c5bba4eecba8f13e4fafcb46e5dd8 15 4 1425 207120.049664
TRANSACTION 1587190018.783240 34b386737a02419cf84f0c79b7b39244 19 9 447 207120.133793
TRANSACTION 1587190018.847231 316d1b817e5f1a3e4cc7a21b37fde431 3 21 545 207120.202584
TRANSACTION 1587190018.966811 7b018dd1638639210c0ced439f0c93c8 14 9 229 207120.317937
TRANSACTION 1587190018.978413 7313b1bed5162448c744283bcf6c9874 20 12 151 207120.328147
TRANSACTION 1587190018.979923 2584a7dd8d02d9782f83a9b9c68ba0eb 21 13 357 207120.337536
TRANSACTION 1587190019.014387 df3f69e80fd5a596115c3797e40a4025 20 7 2 207120.368680
TRANSACTION 1587190019.014696 3f8e909897b0dfe8d18260a3fb811bdd 22 7 1 207120.373378
TRANSACTION 1587190019.033997 022f01e94bd7bf60428c2d202d11b50a 1 14 29 207120.388122
TRANSACTION 1587190019.055362 050da2bff180b395ea3bfd48531e35e9 20 16 7 207120.407525
TRANSACTION 1587190019.066708 90a9101c100163930a1dbeb789716e92 2 19 253 207120.416312
TRANSACTION 1587190019.121119 35dd8759b9f2b835d3747605af101c9d 15 19 272 207120.470658
TRANSACTION 1587190019.141550 9cf9ac91d9d9214e9c6ab5315ab54c21 6 20 136 207120.493672
TRANSACTION 1587190019.143874 65312f99487927d857956c69cd8b4526 9 19 77 207120.499620
TRANSACTION 1587190019.164224 af9721685eb86adaa1e17647a6b3842a 1 4 69 207120.513698
TRANSACTION 1587190019.184748 606fbef2bf28d8e2a04f352a30cc6514 11 12 57 207120.538662
TRANSACTION 1587190019.320764 d1a50a78b140a1d846efb6040542b048 9 4 427 207120.675069
TRANSACTION 1587190019.332187 6211a5a2c03682959aab1f8ea45bb4fd 18 2 164 207120.681560
TRANSACTION 1587190019.383564 e8f0d9c0870bf1f65f1df54622a393b4 6 7 53 207120.733950
TRANSACTION 1587190019.383844 a96e1f814e3972fc6b4ab9e19e4e0309 2 9 141 207120.741047
TRANSACTION 1587190019.454253 8f25cf52279a559ee974ce89bcf168c8 8 18 119 207120.808890
TRANSACTION 1587190019.500741 62b543ae9e489fdb7ddd5a02857e540f 12 18 160 207120.854629
TRANSACTION 1587190019.575242 4df3a6132ab9e00a3123a0127dc54d80 11 12 32 207120.924609
TRANSACTION 1587190019.576717 1b4bee49ef59a002474a8d8a20b77d7d 23 12 381 207120.930466
TRANSACTION 1587190019.652129 f99d97644c62a9c742096c71b8952553 15 2 81 207121.003278
TRANSACTION 1587190019.672541 58a4190d4476e7c718070feabf9cecbc 0 21 123 207121.022089
TRANSACTION 1587190019.720919 f10fc53da150bbe5b6e53b9fcae5c4c4 4 17 57 207121.071695
TRANSACTION 1587190019.859463 e60f039ccab6b7b8d9b71936db7b04d3 3 14 74 207121.209255
TRANSACTION 1587190019.983150 68ae18f0078d4b05fcce0331657cc86d 16 14 62 207121.336157
TRANSACTION 1587190019.996394 76f21d9dce1a4e444f5a2f9fb2240c8f 16 7 44 207121.349450
TRANSACTION 1587190020.034797 3370f00fdfe20ec5f8d01bb07ca36f3c 6 16 14 207121.390354
TRANSACTION 1587190020.100299 f6151973319aa898b8b2a2ca3dfe3d3c 3 18 5 207121.455936
TRANSACTION 1587190020.696095 9aef17e9c6ff56db989f01b54b1c7060 0 22 681 207122.045548
TRANSACTION 1587190020.699671 2c484db9e84e6f9f11fa87cbdcc13be7 10 23 74 207122.049147
TRANSACTION 1587190021.277564 4d245f46e0fc97dd4e47748b8aac898d 11 23 573 207122.626826
TRANSACTION 1587190021.507673 fc2e3516806cd4b9d9a9217e890ff770 23 24 1070 207122.857277
TRANSACTION 1587190021.677795 2775ff3fcb834e02cdcacb6c663b529d 18 6 2 207123.027301
TRANSACTION 1587190023.638461 beb06d558c3c5a8d0a1000408164a24a 15 22 315 207124.987795
TRANSACTION 1587190024.495066 c2416f73f6572ddac2c6fd3d55d338be 3 5 233 207125.844905
TRANSACTION 1587190024.946436 a08c1990ca95f15dd7f735ed9e642798 19 12 244 207126.295818
TRANSACTION 1587190025.407277 4b57411323f3c2ffca5b046676ecd615 1 15 1496 207126.757177
TRANSACTION 1587190026.401231 88e1ac836047bde05b8a51e18515a700 16 22 3 207127.750859
TRANSACTION 1587190027.259691 04e9065eab9de31b8c536fbb6fb9eb17 11 2 16 207128.609731
TRANSACTION 1587190027.941990 671df7463eddfc4e4d445ff52fe1ae72 24 15 98 207129.291635
TRANSACTION 1587190028.054802 8ef0cb48046a9046fccfa713961672d7 19 5 1104 207129.404100
TRANSACTION 1587190028.137203 9ed74912a2b3daab300ce50d8ff8edcd 12 23 75 207129.486659
TRANSACTION 1587190028.332290 4c5acae72e17b9ef472b7941af4c02a5 26 2 209 207129.681845
TRANSACTION 1587190028.362641 b0bc9b1b21a2b6edaec3d9f27d755f4e 14 5 359 207129.712799
TRANSACTION 1587190028.979145 e3a03c6613ac01df47009a72551571a9 4 5 678 207130.329103
TRANSACTION 1587190028.987509 677d1c4ea589d547e11a23f4a9758c3f 22 21 385 207130.336645
TRANSACTION 1587190029.060933 a5d302ddf63ab896c069bcf3d5b87b94 5 3 10 207130.410988
TRANSACTION 1587190029.825027 5c89bd524dc1b3f11d5c65597a7b21ca 11 13 716 207131.174397
TRANSACTION 1587190029.849451 8370635da8d91b9d8029fdceb09ba6cd 17 19 5 207131.199668
TRANSACTION 1587190030.099268 bb4ca4a258278dc2044a44ea947ce3ca 4 8 90 207131.450433
TRANSACTION 1587190030.402421 fc400fa2facfb07cb9530aa399e7822f 14 15 85 207131.752042
TRANSACTION 1587190030.405711 05d71e5dca2225e2de86da8290ec7d4c 5 26 523 207131.754627
TRANSACTION 1587190030.652083 ed87475fd11d2387cfc15631f5dcd1b2 28 25 1 207132.002646
TRANSACTION 1587190030.837712 f5c2339f6cd9cfe6a7fc17381292d260 5 23 320 207132.187731
TRANSACTION 1587190030.926427 90bb95625ef805c719a72a5d5522d637 25 7 122 207132.276034
TRANSACTION 1587190031.792796 a31c78846619cb6ebf4ea5383de03919 9 8 8 207133.142166
TRANSACTION 1587190031.867291 41aeafe2c8ab06b231ca8e4200679daa 1 20 68 207133.217112
TRANSACTION 1587190031.965055 1a286e8348f5d4a3d29dbcd5f78157c1 20 24 540 207133.314619
TRANSACTION 1587190032.569826 f1b6a43f89e11d5f45f650dfecf4afcd 17 4 83 207133.919709
TRANSACTION 1587190032.726660 6f9328e5f0b2b5af11e6d1e9bd48d7ec 8 13 58 207134.077170
TRANSACTION 1587190033.050891 42135c29cdb17e0af90a65d7ecfebc43 15 9 934 207134.400556
TRANSACTION 1587190033.070287 403f583a68a10d1ea316214c49abd270 23 29 87 207134.420391
TRANSACTION 1587190033.383707 e291c6b357211523ac03898480386e26 7 13 48 207134.733120
TRANSACTION 1587190033.440712 9742b73bf55e8724f03945527e803f6b 23 31 38 207134.790527
TRANSACTION 1587190033.616278 29644a74c90680ea547d0d570f1c1800 17 20 1 207134.966030
TRANSACTION 1587190033.902747 58cf779fb409a322237d6ba4cc225321 2 31 1022 207135.253075
TRANSACTION 1587190034.255585 ad178ea29286badeadc094d22cc599a2 27 22 503 207135.605150
TRANSACTION 1587190034.594362 0492fa621114abc283e42993f3016346 21 24 20 207135.944141
TRANSACTION 1587190034.951012 a8d4f8acf544fdeb757d7023f45d813c 15 8 1622 207136.301132
TRANSACTION 1587190035.313125 0c15c98c52797aa6679c6f40056daa79 22 14 575 207136.663346
TRANSACTION 1587190035.750993 d7a32fce41521ea6c163ac484f419b83 17 16 4 207137.100608
TRANSACTION 1587190035.894188 f018fe3af69eb2d9b05ccee51c7973bc 1 20 30 207137.244594
TRANSACTION 1587190036.051675 f731a2eb11e04ab5f33b55e92aa29cd6 6 21 288 207137.401576
TRANSACTION 1587190037.313993 4216474b8a33d848754a008b3c5d49a9 14 29 1221 207138.663739
TRANSACTION 1587190037.438641 f723a317454f6a3874202494e249b704 0 33 763 207138.788323
TRANSACTION 1587190037.479427 84c6f631fda9dd3ffbbac106da82c9e3 2 13 4 207138.828641
TRANSACTION 1587190037.890010 c9cad600df44440ebdb35cf6de9e83e0 24 13 45 207139.239105
TRANSACTION 1587190038.006464 9a9fd31d1c6fc883fd2cf65f061aae57 10 8 186 207139.356193
TRANSACTION 1587190038.283126 1c9a9bbfc6dbf32a4f829dca3cd77874 1 4 93 207139.632543
TRANSACTION 1587190038.622553 cb16675f6709f4c9ace4cbb119f91911 23 30 28 207139.972438
TRANSACTION 1587190039.049956 30fae701aaf4abacb4769ac5055e8ef8 0 7 685 207140.399314
TRANSACTION 1587190039.173852 9cd4d97b574b6b73d2506dd188190613 3 8 9 207140.523732
TRANSACTION 1587190039.657870 10270e1097e92bddc35d18dec53ecf71 14 5 482 207141.007767
TRANSACTION 1587190039.744874 419a39ac5ec08a61f812e3c530673a15 19 35 170 207141.094578
TRANSACTION 1587190039.874788 a9d63c5824597a738613e68e9c036562 24 12 269 207141.224064
TRANSACTION 1587190040.256349 1ac3080f68b532d12bfa4a19f640e2e6 22 13 81 207141.605415
TRANSACTION 1587190040.650871 e94273076fc878f71dbd37dababc31d6 31 20 53 207142.000430
TRANSACTION 1587190040.717487 fdd8e9bf45f8951b9fd94a466be53d86 6 28 536 207142.066460
TRANSACTION 1587190041.249089 9d51d315bc9bc4fc566aebc4495d13ed 13 6 1 207142.599123
TRANSACTION 1587190041.702890 4f88d3c3c1b96ca2ddd779c86017897d 13 25 1 207143.051985
TRANSACTION 1587190041.876932 0d5807c069129f32601b57af24d1d142 20 22 213 207143.225985
TRANSACTION 1587190042.300352 4a7646609d4f7495a8b38128abdacc28 8 4 486 207143.649891
TRANSACTION 1587190042.374808 702f50fc42efa8276dfebd5545c04371 35 33 296 207143.724594
TRANSACTION 1587190042.665714 0c69fe60247d411d7dc6a5edb9dc45aa 10 19 10 207144.015077
TRANSACTION 1587190043.310564 5d1b5aad6e9eb9a8606e4df75245021c 22 6 162 207144.659930
TRANSACTION 1587190043.495749 0125c71bd6ac72e546f7b85f5ecdc18e 32 17 34 207144.845402
TRANSACTION 1587190043.958482 8d85f273ce9ca4ba67772ea48bd1252e 28 17 1467 207145.308194
TRANSACTION 1587190044.353461 eef57f46efa1d2de18a8cefdff726eaa 20 33 31 207145.702706
TRANSACTION 1587190044.367803 61fdfea13192882e3821a3eb41caf8fb 14 32 34 207145.717771
TRANSACTION 1587190044.487285 4a26c9de043e15897565825ff8931522 5 36 682 207145.837890
TRANSACTION 1587190045.099366 00caad7940c0eb38e6739154b580274c 22 14 659 207146.449439
TRANSACTION 1587190045.334951 4f872dfe412049ded83d712f55aab468 4 18 61 207146.684395
TRANSACTION 1587190045.742400 cbff6ebaacc8034e893d0dcb7096a706 33 32 230 207147.092245
TRANSACTION 1587190045.925643 e775bb5913222d6c683f5397f92e24fb 36 34 4 207147.276141
TRANSACTION 1587190046.191019 97ab02bf96e1a85253d7e70c423e2538 13 36 38 207147.540986
TRANSACTION 1587190046.274198 935315d51dea4298819957c4db4976ea 25 16 11 207147.623804
TRANSACTION 1587190046.458423 2ab0a4a7239dc57d27692874f8c47656 7 26 358 207147.808642
TRANSACTION 1587190046.665170 e5fe500d8d2db1af384691061bb9a937 29 1 183 207148.015492
TRANSACTION 1587190046.934730 1541e447a701ed72af5642c2769e1dfa 32 27 497 207148.284845
TRANSACTION 1587190046.967519 c1a9c005f572d93f08a4c537ebbcb69e 34 5 26 207148.316901
TRANSACTION 1587190047.496824 7b9d353abc63ae2ec7d918c263ae49ce 33 21 211 207148.846411
TRANSACTION 1587190047.806879 f3b18dfb79e68602d1831cfde26c306d 33 13 325 207149.156529
TRANSACTION 1587190047.882903 4644aa66ed00df54be92b5d8921c7b56 1 11 466 207149.232289
TRANSACTION 1587190047.918556 8b5141f5a53cd89bdaa04916aa10f729 26 14 7 207149.267676
TRANSACTION 1587190048.111508 edb83b43c5f5809f4ec81cc9af8dbacb 33 25 342 207149.461771
TRANSACTION 1587190048.402983 4bdebbafb0718f49fbcd5ef5de9c735c 20 13 767 207149.752773
TRANSACTION 1587190048.450400 7eee041fb320814b22d6e99023cc927e 21 26 157 207149.799928
TRANSACTION 1587190048.705372 4ce132f6e7ed6fb0f60a0e62895ad93e 35 13 192 207150.055798
TRANSACTION 1587190048.983682 590e3f0e67dd218d152be7f565da2c44 30 24 458 207150.333689
TRANSACTION 1587190049.031684 0fb06bb1c0959e7abc90c8f81b31efa5 24 11 90 207150.382203
TRANSACTION 1587190049.254703 2962b3502002c19065548fe9cf9aa5f6 24 32 99 207150.604204
TRANSACTION 1587190050.117561 406129fd0b538857e923cb88801c56ad 15 13 406 207151.467381
TRANSACTION 1587190050.658613 14e67f03fc203ffea31ed145c699e980 19 3 44 207152.007949
TRANSACTION 1587190051.018859 94c1454e819a7ad95b649de3e1937124 28 9 27 207152.368418
TRANSACTION 1587190051.059184 46b1c17d459bd4c8da4f340bb4b22a00 36 10 5 207152.408810
TRANSACTION 1587190051.297688 ed41133f8f8a676421003d2b2eac541c 16 18 85 207152.647066
