TRANSACTION 1587092248.284600 d8faab4a90cdc911e8e195537800fa3b 6 8 360 109349.928530
TRANSACTION 1587092248.837999 2aa0426fbd93d897aec9b5164e1ee0ca 5 9 441 109350.190341
TRANSACTION 1587092248.865457 83ce85ccf3ad90e21efddf7550158d17 7 2 241 109350.216328
TRANSACTION 1587092249.386410 90226367cd1231389f6a4d5e0dbc5a30 1 4 264 109350.737139
TRANSACTION 1587092249.469902 74e100c8addf15c5ca610808df219877 3 2 260 109350.820450
TRANSACTION 1587092249.689530 6bbe700b7cceaece00da9da34e99f527 7 6 29 109351.040134
TRANSACTION 1587092250.321007 5c9568210d0e4d922ab8a4f0d371420b 0 1 537 109351.670774
TRANSACTION 1587092250.497699 5d4029304746a2de421898df58389bca 2 7 611 109351.847988
TRANSACTION 1587092251.612234 7d7d8e4ea134001d571d3a92951d7840 4 10 1272 109352.962257
TRANSACTION 1587092251.922014 e2e3071406c085838033f65dcbf33622 0 1 619 109353.272241
TRANSACTION 1587092253.636185 e6cc9abad597690fd81ed5f247e6f0f3 0 7 958 109354.986559
TRANSACTION 1587092253.925949 ea6e1b975631a92e95b0f630ead348ce 5 4 135 109355.276432
TRANSACTION 1587092254.090544 dfcebb7b86249e33dde0e1cd5aa72914 5 7 1185 109355.440264
TRANSACTION 1587092254.842726 80af89e8df0ff4767d6e18bba0f204c1 3 8 365 109356.192845
TRANSACTION 1587092255.283604 70caf4ece4ec88461860024185e4e8d6 1 2 460 109356.633782
TRANSACTION 1587092255.331058 faeaf59fc9e47664c203596fb379c56a 3 9 47 109356.681075
TRANSACTION 1587092258.830519 4755000f513e6f9670c6d48f6c795a80 0 4 428 109360.183143
TRANSACTION 1587092258.954176 70e01300309c09569aa9ca6895209991 4 11 689 109360.303974
TRANSACTION 1587092259.352128 a812900f4d823f7174d0996c67ce9638 1 4 391 109360.705912
TRANSACTION 1587092259.400710 811d15aaec0461c01325d3086b52b014 8 10 990 109360.753846
TRANSACTION 1587092259.843605 fbd54a51498250b087f9daa98d784db2 6 7 41 109361.196575
TRANSACTION 1587092260.186437 fbfb174a02ad1ef987f7ca00330dc2f7 6 10 338 109361.537423
TRANSACTION 1587092260.295977 7253c587e24fe628f1e4eaa7dd739581 9 5 572 109361.647402
TRANSACTION 1587092261.657765 51badf36d71f70138f32efe8d4b890e8 1 9 196 109363.007893
TRANSACTION 1587092263.412955 cd62b4c6510c80976531d7efaba85d1b 8 3 110 109364.763860
TRANSACTION 1587092264.581534 bc122743755cdbbc68ce7a4ab7f7fbbd 2 6 330 109365.932075
TRANSACTION 1587092265.182564 0a2acdb5d496d4e8abd17096f3563c5d 3 2 65 109366.532471
TRANSACTION 1587092265.546377 c74d65f802909c928581c6b3830d69b5 8 7 447 109366.895653
TRANSACTION 1587092266.175450 09a5c0e48341c17048f5de7fdc869b66 9 8 977 109367.525802
TRANSACTION 1587092268.451173 b3eabb85c284c2b580ca04ffa5752841 6 2 411 109369.800647
TRANSACTION 1587092269.895079 13b222c3738516f8950d8b8f7aa7e7f2 5 9 171 109371.245190
TRANSACTION 1587092271.253018 7f49751c84727cba221281de6aa06f6a 10 1 2435 109372.605161
TRANSACTION 1587092272.015218 b1b4de69cf5502d36c72e723a8e5e2d1 9 5 492 109373.368752
TRANSACTION 1587092272.212867 18581b5eb7a8e05a0ba0b80f521a223c 5 12 69 109373.565001
TRANSACTION 1587092273.050128 4028494c2a609d4ee804cce70f655e03 6 8 27 109374.401874
TRANSACTION 1587092273.449079 c16494427b0c8eb92257712f6864fd78 5 3 363 109374.801340
TRANSACTION 1587092273.643782 b0551725830fbd29a0d30e8ce9bec720 10 11 85 109374.993196
TRANSACTION 1587092274.137726 04559d6600f344ecfb7555a8064516f4 11 9 488 109375.488077
TRANSACTION 1587092277.204228 fb76ac9e76aae81cfece382fd47d77b9 8 3 977 109378.553755
TRANSACTION 1587092278.638117 daab464170be224085458400fbaad18a 3 6 1346 109379.988048
TRANSACTION 1587092278.876798 fa7a389fca76020933324a290ec09421 8 6 206 109380.227965
TRANSACTION 1587092279.894283 9b6f8c71a02590f049c642b7815500c4 12 13 39 109381.244838
TRANSACTION 1587092280.837700 6dfd8015d3bbb0b56759f3ec3a05e88b 5 1 340 109382.192128
TRANSACTION 1587092282.512811 f67a140b2ed5f660fa1b1e04a0689629 6 4 9 109383.864364
TRANSACTION 1587092282.813602 92531b7cc41de09437e82944d7a1f538 1 6 2268 109384.164785
TRANSACTION 1587092284.942171 4d01b5056073fc03a53e7b1f7d8a709e 0 13 621 109386.293596
TRANSACTION 1587092285.961668 ce37c8d5dfb017d4c7f71e51096ac973 0 10 813 109387.310998
TRANSACTION 1587092287.412544 5e2f266cb7c0c6c1155d59ecf922aadf 2 7 291 109388.762377
TRANSACTION 1587092287.911498 96b5b832a07a7dbcad7e17c8e121f8a3 10 9 430 109389.261197
TRANSACTION 1587092288.442617 932590ec8fb0af83fc3c6a1123f912a4 5 9 423 109389.792730
TRANSACTION 1587092291.296891 9343f26fad1a026c7d6fbf6fab1fc5c1 9 14 110 109392.647206
TRANSACTION 1587092293.463492 84f6b56b30089f765507024f24533866 2 11 155 109394.818016
TRANSACTION 1587092294.280756 7996c789885ab4c4ca069850f59993c0 5 11 1 109395.632700
TRANSACTION 1587092298.831528 cacdc7f2301a78fd2e33091c79ad3466 14 3 96 109400.183112
TRANSACTION 1587092299.317477 573efbf52cf3d9b4760615fd6a8de9ec 13 9 378 109400.669999
TRANSACTION 1587092299.544132 6336c6d93b59739030e9da5e8c6d9f84 1 6 404 109400.896202
TRANSACTION 1587092301.087131 d1527525936175de9c167eeac0a02f01 11 7 283 109402.436624
TRANSACTION 1587092301.101604 c894701eb9827de2655eb25254b47b2b 2 11 134 109402.453891
TRANSACTION 1587092301.221100 e9d31cbdc7c4b840b7672768d2e1260b 11 5 32 109402.573729
TRANSACTION 1587092301.597920 5472b8143a34f598cf9659ecbf2f7d6a 0 11 274 109402.950972
TRANSACTION 1587092303.197001 19d69eca5026c80923ca04f42d68e5e1 14 4 11 109404.546538
TRANSACTION 1587092303.688966 8b9839feee82bca7a42e73937f0a9729 13 10 143 109405.040275
TRANSACTION 1587092304.603343 a3752a2d7a808af7ed15cb02c36630a6 6 12 4218 109405.953900
TRANSACTION 1587092305.308478 99af96d1fad3d00d7dbaf7b6b89016ca 6 7 7 109406.658431
TRANSACTION 1587092305.996589 048002b86ba7768d8ecb6d5e4edde271 14 13 3 109407.346505
TRANSACTION 1587092308.863903 b9617a92db8ca7385f36839483ad29f8 9 11 1039 109410.214693
TRANSACTION 1587092308.970510 9b15d13449757f3eb7b53225183e15ce 13 8 141 109410.321415
TRANSACTION 1587092311.155405 f8a3768e5a83f05f9963bc1cfd2485fe 13 11 1 109412.508620
TRANSACTION 1587092312.437231 91c5df424331bfe86c3c774f37b6290e 11 14 1465 109413.788854
TRANSACTION 1587092313.389645 951fb948c6efc2503ea96b80569924dd 8 4 218 109414.739388
TRANSACTION 1587092313.536248 7c2212dc50cdd06d469b8712949dbdca 8 5 4 109414.889800
TRANSACTION 1587092315.288527 2f1150597e033f5b1edd16a349837066 2 6 27 109416.640877
TRANSACTION 1587092315.954657 c1d11e7e1d630b0d4b3d78eba16c35bc 8 13 81 109417.304276
TRANSACTION 1587092315.975085 5b4a2e5518a40414c0193d9cc1ae8010 9 12 115 109417.326220
TRANSACTION 1587092316.028473 f4d741579030a473fd35932fcb75d735 13 11 3 109417.377585
TRANSACTION 1587092316.481323 3ccc259056861c876b030d0cfe5eb08c 5 8 22 109417.835184
TRANSACTION 1587092318.407689 e2a0ced46c1946b013b12402f7252a91 3 5 87 109419.758592
TRANSACTION 1587092318.929670 1478cb3208b295e9eebc8839936d49a4 10 1 6 109420.280468
TRANSACTION 1587092319.527721 9f3b42bf9c9313feb160f5e9175cc590 8 4 33 109420.878433
TRANSACTION 1587092320.436154 0e78ecf9e6d62041955adbce9ef7db0c 0 8 819 109421.788595
TRANSACTION 1587092320.485622 1c9da03ea8afb344e89fc5f69d19cbc1 5 7 95 109421.836123
TRANSACTION 1587092320.828465 40c0c6f6c9f086104f459bbfae178ba4 2 9 58 109422.179167
TRANSACTION 1587092320.856035 07f09192fcc81315e1cebb99ed9cf03b 0 1 156 109422.205400
TRANSACTION 1587092321.262824 28b3f8705ec9511008d176a40b334c92 12 10 1699 109422.612510
TRANSACTION 1587092323.983988 1b561289658986ff8d640883d700093c 9 15 285 109425.334792
TRANSACTION 1587092324.991454 52b80d9520dcb2458d350e55bd65c836 12 13 2663 109426.342421
TRANSACTION 1587092329.916823 93513701c9eed9e8741c79b46bd91d31 9 15 23 109431.267471
TRANSACTION 1587092330.378722 d46d26c7c7268f38f727375f324d04ce 7 6 1468 109431.730053
TRANSACTION 1587092330.393136 a15c6ecd09d4572c5062e2b7e3e38427 6 8 168 109431.743226
TRANSACTION 1587092332.147204 1e6d6a7149e21611e8108d6fa74d75c6 9 2 124 109433.497512
TRANSACTION 1587092333.566074 d6b65fcf2af033ed871cd91e58eb684d 0 7 341 109434.916789
TRANSACTION 1587092333.889870 c5d85301da8b16a0c91e792cbfcde4aa 7 9 1445 109435.239593
TRANSACTION 1587092334.134559 52450478764252691511bb80a2321791 15 7 20 109435.484386
TRANSACTION 1587092339.102990 d8d6b095337d05d427a2c9c0832defee 9 4 1227 109440.453893
TRANSACTION 1587092339.839176 de341063b2b3da7abd12110f4094ea7f 14 8 668 109441.188422
TRANSACTION 1587092340.454252 d9e9408991ab709d6656de2e2991fd67 0 9 574 109441.804296
TRANSACTION 1587092340.712987 76e107ca96d301fe84ae5f61c412da6a 4 15 1792 109442.065479
TRANSACTION 1587092340.740485 c1cbed4e3ba44e81ec151a0ba8e939b5 1 7 350 109442.094058
TRANSACTION 1587092341.077196 88ec1deda1f0078fa622aa54f2937813 5 7 10 109442.431392
TRANSACTION 1587092342.114710 dba74bbfa615ea77e2bad0bd2bed2563 0 13 197 109443.464985
TRANSACTION 1587092343.296312 b2b0a6bdcaa68584bd63968ddcd904e8 5 11 2 109444.647295
TRANSACTION 1587092343.723210 86a18f32d7057318071d463d61e558f8 8 7 561 109445.074132
TRANSACTION 1587092344.365205 1dc1dde62f09dffec48e5f8babc4698d 9 8 711 109445.717721
TRANSACTION 1587092345.259556 c2db34b813ca34e141733955026798b4 14 6 775 109446.610067
TRANSACTION 1587092345.981714 d72575ec1ce61a89b21428aee5d1af83 9 5 176 109447.334920
TRANSACTION 1587092346.641831 18a02b43fb2c16f717811ea4d83301e5 10 7 1791 109447.991453
TRANSACTION 1587092348.474092 993da742f578970586ea1eda6eefaada 5 9 59 109449.827015
TRANSACTION 1587092348.808987 709f37b2d74ea19992a8c9608b5e1d4b 12 14 1 109450.160498
TRANSACTION 1587092349.365963 072c089bfcada54e9816f7fa79ec5941 0 6 946 109450.717621
TRANSACTION 1587092350.277685 bb003426e0749f9249f8c3b8ec916a21 0 11 669 109451.631702
TRANSACTION 1587092350.533477 3e31bd3d107bb8bc910c219661c627a5 8 11 1393 109451.884675
TRANSACTION 1587092352.202593 2c6c4b0de7c6050a9301c96d8247a167 5 2 110 109453.554686
TRANSACTION 1587092353.041884 d07d25672cc4f128e73f81241d7f50e5 14 16 20 109454.393105
TRANSACTION 1587092354.326596 16ea102dc5227e8e07ebaebaa2e919ab 6 9 895 109455.676490
TRANSACTION 1587092355.721435 70328f233589d67c8acd6ed6a96ccc82 11 7 735 109457.073823
TRANSACTION 1587092355.996136 29e19f75bb47ede98dd9e24217a6660b 14 11 2 109457.345971
TRANSACTION 1587092359.031556 92a21d6683e914c32e1fc0e2759dcdfd 7 13 3915 109460.381057
TRANSACTION 1587092359.426403 7bc81d43ea962602e420400b372113de 7 3 951 109460.775966
TRANSACTION 1587092360.572961 0ec323e0ddd4c05da05ea05af89e777d 3 10 347 109461.923715
TRANSACTION 1587092361.539393 c3f35af160d999ac1a3a39f20daf8d6b 7 1 6 109462.891756
TRANSACTION 1587092362.661945 7c5f65b397e35cc767ed10e27da7fb48 4 11 887 109464.011433
TRANSACTION 1587092363.829220 7eabbdedd7ef091b33125279ca2063ee 14 10 1 109465.178877
TRANSACTION 1587092363.942788 c033c1ed34e4d443eab11821fd5ab657 2 8 134 109465.293071
TRANSACTION 1587092365.548816 57569cabb25c2ca0959c392b2715430a 9 3 738 109466.901341
TRANSACTION 1587092365.738477 40f3f98d1457a5e3dc7708ed6af8d3e6 16 10 14 109467.091176
TRANSACTION 1587092366.199383 b2255a3aa676e887902dd504d380fb65 11 12 393 109467.550553
TRANSACTION 1587092368.261570 b44b82017c8d677bc560c3c1f548206e 8 6 514 109469.612159
TRANSACTION 1587092370.631476 02b4318563d4fcb05499a3dc93b77102 13 8 5161 109471.980653
TRANSACTION 1587092370.763133 d815b733f6ad33205d17fb519b3f94f6 3 10 1097 109472.114129
TRANSACTION 1587092373.451283 3ed52a5c04ed93ce3a2832b1643d9b16 12 4 185 109474.801089
TRANSACTION 1587092375.702004 cff7a9fe7f6b4f364947556bb99dae7f 8 9 2919 109477.051550
TRANSACTION 1587092376.829490 947564ac5c80bd2862a1e4cc076c45f5 4 5 91 109478.178854
TRANSACTION 1587092377.276431 0fbdd265001757bbe1520e3de7c7772e 0 6 875 109478.626104
TRANSACTION 1587092377.485068 a107ded3a15e1bb0b210ce547a941bdf 8 14 1259 109478.834707
TRANSACTION 1587092377.587690 23df37b133166047da431e449046e9f3 5 1 9 109478.938312
TRANSACTION 1587092378.879417 d09de1c43aeb48d43047d65fce1bfb80 3 6 187 109480.228951
TRANSACTION 1587092386.064532 aec06e96fffac9156f9f00d547e346c8 4 11 92 109487.413720
TRANSACTION 1587092386.110054 27efeff8b8b22a426a7640cbfa75487b 15 13 1579 109487.459120
TRANSACTION 1587092386.736278 bc2bc76a2ada1c25a3b1c6a3bec42207 9 3 1586 109488.087067
TRANSACTION 1587092386.885896 fcbab0eaa7963a76610a64e9b39c26a3 10 3 30 109488.235698
TRANSACTION 1587092387.144584 2b9618143d67f0659b216fd1e99b1510 14 6 1067 109488.495257
TRANSACTION 1587092387.512415 e56e6c231faa37844039bf2422c61f47 4 16 27 109488.861760
TRANSACTION 1587092387.858208 9bb790af639e09d35483359fe1bc23f0 10 8 623 109489.207532
TRANSACTION 1587092389.697541 9234d405703d5000eaa68441d93c4c41 13 10 901 109491.046932
TRANSACTION 1587092391.838145 7fc3eaeefa02d78fb464dc01982c2f18 0 9 681 109493.187564
TRANSACTION 1587092392.813690 773571f1c134162fb42002a928ec552c 14 16 5 109494.162979
TRANSACTION 1587092395.699035 da405a89877bd79ade566a8cfb5b5a87 13 7 806 109497.048955
TRANSACTION 1587092397.834617 5f34d87d8973d2179c7c9471e263601b 12 1 84 109499.184023
TRANSACTION 1587092400.851120 c752fc17871bcf3b0c0acc1f5529f0cb 10 6 130 109502.200668
TRANSACTION 1587092402.032746 9e0fc4a7c69d5fa6dad717f6ce75dddf 6 1 2428 109503.382394
TRANSACTION 1587092403.289504 b83b6af530c784aa77a88abdf2d5eefb 10 2 1102 109504.639872
TRANSACTION 1587092404.301061 9892893905e13f30a5553793ec0709a0 2 6 689 109505.650732
TRANSACTION 1587092405.901131 be0675df178008d472f7b4f3a51be00b 9 2 1937 109507.251400
TRANSACTION 1587092406.080777 d452ed6d7b817cf1217fdfc9fb6d66a5 16 8 15 109507.430513
TRANSACTION 1587092406.461720 7efcb63736067603ed4154ebb8270a42 13 12 101 109507.811852
TRANSACTION 1587092411.344036 e2d8afc5dff4442fe969ccdd5bad26c2 1 17 1125 109512.693524
TRANSACTION 1587092412.754920 dc3899021fd1076539487cd1d76db403 17 16 880 109514.104787
TRANSACTION 1587092412.975582 a6bc0dbab335e9e0963a979b51fe6713 8 3 903 109514.325185
TRANSACTION 1587092416.084132 266963e4e2b6dbc997733b9f809281c3 12 18 3 109517.434925
TRANSACTION 1587092417.880405 3cf3fefd7f332acf217ace9aa4b9dff4 5 7 68 109519.230392
TRANSACTION 1587092420.535512 95b413d012cf280d3f4bdd312e835349 18 9 3 109521.885079
TRANSACTION 1587092420.674104 eeab73a17a401289f2c1a871632147c6 17 13 133 109522.024715
TRANSACTION 1587092421.607491 bb049ec9d61b77949d004d2520b970e2 6 11 441 109522.957309
TRANSACTION 1587092422.452929 13510ef6f5afc7e159e6beed35b6d4eb 9 14 75 109523.802235
TRANSACTION 1587092423.484428 b35cdef817dc0369efa3f6fa50a581aa 6 8 1862 109524.833875
TRANSACTION 1587092424.476347 519c36298187ddce1045e7a5672696c1 5 3 4 109525.826179
TRANSACTION 1587092425.010319 8d586c2c1ddf58965416e8a33362c103 0 10 784 109526.360625
TRANSACTION 1587092428.331091 f6b31e3d7cc7fd343ef99d8932220707 4 12 98 109529.681664
TRANSACTION 1587092428.518746 bb50fd7b7a9bc0943a264a5e41275b63 5 18 6 109529.868895
TRANSACTION 1587092428.819536 c664eb00e51c366eda87b9b4e622b1b1 6 3 31 109530.169524
TRANSACTION 1587092429.141317 41643ecc7eec4fecf3a91ede04f82c6f 11 19 96 109530.491240
TRANSACTION 1587092432.930643 e243e22db5dc5d91ac1ac099ad1aeb2a 12 15 35 109534.279832
TRANSACTION 1587092435.597817 8be0e638d295d685b3ea956a83200bbf 2 19 2486 109536.947390
TRANSACTION 1587092436.262007 f37495eb191a19671c858a20ab70ab10 19 2 279 109537.611522
TRANSACTION 1587092437.487661 c5ae788e7c1186754c17415ea6b9d8ee 4 5 164 109538.836989
TRANSACTION 1587092438.324931 47798f45366c809cbe823c8ae915131e 13 1 196 109539.674884
TRANSACTION 1587092440.729770 04116dd09a750e94ca66e76e1262c577 10 15 189 109542.079452
TRANSACTION 1587092444.472965 1608a7f0f4a259978db01889ce77a85f 16 2 566 109545.823541
TRANSACTION 1587092445.000942 d035467ad98f7b23d673e3ac7b36b455 19 11 1751 109546.351838
TRANSACTION 1587092447.147511 874f36e37ffead89313777cac7aa0f31 11 19 3469 109548.497235
TRANSACTION 1587092447.468284 e6970a028ee54364cf9cc457da2fcefc 14 12 245 109548.818793
TRANSACTION 1587092449.383681 23128aa345f42f620d3cd0e9315234e5 15 7 168 109550.734106
TRANSACTION 1587092451.768502 31f15789ead384d2d38288d709897046 10 17 345 109553.118545
TRANSACTION 1587092452.951130 a313b5f4fd6be8fb50bb5f9bae9895b6 12 2 482 109554.300848
TRANSACTION 1587092453.978615 6772bce5c1fec39a587b21b5a99c5611 3 1 780 109555.328709
TRANSACTION 1587092454.366472 f22967059755c0f75269c8922e77d86c 19 8 524 109555.716052
TRANSACTION 1587092454.710263 4906285e2529c2e26946d50653fc2149 13 20 53 109556.059428
TRANSACTION 1587092456.331340 b77ae274fed5abee8e3362d15b14ada7 4 1 6 109557.680770
TRANSACTION 1587092459.039484 b1b5cef1bcc4e6c0b851c235986083a2 20 8 13 109560.389474
TRANSACTION 1587092461.052953 7ed297da4082bf6b5433342c4989f77b 8 21 2686 109562.402643
TRANSACTION 1587092461.817188 072832841a92dc0df38501d4af2aaea5 14 4 10 109563.174314
TRANSACTION 1587092461.834848 38275b1d9c708aee33c4a966ddfe1f71 21 2 404 109563.187043
TRANSACTION 1587092462.357790 14bcc669c4078ec674a24cfba7bcf782 13 11 150 109563.707710
TRANSACTION 1587092464.311188 e676888e86494987ab483f61cb039428 7 11 27 109565.661555
TRANSACTION 1587092466.345677 d5b8e1a36e1e241b1baf9874c35dc1da 21 11 1768 109567.694975
TRANSACTION 1587092468.808636 bc05899221e74f66a6179f38e9dd3ae3 3 13 111 109570.157917
TRANSACTION 1587092468.836169 9ea0bd689318c2e614c1b9498721f0fa 2 22 1603 109570.186929
TRANSACTION 1587092470.318091 4143c99c6dc64dd91cabe370fbf44bd0 15 5 408 109571.667850
TRANSACTION 1587092471.270496 f2bb790ea59bbdf7767cbd82109162f6 13 12 1143 109572.621320
TRANSACTION 1587092473.585234 37a5d9acf4c165fb890fdf21b47fe0aa 22 5 839 109574.934399
TRANSACTION 1587092473.658776 952417c14a0a75e0fd04ed6b6fc09154 10 13 961 109575.008300
TRANSACTION 1587092474.733264 f07f6592bdc5ea3e1549009206a4e2bf 18 2 3 109576.084154
TRANSACTION 1587092475.637676 977641a989803a6415beba15e8e132bb 18 5 2 109576.987039
TRANSACTION 1587092476.074591 d21ba86a76864af712b3a1ff0d092015 2 15 92 109577.425144
TRANSACTION 1587092476.482521 f7e7e0ab822860c0b0dcf1edc689e8a0 12 20 573 109577.831837
TRANSACTION 1587092476.784255 e749fc1e7d993d859bb300de6320c8c8 4 9 7 109578.134935
TRANSACTION 1587092477.078997 ad3a7914c2952c932279c6b2cc3cc677 15 10 47 109578.428653
TRANSACTION 1587092479.202601 c1d537ccbf3094cfb6a5ba5148361b4b 22 3 423 109580.552196
TRANSACTION 1587092480.986841 51f9d8e05a4e7c6316fe1489f7d679a5 20 13 88 109582.335980
TRANSACTION 1587092484.259564 3cf7d5d6eeebf05b038dd9981b5c1924 21 18 257 109585.610065
TRANSACTION 1587092486.370107 dfc9340f281345b777b49e675584c68c 5 4 1393 109587.720660
TRANSACTION 1587092487.293513 08d628bb1868d6c1752e84366860d31c 18 12 207 109588.643946
