TRANSACTION 1587092248.837999 2aa0426fbd93d897aec9b5164e1ee0ca 5 9 441 109350.187366
TRANSACTION 1587092248.865457 83ce85ccf3ad90e21efddf7550158d17 7 2 241 109350.217176
TRANSACTION 1587092249.386410 90226367cd1231389f6a4d5e0dbc5a30 1 4 264 109350.738040
TRANSACTION 1587092249.469902 74e100c8addf15c5ca610808df219877 3 2 260 109350.821390
TRANSACTION 1587092249.689530 6bbe700b7cceaece00da9da34e99f527 7 6 29 109351.041102
TRANSACTION 1587092250.321007 5c9568210d0e4d922ab8a4f0d371420b 0 1 537 109351.672652
TRANSACTION 1587092250.497699 5d4029304746a2de421898df58389bca 2 7 611 109351.849266
TRANSACTION 1587092251.612234 7d7d8e4ea134001d571d3a92951d7840 4 10 1272 109352.962395
TRANSACTION 1587092251.922014 e2e3071406c085838033f65dcbf33622 0 1 619 109353.273432
TRANSACTION 1587092253.636185 e6cc9abad597690fd81ed5f247e6f0f3 0 7 958 109354.985565
TRANSACTION 1587092253.925949 ea6e1b975631a92e95b0f630ead348ce 5 4 135 109355.277847
TRANSACTION 1587092254.090544 dfcebb7b86249e33dde0e1cd5aa72914 5 7 1185 109355.440051
TRANSACTION 1587092254.842726 80af89e8df0ff4767d6e18bba0f204c1 3 8 365 109356.192123
TRANSACTION 1587092255.283604 70caf4ece4ec88461860024185e4e8d6 1 2 460 109356.633665
TRANSACTION 1587092255.331058 faeaf59fc9e47664c203596fb379c56a 3 9 47 109356.682810
TRANSACTION 1587092258.830519 4755000f513e6f9670c6d48f6c795a80 0 4 428 109360.180645
TRANSACTION 1587092258.954176 70e01300309c09569aa9ca6895209991 4 11 689 109360.308533
TRANSACTION 1587092259.352128 a812900f4d823f7174d0996c67ce9638 1 4 391 109360.706578
TRANSACTION 1587092259.400710 811d15aaec0461c01325d3086b52b014 8 10 990 109360.754899
TRANSACTION 1587092259.843605 fbd54a51498250b087f9daa98d784db2 6 7 41 109361.192947
TRANSACTION 1587092260.186437 fbfb174a02ad1ef987f7ca00330dc2f7 6 10 338 109361.536731
TRANSACTION 1587092260.295977 7253c587e24fe628f1e4eaa7dd739581 9 5 572 109361.645909
TRANSACTION 1587092261.657765 51badf36d71f70138f32efe8d4b890e8 1 9 196 109363.007028
TRANSACTION 1587092263.412955 cd62b4c6510c80976531d7efaba85d1b 8 3 110 109364.762774
TRANSACTION 1587092264.581534 bc122743755cdbbc68ce7a4ab7f7fbbd 2 6 330 109365.935821
TRANSACTION 1587092265.182564 0a2acdb5d496d4e8abd17096f3563c5d 3 2 65 109366.532271
TRANSACTION 1587092265.546377 c74d65f802909c928581c6b3830d69b5 8 7 447 109366.900061
TRANSACTION 1587092266.175450 09a5c0e48341c17048f5de7fdc869b66 9 8 977 109367.529871
TRANSACTION 1587092268.451173 b3eabb85c284c2b580ca04ffa5752841 6 2 411 109369.806668
TRANSACTION 1587092269.895079 13b222c3738516f8950d8b8f7aa7e7f2 5 9 171 109371.247571
TRANSACTION 1587092271.253018 7f49751c84727cba221281de6aa06f6a 10 1 2435 109372.603908
TRANSACTION 1587092272.015218 b1b4de69cf5502d36c72e723a8e5e2d1 9 5 492 109373.367839
TRANSACTION 1587092272.212867 18581b5eb7a8e05a0ba0b80f521a223c 5 12 69 109373.563735
TRANSACTION 1587092273.050128 4028494c2a609d4ee804cce70f655e03 6 8 27 109374.402330
TRANSACTION 1587092273.449079 c16494427b0c8eb92257712f6864fd78 5 3 363 109374.801620
TRANSACTION 1587092273.643782 b0551725830fbd29a0d30e8ce9bec720 10 11 85 109374.996655
TRANSACTION 1587092274.137726 04559d6600f344ecfb7555a8064516f4 11 9 488 109375.490203
TRANSACTION 1587092277.204228 fb76ac9e76aae81cfece382fd47d77b9 8 3 977 109378.558243
TRANSACTION 1587092278.638117 daab464170be224085458400fbaad18a 3 6 1346 109379.987370
TRANSACTION 1587092278.876798 fa7a389fca76020933324a290ec09421 8 6 206 109380.233759
TRANSACTION 1587092279.894283 9b6f8c71a02590f049c642b7815500c4 12 13 39 109381.244629
TRANSACTION 1587092280.837700 6dfd8015d3bbb0b56759f3ec3a05e88b 5 1 340 109382.188025
TRANSACTION 1587092282.512811 f67a140b2ed5f660fa1b1e04a0689629 6 4 9 109383.864970
TRANSACTION 1587092282.813602 92531b7cc41de09437e82944d7a1f538 1 6 2268 109384.163282
TRANSACTION 1587092284.942171 4d01b5056073fc03a53e7b1f7d8a709e 0 13 621 109386.292671
TRANSACTION 1587092285.961668 ce37c8d5dfb017d4c7f71e51096ac973 0 10 813 109387.313663
TRANSACTION 1587092287.412544 5e2f266cb7c0c6c1155d59ecf922aadf 2 7 291 109388.761786
TRANSACTION 1587092287.911498 96b5b832a07a7dbcad7e17c8e121f8a3 10 9 430 109389.262309
TRANSACTION 1587092288.442617 932590ec8fb0af83fc3c6a1123f912a4 5 9 423 109389.793180
TRANSACTION 1587092291.296891 9343f26fad1a026c7d6fbf6fab1fc5c1 9 14 110 109392.650668
TRANSACTION 1587092293.463492 84f6b56b30089f765507024f24533866 2 11 155 109394.815690
TRANSACTION 1587092294.280756 7996c789885ab4c4ca069850f59993c0 5 11 1 109395.632179
TRANSACTION 1587092298.831528 cacdc7f2301a78fd2e33091c79ad3466 14 3 96 109400.181212
TRANSACTION 1587092299.317477 573efbf52cf3d9b4760615fd6a8de9ec 13 9 378 109400.671520
TRANSACTION 1587092299.544132 6336c6d93b59739030e9da5e8c6d9f84 1 6 404 109400.893923
TRANSACTION 1587092301.087131 d1527525936175de9c167eeac0a02f01 11 7 283 109402.437493
TRANSACTION 1587092301.101604 c894701eb9827de2655eb25254b47b2b 2 11 134 109402.452035
TRANSACTION 1587092301.221100 e9d31cbdc7c4b840b7672768d2e1260b 11 5 32 109402.570710
TRANSACTION 1587092301.597920 5472b8143a34f598cf9659ecbf2f7d6a 0 11 274 109402.949474
TRANSACTION 1587092303.197001 19d69eca5026c80923ca04f42d68e5e1 14 4 11 109404.549759
TRANSACTION 1587092303.688966 8b9839feee82bca7a42e73937f0a9729 13 10 143 109405.043105
TRANSACTION 1587092304.603343 a3752a2d7a808af7ed15cb02c36630a6 6 12 4218 109405.955073
TRANSACTION 1587092305.308478 99af96d1fad3d00d7dbaf7b6b89016ca 6 7 7 109406.662686
TRANSACTION 1587092305.996589 048002b86ba7768d8ecb6d5e4edde271 14 13 3 109407.346312
TRANSACTION 1587092308.863903 b9617a92db8ca7385f36839483ad29f8 9 11 1039 109410.215185
TRANSACTION 1587092308.970510 9b15d13449757f3eb7b53225183e15ce 13 8 141 109410.321182
TRANSACTION 1587092311.155405 f8a3768e5a83f05f9963bc1cfd2485fe 13 11 1 109412.504944
TRANSACTION 1587092312.437231 91c5df424331bfe86c3c774f37b6290e 11 14 1465 109413.788137
TRANSACTION 1587092313.389645 951fb948c6efc2503ea96b80569924dd 8 4 218 109414.742661
TRANSACTION 1587092313.536248 7c2212dc50cdd06d469b8712949dbdca 8 5 4 109414.887669
TRANSACTION 1587092315.288527 2f1150597e033f5b1edd16a349837066 2 6 27 109416.640106
TRANSACTION 1587092315.954657 c1d11e7e1d630b0d4b3d78eba16c35bc 8 13 81 109417.306209
TRANSACTION 1587092315.975085 5b4a2e5518a40414c0193d9cc1ae8010 9 12 115 109417.325576
TRANSACTION 1587092316.028473 f4d741579030a473fd35932fcb75d735 13 11 3 109417.379132
TRANSACTION 1587092316.481323 3ccc259056861c876b030d0cfe5eb08c 5 8 22 109417.832018
TRANSACTION 1587092318.407689 e2a0ced46c1946b013b12402f7252a91 3 5 87 109419.759159
TRANSACTION 1587092318.929670 1478cb3208b295e9eebc8839936d49a4 10 1 6 109420.285248
TRANSACTION 1587092319.527721 9f3b42bf9c9313feb160f5e9175cc590 8 4 33 109420.883184
TRANSACTION 1587092320.436154 0e78ecf9e6d62041955adbce9ef7db0c 0 8 819 109421.789425
TRANSACTION 1587092320.485622 1c9da03ea8afb344e89fc5f69d19cbc1 5 7 95 109421.836616
TRANSACTION 1587092320.828465 40c0c6f6c9f086104f459bbfae178ba4 2 9 58 109422.180678
TRANSACTION 1587092320.856035 07f09192fcc81315e1cebb99ed9cf03b 0 1 156 109422.208903
TRANSACTION 1587092321.262824 28b3f8705ec9511008d176a40b334c92 12 10 1699 109422.616432
TRANSACTION 1587092323.983988 1b561289658986ff8d640883d700093c 9 15 285 109425.333962
TRANSACTION 1587092324.991454 52b80d9520dcb2458d350e55bd65c836 12 13 2663 109426.341760
TRANSACTION 1587092329.916823 93513701c9eed9e8741c79b46bd91d31 9 15 23 109431.269775
TRANSACTION 1587092330.378722 d46d26c7c7268f38f727375f324d04ce 7 6 1468 109431.731095
TRANSACTION 1587092330.393136 a15c6ecd09d4572c5062e2b7e3e38427 6 8 168 109431.744009
TRANSACTION 1587092332.147204 1e6d6a7149e21611e8108d6fa74d75c6 9 2 124 109433.498403
TRANSACTION 1587092333.566074 d6b65fcf2af033ed871cd91e58eb684d 0 7 341 109434.915934
TRANSACTION 1587092333.889870 c5d85301da8b16a0c91e792cbfcde4aa 7 9 1445 109435.242974
TRANSACTION 1587092334.134559 52450478764252691511bb80a2321791 15 7 20 109435.484825
TRANSACTION 1587092339.102990 d8d6b095337d05d427a2c9c0832defee 9 4 1227 109440.453020
TRANSACTION 1587092339.839176 de341063b2b3da7abd12110f4094ea7f 14 8 668 109441.190077
TRANSACTION 1587092340.454252 d9e9408991ab709d6656de2e2991fd67 0 9 574 109441.803737
TRANSACTION 1587092340.712987 76e107ca96d301fe84ae5f61c412da6a 4 15 1792 109442.066408
TRANSACTION 1587092340.740485 c1cbed4e3ba44e81ec151a0ba8e939b5 1 7 350 109442.091948
TRANSACTION 1587092341.077196 88ec1deda1f0078fa622aa54f2937813 5 7 10 109442.428039
TRANSACTION 1587092342.114710 dba74bbfa615ea77e2bad0bd2bed2563 0 13 197 109443.466882
TRANSACTION 1587092343.296312 b2b0a6bdcaa68584bd63968ddcd904e8 5 11 2 109444.646633
TRANSACTION 1587092343.723210 86a18f32d7057318071d463d61e558f8 8 7 561 109445.074801
TRANSACTION 1587092344.365205 1dc1dde62f09dffec48e5f8babc4698d 9 8 711 109445.716750
TRANSACTION 1587092345.259556 c2db34b813ca34e141733955026798b4 14 6 775 109446.608865
TRANSACTION 1587092345.981714 d72575ec1ce61a89b21428aee5d1af83 9 5 176 109447.335890
TRANSACTION 1587092346.641831 18a02b43fb2c16f717811ea4d83301e5 10 7 1791 109447.995727
TRANSACTION 1587092348.474092 993da742f578970586ea1eda6eefaada 5 9 59 109449.825906
TRANSACTION 1587092348.808987 709f37b2d74ea19992a8c9608b5e1d4b 12 14 1 109450.159976
TRANSACTION 1587092349.365963 072c089bfcada54e9816f7fa79ec5941 0 6 946 109450.715973
TRANSACTION 1587092350.277685 bb003426e0749f9249f8c3b8ec916a21 0 11 669 109451.631390
TRANSACTION 1587092350.533477 3e31bd3d107bb8bc910c219661c627a5 8 11 1393 109451.883239
TRANSACTION 1587092352.202593 2c6c4b0de7c6050a9301c96d8247a167 5 2 110 109453.554146
TRANSACTION 1587092353.041884 d07d25672cc4f128e73f81241d7f50e5 14 16 20 109454.392182
TRANSACTION 1587092354.326596 16ea102dc5227e8e07ebaebaa2e919ab 6 9 895 109455.676287
TRANSACTION 1587092355.721435 70328f233589d67c8acd6ed6a96ccc82 11 7 735 109457.072137
TRANSACTION 1587092355.996136 29e19f75bb47ede98dd9e24217a6660b 14 11 2 109457.346944
TRANSACTION 1587092359.031556 92a21d6683e914c32e1fc0e2759dcdfd 7 13 3915 109460.382192
TRANSACTION 1587092359.426403 7bc81d43ea962602e420400b372113de 7 3 951 109460.777469
TRANSACTION 1587092360.572961 0ec323e0ddd4c05da05ea05af89e777d 3 10 347 109461.922672
TRANSACTION 1587092361.539393 c3f35af160d999ac1a3a39f20daf8d6b 7 1 6 109462.892299
TRANSACTION 1587092362.661945 7c5f65b397e35cc767ed10e27da7fb48 4 11 887 109464.015909
TRANSACTION 1587092363.829220 7eabbdedd7ef091b33125279ca2063ee 14 10 1 109465.183080
TRANSACTION 1587092363.942788 c033c1ed34e4d443eab11821fd5ab657 2 8 134 109465.294039
TRANSACTION 1587092365.548816 57569cabb25c2ca0959c392b2715430a 9 3 738 109466.902184
TRANSACTION 1587092365.738477 40f3f98d1457a5e3dc7708ed6af8d3e6 16 10 14 109467.089657
TRANSACTION 1587092366.199383 b2255a3aa676e887902dd504d380fb65 11 12 393 109467.551293
